1052398440 -2189370.61724856 -912335.175700233 2014777.2072021 903.582587155071 792.498030423465 1323.35828696462
1052398440 -1616057.00998142 -423612.162576181 2620147.25264688 1257.61686743445 891.222338346437 910.318060538979
1052398440 -2569468.23899606 -1431089.16693014 1000818.59814468 355.671060509407 554.881469679213 1665.93549639498
1052398440 -2275717.89054977 -1032903.56249199 1837507.39950887 802.178372347588 765.395185942236 1410.04151157804
1052398440 -1614711.39483416 -422659.337570664 2621117.36514593 1258.18588302949 891.371534355772 909.395747536939
1052398440 -12821538271.6649 4866385646.38048 2002166643.18747 -4110.97849681299 -5053.89763903533 1463.81790998627
1052398440 -2569206.8607173 -1430695.493505 1002009.85003318 356.276254641124 555.222117559824 1665.69967559057
1052398440 -1611586.87546825 -419989.490159988 2625819.48178118 1258.94043986893 891.216256530623 906.26302773451
1052398440 -6748841084.54891 11741094632.8839 340263250.029151 -4900.46298267249 9885.10886576352 1149.14097434946
1052398440 -2569468.37020659 -1431089.36486816 1000817.98440709 355.670756047172 554.881301154774 1665.93561528778
1052398440 864425239.05037 621074328.633362 38366251.4189305 -5996.97355391553 9416.5576555172 1900.64878260607
