988189456.8678	-3.427267074584961e-07	1.1641532182693481e-07	-3.8743019104003906e-07	-4.547473508864641e-13	2.7284841053187847e-12	-1.3642420526593924e-12
988189506.8678	-3.427267074584961e-07	1.2014061212539673e-07	-4.023313522338867e-07	-9.094947017729282e-13	2.9558577807620168e-12	-9.094947017729282e-13
988189556.8678	-3.3155083656311035e-07	1.1641532182693481e-07	-3.948807716369629e-07	-9.094947017729282e-13	2.9558577807620168e-12	-9.094947017729282e-13
988189606.8678	-3.2782554626464844e-07	1.126900315284729e-07	-3.8743019104003906e-07	-9.094947017729282e-13	2.9558577807620168e-12	-4.547473508864641e-13
988189656.8678	-3.5762786865234375e-07	1.257285475730896e-07	-4.246830940246582e-07	-4.547473508864641e-13	2.7284841053187847e-12	4.547473508864641e-13
988189706.8678	-3.5390257835388184e-07	1.2293457984924316e-07	-4.172325134277344e-07	-9.094947017729282e-13	2.5011104298755527e-12	4.547473508864641e-13
988189756.8678	-3.501772880554199e-07	1.2014061212539673e-07	-4.1350722312927246e-07	-1.3642420526593924e-12	2.2737367544323206e-12	0.0
988189806.8678	-3.3527612686157227e-07	1.1175870895385742e-07	-3.948807716369629e-07	-1.3642420526593924e-12	2.2737367544323206e-12	4.547473508864641e-13
988189856.8678	-3.5762786865234375e-07	1.1920928955078125e-07	-4.246830940246582e-07	-2.2737367544323206e-12	2.5011104298755527e-12	-4.547473508864641e-13
988189906.8678	-3.5390257835388184e-07	1.1920928955078125e-07	-4.209578037261963e-07	-1.3642420526593924e-12	2.2737367544323206e-12	9.094947017729282e-13
988189956.8678	-3.501772880554199e-07	1.1641532182693481e-07	-4.172325134277344e-07	-4.547473508864641e-13	1.8189894035458565e-12	1.3642420526593924e-12
988190006.8678	-3.390014171600342e-07	1.126900315284729e-07	-4.0978193283081055e-07	-9.094947017729282e-13	2.2737367544323206e-12	9.094947017729282e-13
988190056.8678	-3.501772880554199e-07	1.1734664440155029e-07	-4.172325134277344e-07	-9.094947017729282e-13	2.0463630789890885e-12	1.3642420526593924e-12
988190106.8678	-3.427267074584961e-07	1.1641532182693481e-07	-4.1350722312927246e-07	-9.094947017729282e-13	2.2737367544323206e-12	9.094947017729282e-13
988190156.8678	-3.427267074584961e-07	1.1920928955078125e-07	-4.1350722312927246e-07	-1.3642420526593924e-12	2.5011104298755527e-12	9.094947017729282e-13
988190206.8678	-3.5762786865234375e-07	1.2386590242385864e-07	-4.246830940246582e-07	-9.094947017729282e-13	2.2737367544323206e-12	1.3642420526593924e-12
988190256.8678	-3.501772880554199e-07	1.2200325727462769e-07	-4.209578037261963e-07	-1.8189894035458565e-12	2.0463630789890885e-12	1.3642420526593924e-12
988190306.8678	-3.2782554626464844e-07	1.1408701539039612e-07	-3.986060619354248e-07	-1.8189894035458565e-12	1.8189894035458565e-12	4.547473508864641e-13
988190356.8678	-3.3155083656311035e-07	1.1548399925231934e-07	-4.023313522338867e-07	-1.3642420526593924e-12	1.5916157281026244e-12	9.094947017729282e-13
988190406.8678	-3.2782554626464844e-07	1.1408701539039612e-07	-4.023313522338867e-07	-2.2737367544323206e-12	1.5916157281026244e-12	0.0
988190456.8678	-3.3527612686157227e-07	1.1548399925231934e-07	-4.079192876815796e-07	-1.8189894035458565e-12	1.3642420526593924e-12	0.0
988190506.8678	-3.3527612686157227e-07	1.1594966053962708e-07	-4.0978193283081055e-07	-2.2737367544323206e-12	1.3642420526593924e-12	-4.547473508864641e-13
988190556.8678	-3.2782554626464844e-07	1.1222437024116516e-07	-4.0046870708465576e-07	-2.2737367544323206e-12	1.3642420526593924e-12	0.0
988190606.8678	-3.241002559661865e-07	1.0989606380462646e-07	-3.9301812648773193e-07	-2.2737367544323206e-12	1.3642420526593924e-12	0.0
988190656.8678	-3.427267074584961e-07	1.1781230568885803e-07	-4.153698682785034e-07	-3.183231456205249e-12	1.3642420526593924e-12	0.0
988190706.8678	-3.2782554626464844e-07	1.1175870895385742e-07	-3.9301812648773193e-07	-2.7284841053187847e-12	1.8189894035458565e-12	0.0
988190756.8678	-3.371387720108032e-07	1.1455267667770386e-07	-4.0046870708465576e-07	-3.183231456205249e-12	2.0463630789890885e-12	4.547473508864641e-13
988190806.8678	-3.4458935260772705e-07	1.1734664440155029e-07	-4.0978193283081055e-07	-2.7284841053187847e-12	2.0463630789890885e-12	4.547473508864641e-13
988190856.8678	-3.4458935260772705e-07	1.1594966053962708e-07	-4.041939973831177e-07	-3.183231456205249e-12	2.5011104298755527e-12	4.547473508864641e-13
988190906.8678	-3.5390257835388184e-07	1.1920928955078125e-07	-4.153698682785034e-07	-2.7284841053187847e-12	2.2737367544323206e-12	9.094947017729282e-13
988190956.8678	-3.390014171600342e-07	1.1315569281578064e-07	-3.9674341678619385e-07	-3.183231456205249e-12	2.7284841053187847e-12	0.0
988191006.8678	-3.594905138015747e-07	1.2014061212539673e-07	-4.172325134277344e-07	-3.637978807091713e-12	2.9558577807620168e-12	-9.094947017729282e-13
988191056.8678	-3.557652235031128e-07	1.1781230568885803e-07	-4.1350722312927246e-07	-4.092726157978177e-12	2.7284841053187847e-12	-4.547473508864641e-13
988191106.8678	-3.4458935260772705e-07	1.150183379650116e-07	-4.023313522338867e-07	-5.002220859751105e-12	2.5011104298755527e-12	-4.547473508864641e-13
988191156.8678	-3.5762786865234375e-07	1.2060627341270447e-07	-4.1909515857696533e-07	-5.002220859751105e-12	2.5011104298755527e-12	-1.8189894035458565e-12
988191206.8678	-3.520399332046509e-07	1.1827796697616577e-07	-4.116445779800415e-07	-4.547473508864641e-12	2.7284841053187847e-12	-1.3642420526593924e-12
988191256.8678	-3.46451997756958e-07	1.150183379650116e-07	-4.023313522338867e-07	-3.637978807091713e-12	2.5011104298755527e-12	0.0
988191306.8678	-3.5390257835388184e-07	1.1874362826347351e-07	-4.116445779800415e-07	-4.092726157978177e-12	2.7284841053187847e-12	-9.094947017729282e-13
988191356.8678	-3.4831464290618896e-07	1.1594966053962708e-07	-4.023313522338867e-07	-4.092726157978177e-12	2.5011104298755527e-12	0.0
988191406.8678	-3.4086406230926514e-07	1.1455267667770386e-07	-3.9674341678619385e-07	-5.002220859751105e-12	2.7284841053187847e-12	0.0
988191456.8678	-3.46451997756958e-07	1.1688098311424255e-07	-4.041939973831177e-07	-5.002220859751105e-12	2.2737367544323206e-12	4.547473508864641e-13
988191506.8678	-3.520399332046509e-07	1.1827796697616577e-07	-4.116445779800415e-07	-5.002220859751105e-12	2.2737367544323206e-12	-4.547473508864641e-13
988191556.8678	-3.557652235031128e-07	1.19674950838089e-07	-4.172325134277344e-07	-4.092726157978177e-12	1.8189894035458565e-12	4.547473508864641e-13
988191606.8678	-3.557652235031128e-07	1.19674950838089e-07	-4.153698682785034e-07	-3.637978807091713e-12	2.2737367544323206e-12	4.547473508864641e-13
988191656.8678	-3.427267074584961e-07	1.1594966053962708e-07	-4.041939973831177e-07	-3.637978807091713e-12	2.0463630789890885e-12	9.094947017729282e-13
988191706.8678	-3.46451997756958e-07	1.1688098311424255e-07	-4.079192876815796e-07	-3.637978807091713e-12	2.0463630789890885e-12	0.0
988191756.8678	-3.427267074584961e-07	1.1594966053962708e-07	-4.041939973831177e-07	-2.7284841053187847e-12	1.5916157281026244e-12	4.547473508864641e-13
988191806.8678	-3.4458935260772705e-07	1.1734664440155029e-07	-4.041939973831177e-07	-2.7284841053187847e-12	1.5916157281026244e-12	4.547473508864641e-13
988191856.8678	-3.520399332046509e-07	1.2060627341270447e-07	-4.1350722312927246e-07	-4.092726157978177e-12	1.5916157281026244e-12	4.547473508864641e-13
988191906.8678	-3.390014171600342e-07	1.1688098311424255e-07	-4.041939973831177e-07	-3.637978807091713e-12	1.5916157281026244e-12	9.094947017729282e-13
988191956.8678	-3.4086406230926514e-07	1.1734664440155029e-07	-4.0605664253234863e-07	-3.183231456205249e-12	1.3642420526593924e-12	1.3642420526593924e-12
988192006.8678	-3.334134817123413e-07	1.157168298959732e-07	-4.0046870708465576e-07	-3.637978807091713e-12	1.3642420526593924e-12	9.094947017729282e-13
988192056.8678	-3.427267074584961e-07	1.1920928955078125e-07	-4.116445779800415e-07	-4.092726157978177e-12	1.1368683772161603e-12	9.094947017729282e-13
988192106.8678	-3.427267074584961e-07	1.180451363325119e-07	-4.116445779800415e-07	-3.637978807091713e-12	1.3642420526593924e-12	9.094947017729282e-13
988192156.8678	-3.46451997756958e-07	1.2014061212539673e-07	-4.153698682785034e-07	-3.637978807091713e-12	1.1368683772161603e-12	1.3642420526593924e-12
988192206.8678	-3.4458935260772705e-07	1.1827796697616577e-07	-4.116445779800415e-07	-4.092726157978177e-12	1.3642420526593924e-12	4.547473508864641e-13
988192256.8678	-3.4086406230926514e-07	1.1734664440155029e-07	-4.116445779800415e-07	-4.092726157978177e-12	1.3642420526593924e-12	1.3642420526593924e-12
988192306.8678	-3.371387720108032e-07	1.1664815247058868e-07	-4.079192876815796e-07	-4.092726157978177e-12	9.094947017729282e-13	1.8189894035458565e-12
988192356.8678	-3.4458935260772705e-07	1.1897645890712738e-07	-4.1350722312927246e-07	-5.002220859751105e-12	6.821210263296962e-13	1.3642420526593924e-12
988192406.8678	-3.390014171600342e-07	1.1641532182693481e-07	-4.0605664253234863e-07	-5.4569682106375694e-12	6.821210263296962e-13	2.2737367544323206e-12
988192456.8678	-3.46451997756958e-07	1.1920928955078125e-07	-4.116445779800415e-07	-4.547473508864641e-12	1.1368683772161603e-12	2.7284841053187847e-12
988192506.8678	-3.4831464290618896e-07	1.1990778148174286e-07	-4.172325134277344e-07	-5.002220859751105e-12	1.1368683772161603e-12	3.183231456205249e-12
988192556.8678	-3.46451997756958e-07	1.1874362826347351e-07	-4.116445779800415e-07	-5.9117155615240335e-12	1.3642420526593924e-12	2.2737367544323206e-12
988192606.8678	-3.501772880554199e-07	1.210719347000122e-07	-4.1909515857696533e-07	-5.9117155615240335e-12	9.094947017729282e-13	2.2737367544323206e-12
988192656.8678	-3.427267074584961e-07	1.1920928955078125e-07	-4.1350722312927246e-07	-6.366462912410498e-12	9.094947017729282e-13	2.7284841053187847e-12
988192706.8678	-3.46451997756958e-07	1.1874362826347351e-07	-4.116445779800415e-07	-7.275957614183426e-12	9.094947017729282e-13	2.7284841053187847e-12
988192756.8678	-3.46451997756958e-07	1.1851079761981964e-07	-4.0978193283081055e-07	-6.366462912410498e-12	6.821210263296962e-13	2.2737367544323206e-12
988192806.8678	-3.4831464290618896e-07	1.1897645890712738e-07	-4.116445779800415e-07	-6.821210263296962e-12	6.821210263296962e-13	2.7284841053187847e-12
988192856.8678	-3.501772880554199e-07	1.1909287422895432e-07	-4.1350722312927246e-07	-6.821210263296962e-12	4.547473508864641e-13	2.7284841053187847e-12
988192906.8678	-3.46451997756958e-07	1.1816155165433884e-07	-4.0978193283081055e-07	-6.366462912410498e-12	4.547473508864641e-13	3.183231456205249e-12
988192956.8678	-3.4831464290618896e-07	1.1897645890712738e-07	-4.12575900554657e-07	-6.821210263296962e-12	4.547473508864641e-13	2.7284841053187847e-12
988193006.8678	-3.501772880554199e-07	1.200241968035698e-07	-4.153698682785034e-07	-7.73070496506989e-12	2.2737367544323206e-13	2.7284841053187847e-12
988193056.8678	-3.501772880554199e-07	1.1920928955078125e-07	-4.1443854570388794e-07	-6.821210263296962e-12	2.2737367544323206e-13	3.637978807091713e-12
988193106.8678	-3.4831464290618896e-07	1.1944212019443512e-07	-4.153698682785034e-07	-6.366462912410498e-12	2.2737367544323206e-13	3.183231456205249e-12
988193156.8678	-3.46451997756958e-07	1.1897645890712738e-07	-4.1443854570388794e-07	-7.275957614183426e-12	2.2737367544323206e-13	1.8189894035458565e-12
988193206.8678	-3.4831464290618896e-07	1.1886004358530045e-07	-4.12575900554657e-07	-7.73070496506989e-12	2.2737367544323206e-13	2.2737367544323206e-12
988193256.8678	-3.520399332046509e-07	1.1973315849900246e-07	-4.172325134277344e-07	-8.185452315956354e-12	0.0	1.8189894035458565e-12
988193306.8678	-3.4831464290618896e-07	1.1874362826347351e-07	-4.116445779800415e-07	-8.640199666842818e-12	0.0	1.8189894035458565e-12
988193356.8678	-3.5297125577926636e-07	1.203734427690506e-07	-4.163011908531189e-07	-9.094947017729282e-12	0.0	1.8189894035458565e-12
988193406.8678	-3.4831464290618896e-07	1.1851079761981964e-07	-4.10713255405426e-07	-9.549694368615746e-12	0.0	1.3642420526593924e-12
988193456.8678	-3.4831464290618896e-07	1.1886004358530045e-07	-4.0978193283081055e-07	-1.000444171950221e-11	-4.547473508864641e-13	9.094947017729282e-13
988193506.8678	-3.501772880554199e-07	1.1938391253352165e-07	-4.116445779800415e-07	-1.1368683772161603e-11	0.0	4.547473508864641e-13
988193556.8678	-3.520399332046509e-07	1.1941301636397839e-07	-4.1350722312927246e-07	-1.1368683772161603e-11	0.0	9.094947017729282e-13
988193606.8678	-3.511086106300354e-07	1.1853990145027637e-07	-4.116445779800415e-07	-1.1823431123048067e-11	0.0	0.0
988193656.8678	-3.520399332046509e-07	1.1876545613631606e-07	-4.116445779800415e-07	-1.2732925824820995e-11	-2.2737367544323206e-13	0.0
988193706.8678	-3.5390257835388184e-07	1.1894735507667065e-07	-4.12575900554657e-07	-1.2732925824820995e-11	-4.547473508864641e-13	4.547473508864641e-13
988193756.8678	-3.520399332046509e-07	1.1849624570459127e-07	-4.116445779800415e-07	-1.318767317570746e-11	-4.547473508864641e-13	-4.547473508864641e-13
988193806.8678	-3.5669654607772827e-07	1.1952943168580532e-07	-4.153698682785034e-07	-1.3642420526593924e-11	-9.094947017729282e-13	0.0
988193856.8678	-3.5762786865234375e-07	1.1888914741575718e-07	-4.153698682785034e-07	-1.4551915228366852e-11	-9.094947017729282e-13	-9.094947017729282e-13
988193906.8678	-3.557652235031128e-07	1.183070708066225e-07	-4.12575900554657e-07	-1.4551915228366852e-11	-9.094947017729282e-13	-4.547473508864641e-13
988193956.8678	-3.594905138015747e-07	1.1880183592438698e-07	-4.153698682785034e-07	-1.5916157281026244e-11	-1.1368683772161603e-12	-9.094947017729282e-13
988194006.8678	-3.5762786865234375e-07	1.1816155165433884e-07	-4.12575900554657e-07	-1.7280399333685637e-11	-1.5916157281026244e-12	-1.3642420526593924e-12
988194056.8678	-3.5855919122695923e-07	1.1816155165433884e-07	-4.139728844165802e-07	-1.864464138634503e-11	-1.8189894035458565e-12	-2.2737367544323206e-12
988194106.8678	-3.6135315895080566e-07	1.1903466656804085e-07	-4.1676685214042664e-07	-1.9099388737231493e-11	-2.2737367544323206e-12	-1.8189894035458565e-12
988194156.8678	-3.632158041000366e-07	1.1886004358530045e-07	-4.163011908531189e-07	-2.091837814077735e-11	-2.5011104298755527e-12	-3.183231456205249e-12
988194206.8678	-3.641471266746521e-07	1.1862721294164658e-07	-4.153698682785034e-07	-2.2282620193436742e-11	-2.7284841053187847e-12	-3.637978807091713e-12
988194256.8678	-3.641471266746521e-07	1.1781230568885803e-07	-4.139728844165802e-07	-2.4556356947869062e-11	-2.9558577807620168e-12	-5.002220859751105e-12
988194306.8678	-3.650784492492676e-07	1.1746305972337723e-07	-4.1350722312927246e-07	-2.6830093702301383e-11	-3.410605131648481e-12	-5.4569682106375694e-12
988194356.8678	-3.7159770727157593e-07	1.183943822979927e-07	-4.176981747150421e-07	-2.864908310584724e-11	-3.865352482534945e-12	-5.9117155615240335e-12
988194406.8678	-3.7159770727157593e-07	1.176958903670311e-07	-4.1676685214042664e-07	-2.955857780762017e-11	-4.774847184307873e-12	-5.9117155615240335e-12
988194456.8678	-3.725290298461914e-07	1.1781230568885803e-07	-4.172325134277344e-07	-3.3651303965598345e-11	-5.6843418860808015e-12	-6.366462912410498e-12
988194506.8678	-3.7439167499542236e-07	1.1688098311424255e-07	-4.1676685214042664e-07	-3.6834535421803594e-11	-7.048583938740194e-12	-5.9117155615240335e-12
988194556.8678	-3.762543201446533e-07	1.1688098311424255e-07	-4.17931005358696e-07	-4.001776687800884e-11	-8.640199666842818e-12	-7.275957614183426e-12
988194606.8678	-3.7904828786849976e-07	1.1711381375789642e-07	-4.1909515857696533e-07	-4.320099833421409e-11	-1.0686562745831907e-11	-7.73070496506989e-12
988194656.8678	-3.809109330177307e-07	1.1618249118328094e-07	-4.193279892206192e-07	-4.6838977141305804e-11	-1.2960299500264227e-11	-7.73070496506989e-12
988194706.8678	-3.832392394542694e-07	1.157168298959732e-07	-4.1979365050792694e-07	-5.184119800105691e-11	-1.6370904631912708e-11	-6.821210263296962e-12
988194756.8678	-3.841705620288849e-07	1.150183379650116e-07	-4.183966666460037e-07	-5.6843418860808015e-11	-2.0463630789890885e-11	-6.366462912410498e-12
988194806.8678	-3.8603320717811584e-07	1.1455267667770386e-07	-4.1816383600234985e-07	-6.320988177321851e-11	-2.5693225325085223e-11	-4.092726157978177e-12
988194856.8678	-3.916211426258087e-07	1.1478550732135773e-07	-4.2119063436985016e-07	-7.09405867382884e-11	-3.296918293926865e-11	-2.7284841053187847e-12
988194906.8678	-3.939494490623474e-07	1.1338852345943451e-07	-4.216562956571579e-07	-8.094502845779061e-11	-4.160938260611147e-11	0.0
988194956.8678	-3.9674341678619385e-07	1.1082738637924194e-07	-4.199100658297539e-07	-9.322320693172514e-11	-5.093170329928398e-11	2.7284841053187847e-12
988195006.8678	-3.9907172322273254e-07	1.073349267244339e-07	-4.175235517323017e-07	-1.0959411156363785e-10	-6.298250809777528e-11	4.092726157978177e-12
988195056.8678	-4.009343683719635e-07	1.0104849934577942e-07	-4.1140447137877345e-07	-1.3460521586239338e-10	-8.003553375601768e-11	5.002220859751105e-12
988195106.8678	-4.0140002965927124e-07	9.313225746154785e-08	-4.0244776755571365e-07	-1.6825651982799172e-10	-1.0390976967755705e-10	7.275957614183426e-12
988195156.8678	-4.0209852159023285e-07	8.638016879558563e-08	-3.9476435631513596e-07	-2.0054358174093068e-10	-1.325588527834043e-10	1.6825651982799172e-11
988195206.8678	-4.01865690946579e-07	7.916241884231567e-08	-3.859167918562889e-07	-2.2146195988170803e-10	-1.5802470443304628e-10	3.092281986027956e-11
988195256.8678	-4.093162715435028e-07	7.171183824539185e-08	-3.8230791687965393e-07	-2.2600943339057267e-10	-1.6632384358672425e-10	3.774403012357652e-11
988195306.8678	-4.307366907596588e-07	5.8673322200775146e-08	-3.8230791687965393e-07	-2.2873791749589145e-10	-1.5518253349000588e-10	2.2737367544323206e-11
988195356.8678	-4.6263448894023895e-07	3.725290298461914e-08	-3.8067810237407684e-07	-2.5011104298755527e-10	-1.3812950783176348e-10	-1.2278178473934531e-11
988195406.8678	-4.980247467756271e-07	1.257285475730896e-08	-3.778841346502304e-07	-2.901288098655641e-10	-1.326725396211259e-10	-4.6838977141305804e-11
988195456.8678	-5.222391337156296e-07	-1.0011717677116394e-08	-3.6973506212234497e-07	-3.2650859793648124e-10	-1.4199486031429842e-10	-6.230038707144558e-11
988195506.8678	-5.390029400587082e-07	-2.421438694000244e-08	-3.655441105365753e-07	-3.4151526051573455e-10	-1.496118784416467e-10	-6.366462912410498e-11
988195556.8678	-5.51925040781498e-07	-3.073364496231079e-08	-3.664754331111908e-07	-3.3378455555066466e-10	-1.4779288903810084e-10	-6.093614501878619e-11
988195606.8678	-5.634501576423645e-07	-3.3527612686157227e-08	-3.7159770727157593e-07	-3.192326403222978e-10	-1.3415046851150692e-10	-6.320988177321851e-11
988195656.8678	-5.805923137813807e-07	-3.4458935260772705e-08	-3.8230791687965393e-07	-3.019522409886122e-10	-1.1732481652870774e-10	-7.003109203651547e-11
988195706.8678	-5.941692506894469e-07	-3.67872416973114e-08	-3.888271749019623e-07	-2.892193151637912e-10	-1.0084022505907342e-10	-8.003553375601768e-11
988195756.8678	-6.085901986807585e-07	-4.0512531995773315e-08	-3.948807716369629e-07	-2.801243681460619e-10	-8.71978045324795e-11	-8.86757334228605e-11
988195806.8678	-6.23287633061409e-07	-4.330649971961975e-08	-4.0140002965927124e-07	-2.751221472863108e-10	-7.707967597525567e-11	-9.640643838793039e-11
988195856.8678	-6.362097337841988e-07	-4.7031790018081665e-08	-4.0605664253234863e-07	-2.701199264265597e-10	-6.94626578479074e-11	-1.0186340659856796e-10
988195906.8678	-6.523914635181427e-07	-4.98257577419281e-08	-4.130415618419647e-07	-2.6784618967212737e-10	-6.355094228638336e-11	-1.0686562745831907e-10
988195956.8678	-6.657792255282402e-07	-5.3085386753082275e-08	-4.1816383600234985e-07	-2.646629582159221e-10	-5.866240826435387e-11	-1.1050360626541078e-10
988196006.8678	-6.770715117454529e-07	-5.634501576423645e-08	-4.23286110162735e-07	-2.637534635141492e-10	-5.411493475548923e-11	-1.1368683772161603e-10
988196056.8678	-6.898771971464157e-07	-5.9138983488082886e-08	-4.284083843231201e-07	-2.6284396881237626e-10	-5.0590642786119133e-11	-1.1641532182693481e-10
988196106.8678	-7.015187293291092e-07	-6.239861249923706e-08	-4.330649971961975e-07	-2.6193447411060333e-10	-4.75210981676355e-11	-1.191438059322536e-10
988196156.8678	-7.159542292356491e-07	-6.426125764846802e-08	-4.4051557779312134e-07	-2.6193447411060333e-10	-4.4565240386873484e-11	-1.2187229003757238e-10
988196206.8678	-7.315538823604584e-07	-6.658956408500671e-08	-4.4796615839004517e-07	-2.6147972675971687e-10	-4.229150363244116e-11	-1.2323653209023178e-10
988196256.8678	-7.427297532558441e-07	-6.752088665962219e-08	-4.5355409383773804e-07	-2.6193447411060333e-10	-4.001776687800884e-11	-1.2641976354643703e-10
988196306.8678	-7.562339305877686e-07	-6.984919309616089e-08	-4.6100467443466187e-07	-2.6193447411060333e-10	-3.83124643121846e-11	-1.2823875294998288e-10
988196356.8678	-7.674098014831543e-07	-7.171183824539185e-08	-4.6659260988235474e-07	-2.623892214614898e-10	-3.637978807091713e-11	-1.3005774235352874e-10
988196406.8678	-7.813796401023865e-07	-7.310882210731506e-08	-4.7404319047927856e-07	-2.6147972675971687e-10	-3.512923285597935e-11	-1.3142198440618813e-10
988196456.8678	-7.962808012962341e-07	-7.497146725654602e-08	-4.814937710762024e-07	-2.6193447411060333e-10	-3.359446054673754e-11	-1.3369572116062045e-10
988196506.8678	-8.079223334789276e-07	-7.59027898311615e-08	-4.870817065238953e-07	-2.6193447411060333e-10	-3.228706191293895e-11	-1.355147105641663e-10
988196556.8678	-8.209608495235443e-07	-7.869675755500793e-08	-4.936009645462036e-07	-2.623892214614898e-10	-3.126388037344441e-11	-1.3642420526593924e-10
988196606.8678	-8.349306881427765e-07	-7.916241884231567e-08	-5.010515451431274e-07	-2.6284396881237626e-10	-3.0183855415089056e-11	-1.3778844731859863e-10
988196656.8678	-8.451752364635468e-07	-8.149072527885437e-08	-5.047768354415894e-07	-2.623892214614898e-10	-2.921751729445532e-11	-1.3778844731859863e-10
988196706.8678	-8.619390428066254e-07	-8.335337042808533e-08	-5.150213837623596e-07	-2.6284396881237626e-10	-2.830802259268239e-11	-1.3960743672214448e-10
988196756.8678	-8.740462362766266e-07	-8.475035429000854e-08	-5.19677996635437e-07	-2.632987161632627e-10	-2.7569058147491887e-11	-1.418811734765768e-10
988196806.8678	-8.856877684593201e-07	-8.568167686462402e-08	-5.261972546577454e-07	-2.6284396881237626e-10	-2.6716406864579767e-11	-1.4279066817834973e-10
988196856.8678	-8.977949619293213e-07	-8.754432201385498e-08	-5.327165126800537e-07	-2.632987161632627e-10	-2.603428583825007e-11	-1.4370016288012266e-10
988196906.8678	-9.10833477973938e-07	-8.940696716308594e-08	-5.401670932769775e-07	-2.632987161632627e-10	-2.5352164811920375e-11	-1.446096575818956e-10
988196956.8678	-9.257346391677856e-07	-9.033828973770142e-08	-5.476176738739014e-07	-2.637534635141492e-10	-2.4840574042173102e-11	-1.4551915228366852e-10
988197006.8678	-9.452924132347107e-07	-9.033828973770142e-08	-5.597248673439026e-07	-2.6420821086503565e-10	-2.4385826691286638e-11	-1.4642864698544145e-10
988197056.8678	-9.527429938316345e-07	-9.266659617424011e-08	-5.62518835067749e-07	-2.6420821086503565e-10	-2.3817392502678558e-11	-1.468833943363279e-10
988197106.8678	-9.611248970031738e-07	-9.406358003616333e-08	-5.662441253662109e-07	-2.646629582159221e-10	-2.3248958314070478e-11	-1.4733814168721437e-10
988197156.8678	-9.76957380771637e-07	-9.499490261077881e-08	-5.764886736869812e-07	-2.646629582159221e-10	-2.3021584638627246e-11	-1.482476363889873e-10
988197206.8678	-9.862706065177917e-07	-9.685754776000977e-08	-5.811452865600586e-07	-2.6557245291769505e-10	-2.262368070660159e-11	-1.4915713109076023e-10
988197256.8678	-1.0039657354354858e-06	-9.872019290924072e-08	-5.923211574554443e-07	-2.6557245291769505e-10	-2.2282620193436742e-11	-1.4915713109076023e-10
988197306.8678	-1.019798219203949e-06	-1.0011717677116394e-07	-5.997717380523682e-07	-2.6648194761946797e-10	-2.1827872842550278e-11	-1.496118784416467e-10
988197356.8678	-1.0337680578231812e-06	-1.0058283805847168e-07	-6.100162863731384e-07	-2.6648194761946797e-10	-2.1543655748246238e-11	-1.496118784416467e-10
988197406.8678	-1.044943928718567e-06	-1.0244548320770264e-07	-6.146728992462158e-07	-2.660272002685815e-10	-2.120259523508139e-11	-1.5006662579253316e-10
988197456.8678	-1.058913767337799e-06	-1.0291114449501038e-07	-6.239861249923706e-07	-2.660272002685815e-10	-2.0975221559638157e-11	-1.5006662579253316e-10
988197506.8678	-1.0719522833824158e-06	-1.0523945093154907e-07	-6.314367055892944e-07	-2.6648194761946797e-10	-2.05773176276125e-11	-1.509761204943061e-10
988197556.8678	-1.085922122001648e-06	-1.0570511221885681e-07	-6.388872861862183e-07	-2.673914423212409e-10	-2.0406787371030077e-11	-1.5188561519607902e-10
988197606.8678	-1.0998919606208801e-06	-1.0663643479347229e-07	-6.444752216339111e-07	-2.6693669497035444e-10	-2.0179413695586845e-11	-1.5188561519607902e-10
988197656.8678	-1.1110678315162659e-06	-1.0710209608078003e-07	-6.537884473800659e-07	-2.673914423212409e-10	-1.9895196601282805e-11	-1.5279510989785194e-10
988197706.8678	-1.125037670135498e-06	-1.0896474123001099e-07	-6.649643182754517e-07	-2.6784618967212737e-10	-1.978150976356119e-11	-1.532498572487384e-10
988197756.8678	-1.1380761861801147e-06	-1.0943040251731873e-07	-6.724148988723755e-07	-2.6784618967212737e-10	-1.9610979506978765e-11	-1.5370460459962487e-10
988197806.8678	-1.1455267667770386e-06	-1.1175870895385742e-07	-6.724148988723755e-07	-2.687556843739003e-10	-1.921307557495311e-11	-1.5415935195051134e-10
988197856.8678	-1.16787850856781e-06	-1.1175870895385742e-07	-6.910413503646851e-07	-2.673914423212409e-10	-1.91562321560923e-11	-1.532498572487384e-10
988197906.8678	-1.1818483471870422e-06	-1.1222437024116516e-07	-6.984919309616089e-07	-2.687556843739003e-10	-1.887201506178826e-11	-1.546140993013978e-10
988197956.8678	-1.1865049600601196e-06	-1.1362135410308838e-07	-6.966292858123779e-07	-2.6784618967212737e-10	-1.8815171642927453e-11	-1.546140993013978e-10
988198006.8678	-1.2014061212539673e-06	-1.1455267667770386e-07	-7.096678018569946e-07	-2.6830093702301383e-10	-1.858779796748422e-11	-1.5552359400317073e-10
988198056.8678	-1.216307282447815e-06	-1.150183379650116e-07	-7.208436727523804e-07	-2.6830093702301383e-10	-1.8474111129762605e-11	-1.559783413540572e-10
988198106.8678	-1.2256205081939697e-06	-1.1641532182693481e-07	-7.264316082000732e-07	-2.6830093702301383e-10	-1.8417267710901797e-11	-1.546140993013978e-10
988198156.8678	-1.2461096048355103e-06	-1.1688098311424255e-07	-7.394701242446899e-07	-2.6784618967212737e-10	-1.8189894035458565e-11	-1.5552359400317073e-10
988198206.8678	-1.255422830581665e-06	-1.1827796697616577e-07	-7.413327693939209e-07	-2.6830093702301383e-10	-1.807620719773695e-11	-1.5552359400317073e-10
988198256.8678	-1.2814998626708984e-06	-1.1734664440155029e-07	-7.562339305877686e-07	-2.687556843739003e-10	-1.779199010343291e-11	-1.5643308870494366e-10
988198306.8678	-1.2833625078201294e-06	-1.19674950838089e-07	-7.543712854385376e-07	-2.673914423212409e-10	-1.7962520360015333e-11	-1.5506884665228426e-10
988198356.8678	-1.301988959312439e-06	-1.1920928955078125e-07	-7.674098014831543e-07	-2.673914423212409e-10	-1.7848833522293717e-11	-1.5552359400317073e-10
988198406.8678	-1.3113021850585938e-06	-1.2060627341270447e-07	-7.711350917816162e-07	-2.673914423212409e-10	-1.7848833522293717e-11	-1.559783413540572e-10
988198456.8678	-1.3373792171478271e-06	-1.2014061212539673e-07	-7.897615432739258e-07	-2.673914423212409e-10	-1.7621459846850485e-11	-1.5643308870494366e-10
988198506.8678	-1.34296715259552e-06	-1.2200325727462769e-07	-7.916241884231567e-07	-2.6693669497035444e-10	-1.745092959026806e-11	-1.5734258340671659e-10
988198556.8678	-1.3522803783416748e-06	-1.2246891856193542e-07	-7.953494787216187e-07	-2.6693669497035444e-10	-1.745092959026806e-11	-1.559783413540572e-10
988198606.8678	-1.3690441846847534e-06	-1.2293457984924316e-07	-8.009374141693115e-07	-2.6693669497035444e-10	-1.722355591482483e-11	-1.5643308870494366e-10
988198656.8678	-1.3764947652816772e-06	-1.2479722499847412e-07	-8.028000593185425e-07	-2.6648194761946797e-10	-1.7337242752546445e-11	-1.5552359400317073e-10
988198706.8678	-1.4007091522216797e-06	-1.234002411365509e-07	-8.21426510810852e-07	-2.673914423212409e-10	-1.722355591482483e-11	-1.5506884665228426e-10
988198756.8678	-1.4193356037139893e-06	-1.2386590242385864e-07	-8.344650268554688e-07	-2.673914423212409e-10	-1.716671249596402e-11	-1.5552359400317073e-10
988198806.8678	-1.4230608940124512e-06	-1.2619420886039734e-07	-8.381903171539307e-07	-2.6648194761946797e-10	-1.693933882052079e-11	-1.5506884665228426e-10
988198856.8678	-1.4360994100570679e-06	-1.2712553143501282e-07	-8.456408977508545e-07	-2.6693669497035444e-10	-1.6996182239381596e-11	-1.546140993013978e-10
988198906.8678	-1.4547258615493774e-06	-1.2712553143501282e-07	-8.568167686462402e-07	-2.6784618967212737e-10	-1.6825651982799172e-11	-1.5506884665228426e-10
988198956.8678	-1.4677643775939941e-06	-1.280568540096283e-07	-8.66129994392395e-07	-2.6830093702301383e-10	-1.6711965145077556e-11	-1.5552359400317073e-10
988199006.8678	-1.4845281839370728e-06	-1.2945383787155151e-07	-8.754432201385498e-07	-2.6830093702301383e-10	-1.6711965145077556e-11	-1.5552359400317073e-10
988199056.8678	-1.4882534742355347e-06	-1.3131648302078247e-07	-8.717179298400879e-07	-2.6830093702301383e-10	-1.688249540165998e-11	-1.5506884665228426e-10
988199106.8678	-1.5087425708770752e-06	-1.317821443080902e-07	-8.828938007354736e-07	-2.6784618967212737e-10	-1.6768808563938364e-11	-1.5506884665228426e-10
988199156.8678	-1.514330506324768e-06	-1.3364478945732117e-07	-8.847564458847046e-07	-2.6830093702301383e-10	-1.6655121726216748e-11	-1.5552359400317073e-10
988199206.8678	-1.5348196029663086e-06	-1.3364478945732117e-07	-8.996576070785522e-07	-2.6784618967212737e-10	-1.6541434888495132e-11	-1.5552359400317073e-10
988199256.8678	-1.562759280204773e-06	-1.327134668827057e-07	-9.238719940185547e-07	-2.6830093702301383e-10	-1.6484591469634324e-11	-1.5688783605583012e-10
988199306.8678	-1.560896635055542e-06	-1.3550743460655212e-07	-9.201467037200928e-07	-2.6830093702301383e-10	-1.659827830735594e-11	-1.5643308870494366e-10
988199356.8678	-1.5739351511001587e-06	-1.3690441846847534e-07	-9.238719940185547e-07	-2.6921043172478676e-10	-1.6484591469634324e-11	-1.5734258340671659e-10
988199406.8678	-1.601874828338623e-06	-1.3597309589385986e-07	-9.443610906600952e-07	-2.701199264265597e-10	-1.6484591469634324e-11	-1.5734258340671659e-10
988199456.8678	-1.6093254089355469e-06	-1.3737007975578308e-07	-9.480863809585571e-07	-2.701199264265597e-10	-1.6484591469634324e-11	-1.5779733075760305e-10
988199506.8678	-1.6130506992340088e-06	-1.3923272490501404e-07	-9.480863809585571e-07	-2.696651790756732e-10	-1.6541434888495132e-11	-1.5779733075760305e-10
988199556.8678	-1.6223639249801636e-06	-1.4062970876693726e-07	-9.5367431640625e-07	-2.7057467377744615e-10	-1.63140612130519e-11	-1.5825207810848951e-10
988199606.8678	-1.650303602218628e-06	-1.3969838619232178e-07	-9.760260581970215e-07	-2.7057467377744615e-10	-1.6200374375330284e-11	-1.5916157281026244e-10
988199656.8678	-1.6577541828155518e-06	-1.41095370054245e-07	-9.760260581970215e-07	-2.701199264265597e-10	-1.63140612130519e-11	-1.5916157281026244e-10
988199706.8678	-1.6838312149047852e-06	-1.4062970876693726e-07	-9.94652509689331e-07	-2.7057467377744615e-10	-1.6086687537608668e-11	-1.596163201611489e-10
988199756.8678	-1.6987323760986328e-06	-1.4156103134155273e-07	-1.0021030902862549e-06	-2.701199264265597e-10	-1.6086687537608668e-11	-1.596163201611489e-10
988199806.8678	-1.6801059246063232e-06	-1.4668330550193787e-07	-9.834766387939453e-07	-2.701199264265597e-10	-1.6257217794191092e-11	-1.5870682545937598e-10
988199856.8678	-1.7099082469940186e-06	-1.4621764421463013e-07	-1.000240445137024e-06	-2.714841684792191e-10	-1.602984411874786e-11	-1.6007106751203537e-10
988199906.8678	-1.7192214727401733e-06	-1.4808028936386108e-07	-1.0039657354354858e-06	-2.710294211283326e-10	-1.602984411874786e-11	-1.5916157281026244e-10
988199956.8678	-1.7266720533370972e-06	-1.4808028936386108e-07	-1.0058283805847168e-06	-2.7057467377744615e-10	-1.602984411874786e-11	-1.596163201611489e-10
988200006.8678	-1.7508864402770996e-06	-1.4901161193847656e-07	-1.0263174772262573e-06	-2.710294211283326e-10	-1.6086687537608668e-11	-1.6007106751203537e-10
988200056.8678	-1.7695128917694092e-06	-1.4808028936386108e-07	-1.041218638420105e-06	-2.710294211283326e-10	-1.6086687537608668e-11	-1.596163201611489e-10
988200106.8678	-1.7676502466201782e-06	-1.5273690223693848e-07	-1.0356307029724121e-06	-2.714841684792191e-10	-1.602984411874786e-11	-1.596163201611489e-10
988200156.8678	-1.780688762664795e-06	-1.5366822481155396e-07	-1.0468065738677979e-06	-2.710294211283326e-10	-1.6086687537608668e-11	-1.6007106751203537e-10
988200206.8678	-1.8067657947540283e-06	-1.5366822481155396e-07	-1.0691583156585693e-06	-2.714841684792191e-10	-1.602984411874786e-11	-1.596163201611489e-10
988200256.8678	-1.8067657947540283e-06	-1.564621925354004e-07	-1.0654330253601074e-06	-2.7057467377744615e-10	-1.6143530956469476e-11	-1.596163201611489e-10
988200306.8678	-1.821666955947876e-06	-1.5832483768463135e-07	-1.0654330253601074e-06	-2.714841684792191e-10	-1.5916157281026244e-11	-1.6052581486292183e-10
988200356.8678	-1.866370439529419e-06	-1.555308699607849e-07	-1.0915100574493408e-06	-2.7193891583010554e-10	-1.5973000699887052e-11	-1.6007106751203537e-10
988200406.8678	-1.8700957298278809e-06	-1.5832483768463135e-07	-1.087784767150879e-06	-2.710294211283326e-10	-1.5916157281026244e-11	-1.6007106751203537e-10
988200456.8678	-1.866370439529419e-06	-1.601874828338623e-07	-1.080334186553955e-06	-2.710294211283326e-10	-1.5859313862165436e-11	-1.6007106751203537e-10
988200506.8678	-1.8812716007232666e-06	-1.6111880540847778e-07	-1.087784767150879e-06	-2.710294211283326e-10	-1.5973000699887052e-11	-1.6007106751203537e-10
988200556.8678	-1.8887221813201904e-06	-1.6205012798309326e-07	-1.0989606380462646e-06	-2.714841684792191e-10	-1.5916157281026244e-11	-1.6052581486292183e-10
988200606.8678	-1.9334256649017334e-06	-1.5832483768463135e-07	-1.12876296043396e-06	-2.710294211283326e-10	-1.5859313862165436e-11	-1.6052581486292183e-10
988200656.8678	-1.911073923110962e-06	-1.6391277313232422e-07	-1.1064112186431885e-06	-2.7057467377744615e-10	-1.5859313862165436e-11	-1.6007106751203537e-10
988200706.8678	-1.9259750843048096e-06	-1.648440957069397e-07	-1.1175870895385742e-06	-2.714841684792191e-10	-1.574562702444382e-11	-1.6007106751203537e-10
988200756.8678	-1.959502696990967e-06	-1.6205012798309326e-07	-1.1399388313293457e-06	-2.714841684792191e-10	-1.5859313862165436e-11	-1.6007106751203537e-10
988200806.8678	-1.9855797290802e-06	-1.6111880540847778e-07	-1.1622905731201172e-06	-2.710294211283326e-10	-1.602984411874786e-11	-1.5916157281026244e-10
988200856.8678	-1.9818544387817383e-06	-1.6391277313232422e-07	-1.1548399925231934e-06	-2.710294211283326e-10	-1.5973000699887052e-11	-1.596163201611489e-10
988200906.8678	-2.0079314708709717e-06	-1.6205012798309326e-07	-1.1771917343139648e-06	-2.701199264265597e-10	-1.602984411874786e-11	-1.5916157281026244e-10
988200956.8678	-1.993030309677124e-06	-1.6763806343078613e-07	-1.1585652828216553e-06	-2.7057467377744615e-10	-1.602984411874786e-11	-1.5916157281026244e-10
988201006.8678	-2.0191073417663574e-06	-1.6577541828155518e-07	-1.1809170246124268e-06	-2.7057467377744615e-10	-1.5916157281026244e-11	-1.6007106751203537e-10
988201056.8678	-2.0638108253479004e-06	-1.6298145055770874e-07	-1.210719347000122e-06	-2.710294211283326e-10	-1.5916157281026244e-11	-1.6052581486292183e-10
988201106.8678	-2.0638108253479004e-06	-1.6577541828155518e-07	-1.1958181858062744e-06	-2.710294211283326e-10	-1.5916157281026244e-11	-1.6007106751203537e-10
988201156.8678	-2.0638108253479004e-06	-1.685693860054016e-07	-1.1920928955078125e-06	-2.714841684792191e-10	-1.5916157281026244e-11	-1.6052581486292183e-10
988201206.8678	-2.074986696243286e-06	-1.7043203115463257e-07	-1.1958181858062744e-06	-2.7193891583010554e-10	-1.5859313862165436e-11	-1.6052581486292183e-10
988201256.8678	-2.123415470123291e-06	-1.6670674085617065e-07	-1.2367963790893555e-06	-2.7284841053187847e-10	-1.5802470443304628e-11	-1.6007106751203537e-10
988201306.8678	-2.1010637283325195e-06	-1.7136335372924805e-07	-1.218169927597046e-06	-2.7330315788276494e-10	-1.5631940186722204e-11	-1.6052581486292183e-10
988201356.8678	-2.1569430828094482e-06	-1.648440957069397e-07	-1.259148120880127e-06	-2.7330315788276494e-10	-1.5916157281026244e-11	-1.609805622138083e-10
988201406.8678	-2.1420419216156006e-06	-1.695007085800171e-07	-1.2367963790893555e-06	-2.737579052336514e-10	-1.5688783605583012e-11	-1.6189005691558123e-10
988201456.8678	-2.175569534301758e-06	-1.6763806343078613e-07	-1.2628734111785889e-06	-2.7330315788276494e-10	-1.5802470443304628e-11	-1.6143530956469476e-10
988201506.8678	-2.171844244003296e-06	-1.7229467630386353e-07	-1.255422830581665e-06	-2.7330315788276494e-10	-1.5859313862165436e-11	-1.6143530956469476e-10
988201556.8678	-2.168118953704834e-06	-1.7508864402770996e-07	-1.2516975402832031e-06	-2.7330315788276494e-10	-1.5859313862165436e-11	-1.6189005691558123e-10
988201606.8678	-2.1941959857940674e-06	-1.73225998878479e-07	-1.2703239917755127e-06	-2.7330315788276494e-10	-1.5859313862165436e-11	-1.6189005691558123e-10
988201656.8678	-2.2277235984802246e-06	-1.7043203115463257e-07	-1.296401023864746e-06	-2.737579052336514e-10	-1.574562702444382e-11	-1.6189005691558123e-10
988201706.8678	-2.2426247596740723e-06	-1.7136335372924805e-07	-1.3113021850585938e-06	-2.7421265258453786e-10	-1.5688783605583012e-11	-1.6189005691558123e-10
988201756.8678	-2.2388994693756104e-06	-1.7415732145309448e-07	-1.30385160446167e-06	-2.7466739993542433e-10	-1.574562702444382e-11	-1.6189005691558123e-10
988201806.8678	-2.253800630569458e-06	-1.7601996660232544e-07	-1.3150274753570557e-06	-2.751221472863108e-10	-1.5575096767861396e-11	-1.623448042664677e-10
988201856.8678	-2.2388994693756104e-06	-1.7881393432617188e-07	-1.30385160446167e-06	-2.7466739993542433e-10	-1.5688783605583012e-11	-1.6189005691558123e-10
988201906.8678	-2.302229404449463e-06	-1.7415732145309448e-07	-1.3485550880432129e-06	-2.7466739993542433e-10	-1.5575096767861396e-11	-1.623448042664677e-10
988201956.8678	-2.261251211166382e-06	-1.816079020500183e-07	-1.30385160446167e-06	-2.7466739993542433e-10	-1.5631940186722204e-11	-1.6279955161735415e-10
988202006.8678	-2.3134052753448486e-06	-1.7695128917694092e-07	-1.344829797744751e-06	-2.7330315788276494e-10	-1.5631940186722204e-11	-1.6279955161735415e-10
988202056.8678	-2.3134052753448486e-06	-1.7881393432617188e-07	-1.341104507446289e-06	-2.7330315788276494e-10	-1.5518253349000588e-11	-1.6325429896824062e-10
988202106.8678	-2.305954694747925e-06	-1.8067657947540283e-07	-1.3299286365509033e-06	-2.737579052336514e-10	-1.5518253349000588e-11	-1.6279955161735415e-10
988202156.8678	-2.33575701713562e-06	-1.816079020500183e-07	-1.344829797744751e-06	-2.7421265258453786e-10	-1.5404566511278972e-11	-1.6325429896824062e-10
988202206.8678	-2.3953616619110107e-06	-1.7695128917694092e-07	-1.3969838619232178e-06	-2.7421265258453786e-10	-1.5404566511278972e-11	-1.6370904631912708e-10
988202256.8678	-2.4028122425079346e-06	-1.7881393432617188e-07	-1.3969838619232178e-06	-2.7421265258453786e-10	-1.5404566511278972e-11	-1.6370904631912708e-10
988202306.8678	-2.421438694000244e-06	-1.778826117515564e-07	-1.4081597328186035e-06	-2.737579052336514e-10	-1.5347723092418164e-11	-1.6370904631912708e-10
988202356.8678	-2.4177134037017822e-06	-1.816079020500183e-07	-1.3969838619232178e-06	-2.7330315788276494e-10	-1.546140993013978e-11	-1.6325429896824062e-10
988202406.8678	-2.4586915969848633e-06	-1.7974525690078735e-07	-1.4193356037139893e-06	-2.72393663180992e-10	-1.546140993013978e-11	-1.6325429896824062e-10
988202456.8678	-2.425163984298706e-06	-1.862645149230957e-07	-1.3820827007293701e-06	-2.7284841053187847e-10	-1.546140993013978e-11	-1.6370904631912708e-10
988202506.8678	-2.4475157260894775e-06	-1.8719583749771118e-07	-1.3969838619232178e-06	-2.7330315788276494e-10	-1.5518253349000588e-11	-1.6370904631912708e-10
988202556.8678	-2.507120370864868e-06	-1.8067657947540283e-07	-1.4454126358032227e-06	-2.737579052336514e-10	-1.5575096767861396e-11	-1.6416379367001355e-10
988202606.8678	-2.477318048477173e-06	-1.8533319234848022e-07	-1.4193356037139893e-06	-2.7421265258453786e-10	-1.546140993013978e-11	-1.6325429896824062e-10
988202656.8678	-2.5294721126556396e-06	-1.8067657947540283e-07	-1.4565885066986084e-06	-2.7421265258453786e-10	-1.5290879673557356e-11	-1.6370904631912708e-10
988202706.8678	-2.4959444999694824e-06	-1.8533319234848022e-07	-1.430511474609375e-06	-2.7421265258453786e-10	-1.5347723092418164e-11	-1.6279955161735415e-10
988202756.8678	-2.51084566116333e-06	-1.8533319234848022e-07	-1.4379620552062988e-06	-2.751221472863108e-10	-1.5347723092418164e-11	-1.6370904631912708e-10
988202806.8678	-2.5406479835510254e-06	-1.8440186977386475e-07	-1.4640390872955322e-06	-2.7557689463719726e-10	-1.5347723092418164e-11	-1.6370904631912708e-10
988202856.8678	-2.522021532058716e-06	-1.8905848264694214e-07	-1.4416873455047607e-06	-2.760316419880837e-10	-1.517719283583574e-11	-1.6416379367001355e-10
988202906.8678	-2.5853514671325684e-06	-1.8440186977386475e-07	-1.4975666999816895e-06	-2.7557689463719726e-10	-1.5120349416974932e-11	-1.6370904631912708e-10
988202956.8678	-2.5853514671325684e-06	-1.8719583749771118e-07	-1.4938414096832275e-06	-2.760316419880837e-10	-1.5120349416974932e-11	-1.6416379367001355e-10
988203006.8678	-2.5890767574310303e-06	-1.8905848264694214e-07	-1.5012919902801514e-06	-2.760316419880837e-10	-1.517719283583574e-11	-1.6416379367001355e-10
988203056.8678	-2.596527338027954e-06	-1.909211277961731e-07	-1.5087425708770752e-06	-2.7557689463719726e-10	-1.5290879673557356e-11	-1.6370904631912708e-10
988203106.8678	-2.637505531311035e-06	-1.8812716007232666e-07	-1.5459954738616943e-06	-2.760316419880837e-10	-1.5290879673557356e-11	-1.6416379367001355e-10
988203156.8678	-2.6263296604156494e-06	-1.909211277961731e-07	-1.5348196029663086e-06	-2.760316419880837e-10	-1.517719283583574e-11	-1.6416379367001355e-10
988203206.8678	-2.6114284992218018e-06	-1.9650906324386597e-07	-1.516193151473999e-06	-2.764863893389702e-10	-1.517719283583574e-11	-1.6370904631912708e-10
988203256.8678	-2.644956111907959e-06	-1.94646418094635e-07	-1.5385448932647705e-06	-2.764863893389702e-10	-1.5063505998114124e-11	-1.646185410209e-10
988203306.8678	-2.7157366275787354e-06	-1.8812716007232666e-07	-1.601874828338623e-06	-2.764863893389702e-10	-1.5006662579253316e-11	-1.6370904631912708e-10
988203356.8678	-2.6635825634002686e-06	-1.9650906324386597e-07	-1.55717134475708e-06	-2.760316419880837e-10	-1.5063505998114124e-11	-1.6325429896824062e-10
988203406.8678	-2.6561319828033447e-06	-1.993030309677124e-07	-1.5459954738616943e-06	-2.7557689463719726e-10	-1.5234036254696548e-11	-1.6325429896824062e-10
988203456.8678	-2.7418136596679688e-06	-1.9371509552001953e-07	-1.6167759895324707e-06	-2.7694113668985665e-10	-1.4949819160392508e-11	-1.6370904631912708e-10
988203506.8678	-2.6971101760864258e-06	-2.0116567611694336e-07	-1.5720725059509277e-06	-2.778506313916296e-10	-1.5063505998114124e-11	-1.6370904631912708e-10
988203556.8678	-2.7082860469818115e-06	-2.0302832126617432e-07	-1.5757977962493896e-06	-2.764863893389702e-10	-1.5063505998114124e-11	-1.6279955161735415e-10
988203606.8678	-2.734363079071045e-06	-2.0302832126617432e-07	-1.5944242477416992e-06	-2.778506313916296e-10	-1.5063505998114124e-11	-1.6279955161735415e-10
988203656.8678	-2.775341272354126e-06	-2.0302832126617432e-07	-1.6205012798309326e-06	-2.778506313916296e-10	-1.4949819160392508e-11	-1.6370904631912708e-10
988203706.8678	-2.771615982055664e-06	-2.0489096641540527e-07	-1.6167759895324707e-06	-2.764863893389702e-10	-1.4949819160392508e-11	-1.6279955161735415e-10
988203756.8678	-2.8498470783233643e-06	-1.993030309677124e-07	-1.6726553440093994e-06	-2.764863893389702e-10	-1.48929757415317e-11	-1.6325429896824062e-10
988203806.8678	-2.820044755935669e-06	-2.0489096641540527e-07	-1.646578311920166e-06	-2.764863893389702e-10	-1.48929757415317e-11	-1.6325429896824062e-10
988203856.8678	-2.853572368621826e-06	-2.0302832126617432e-07	-1.6726553440093994e-06	-2.764863893389702e-10	-1.4665602066088468e-11	-1.6325429896824062e-10
988203906.8678	-2.779066562652588e-06	-2.1513551473617554e-07	-1.6093254089355469e-06	-2.773958840407431e-10	-1.4722445484949276e-11	-1.6370904631912708e-10
988203956.8678	-2.853572368621826e-06	-2.0675361156463623e-07	-1.6726553440093994e-06	-2.764863893389702e-10	-1.4836132322670892e-11	-1.6325429896824062e-10
988204006.8678	-2.8349459171295166e-06	-2.1141022443771362e-07	-1.650303602218628e-06	-2.7694113668985665e-10	-1.4722445484949276e-11	-1.6279955161735415e-10
988204056.8678	-2.864748239517212e-06	-2.1141022443771362e-07	-1.6689300537109375e-06	-2.764863893389702e-10	-1.4779288903810084e-11	-1.6279955161735415e-10
988204106.8678	-2.8908252716064453e-06	-2.123415470123291e-07	-1.691281795501709e-06	-2.760316419880837e-10	-1.460875864722766e-11	-1.6325429896824062e-10
988204156.8678	-2.9355287551879883e-06	-2.1047890186309814e-07	-1.7248094081878662e-06	-2.7466739993542433e-10	-1.4779288903810084e-11	-1.623448042664677e-10
988204206.8678	-2.8870999813079834e-06	-2.1886080503463745e-07	-1.6838312149047852e-06	-2.751221472863108e-10	-1.4551915228366852e-11	-1.6325429896824062e-10
988204256.8678	-2.913177013397217e-06	-2.169981598854065e-07	-1.7024576663970947e-06	-2.751221472863108e-10	-1.4495071809506044e-11	-1.6370904631912708e-10
988204306.8678	-2.991408109664917e-06	-2.1047890186309814e-07	-1.7657876014709473e-06	-2.7421265258453786e-10	-1.4551915228366852e-11	-1.6325429896824062e-10
988204356.8678	-2.9280781745910645e-06	-2.1979212760925293e-07	-1.7099082469940186e-06	-2.7466739993542433e-10	-1.4381384971784428e-11	-1.6325429896824062e-10
988204406.8678	-2.942979335784912e-06	-2.2258609533309937e-07	-1.7136335372924805e-06	-2.7421265258453786e-10	-1.4551915228366852e-11	-1.623448042664677e-10
988204456.8678	-3.028661012649536e-06	-2.1327286958694458e-07	-1.7881393432617188e-06	-2.7284841053187847e-10	-1.4551915228366852e-11	-1.623448042664677e-10
988204506.8678	-3.0025839805603027e-06	-2.207234501838684e-07	-1.7546117305755615e-06	-2.7330315788276494e-10	-1.4495071809506044e-11	-1.6279955161735415e-10
988204556.8678	-2.987682819366455e-06	-2.253800630569458e-07	-1.7397105693817139e-06	-2.737579052336514e-10	-1.4551915228366852e-11	-1.6325429896824062e-10
988204606.8678	-2.9653310775756836e-06	-2.300366759300232e-07	-1.7173588275909424e-06	-2.737579052336514e-10	-1.4495071809506044e-11	-1.6370904631912708e-10
988204656.8678	-3.039836883544922e-06	-2.2258609533309937e-07	-1.780688762664795e-06	-2.7330315788276494e-10	-1.460875864722766e-11	-1.6370904631912708e-10
988204706.8678	-3.080815076828003e-06	-2.1792948246002197e-07	-1.8142163753509521e-06	-2.7421265258453786e-10	-1.4495071809506044e-11	-1.6370904631912708e-10
988204756.8678	-3.077089786529541e-06	-2.207234501838684e-07	-1.7993152141571045e-06	-2.7466739993542433e-10	-1.4551915228366852e-11	-1.6370904631912708e-10
988204806.8678	-3.1366944313049316e-06	-2.1420419216156006e-07	-1.8589198589324951e-06	-2.751221472863108e-10	-1.4551915228366852e-11	-1.6370904631912708e-10
988204856.8678	-3.121793270111084e-06	-2.1886080503463745e-07	-1.8328428268432617e-06	-2.7466739993542433e-10	-1.4665602066088468e-11	-1.646185410209e-10
988204906.8678	-3.1366944313049316e-06	-2.1886080503463745e-07	-1.8440186977386475e-06	-2.7557689463719726e-10	-1.4495071809506044e-11	-1.6507328837178648e-10
988204956.8678	-3.077089786529541e-06	-2.2724270820617676e-07	-1.7881393432617188e-06	-2.7557689463719726e-10	-1.4438228390645236e-11	-1.646185410209e-10
988205006.8678	-3.159046173095703e-06	-2.1792948246002197e-07	-1.8589198589324951e-06	-2.751221472863108e-10	-1.4551915228366852e-11	-1.6325429896824062e-10
988205056.8678	-3.203749656677246e-06	-2.169981598854065e-07	-1.8924474716186523e-06	-2.751221472863108e-10	-1.4495071809506044e-11	-1.6416379367001355e-10
988205106.8678	-3.121793270111084e-06	-2.2817403078079224e-07	-1.8253922462463379e-06	-2.7466739993542433e-10	-1.4665602066088468e-11	-1.6325429896824062e-10
988205156.8678	-3.1515955924987793e-06	-2.2817403078079224e-07	-1.8328428268432617e-06	-2.7466739993542433e-10	-1.4722445484949276e-11	-1.6325429896824062e-10
988205206.8678	-3.2186508178710938e-06	-2.2165477275848389e-07	-1.8961727619171143e-06	-2.7466739993542433e-10	-1.4722445484949276e-11	-1.6279955161735415e-10
988205256.8678	-3.1441450119018555e-06	-2.337619662284851e-07	-1.8253922462463379e-06	-2.7557689463719726e-10	-1.460875864722766e-11	-1.6325429896824062e-10
988205306.8678	-3.2335519790649414e-06	-2.253800630569458e-07	-1.8961727619171143e-06	-2.7557689463719726e-10	-1.4495071809506044e-11	-1.6370904631912708e-10
988205356.8678	-3.2633543014526367e-06	-2.2351741790771484e-07	-1.9222497940063477e-06	-2.7557689463719726e-10	-1.4495071809506044e-11	-1.6370904631912708e-10
988205406.8678	-3.1962990760803223e-06	-2.3283064365386963e-07	-1.8738210201263428e-06	-2.751221472863108e-10	-1.4551915228366852e-11	-1.6416379367001355e-10
988205456.8678	-3.293156623840332e-06	-2.2165477275848389e-07	-1.9744038581848145e-06	-2.751221472863108e-10	-1.4722445484949276e-11	-1.6370904631912708e-10
988205506.8678	-3.2782554626464844e-06	-2.2631138563156128e-07	-1.959502696990967e-06	-2.751221472863108e-10	-1.4495071809506044e-11	-1.6370904631912708e-10
988205556.8678	-3.3229589462280273e-06	-2.2351741790771484e-07	-1.996755599975586e-06	-2.751221472863108e-10	-1.4495071809506044e-11	-1.6416379367001355e-10
988205606.8678	-3.21120023727417e-06	-2.39349901676178e-07	-1.8924474716186523e-06	-2.7557689463719726e-10	-1.4551915228366852e-11	-1.6370904631912708e-10
988205656.8678	-3.2708048820495605e-06	-2.3469328880310059e-07	-1.944601535797119e-06	-2.764863893389702e-10	-1.460875864722766e-11	-1.6370904631912708e-10
988205706.8678	-3.3229589462280273e-06	-2.300366759300232e-07	-1.989305019378662e-06	-2.7694113668985665e-10	-1.4665602066088468e-11	-1.6370904631912708e-10
988205756.8678	-3.2708048820495605e-06	-2.3748725652694702e-07	-1.944601535797119e-06	-2.773958840407431e-10	-1.460875864722766e-11	-1.6370904631912708e-10
988205806.8678	-3.2410025596618652e-06	-2.430751919746399e-07	-1.914799213409424e-06	-2.773958840407431e-10	-1.4722445484949276e-11	-1.6416379367001355e-10
988205856.8678	-3.4123659133911133e-06	-2.253800630569458e-07	-2.0638108253479004e-06	-2.7694113668985665e-10	-1.4779288903810084e-11	-1.6416379367001355e-10
988205906.8678	-3.390014171600342e-06	-2.2817403078079224e-07	-2.041459083557129e-06	-2.7694113668985665e-10	-1.4836132322670892e-11	-1.6416379367001355e-10
988205956.8678	-3.390014171600342e-06	-2.300366759300232e-07	-2.041459083557129e-06	-2.7694113668985665e-10	-1.4836132322670892e-11	-1.6416379367001355e-10
988206006.8678	-3.4049153327941895e-06	-2.3283064365386963e-07	-2.041459083557129e-06	-2.764863893389702e-10	-1.4779288903810084e-11	-1.6416379367001355e-10
988206056.8678	-3.337860107421875e-06	-2.4400651454925537e-07	-1.989305019378662e-06	-2.7694113668985665e-10	-1.4722445484949276e-11	-1.6416379367001355e-10
988206106.8678	-3.3676624298095703e-06	-2.4400651454925537e-07	-2.0042061805725098e-06	-2.764863893389702e-10	-1.4779288903810084e-11	-1.6370904631912708e-10
988206156.8678	-3.3602118492126465e-06	-2.477318048477173e-07	-1.989305019378662e-06	-2.773958840407431e-10	-1.4551915228366852e-11	-1.646185410209e-10
988206206.8678	-3.4421682357788086e-06	-2.39349901676178e-07	-2.0563602447509766e-06	-2.773958840407431e-10	-1.460875864722766e-11	-1.6507328837178648e-10
988206256.8678	-3.5315752029418945e-06	-2.3096799850463867e-07	-2.130866050720215e-06	-2.760316419880837e-10	-1.460875864722766e-11	-1.6552803572267294e-10
988206306.8678	-3.4421682357788086e-06	-2.477318048477173e-07	-2.0489096641540527e-06	-2.764863893389702e-10	-1.4381384971784428e-11	-1.6552803572267294e-10
988206356.8678	-3.3974647521972656e-06	-2.5425106287002563e-07	-1.996755599975586e-06	-2.764863893389702e-10	-1.4438228390645236e-11	-1.659827830735594e-10
988206406.8678	-3.4794211387634277e-06	-2.477318048477173e-07	-2.0712614059448242e-06	-2.7557689463719726e-10	-1.4438228390645236e-11	-1.659827830735594e-10
988206456.8678	-3.56137752532959e-06	-2.39349901676178e-07	-2.1383166313171387e-06	-2.764863893389702e-10	-1.4210854715202004e-11	-1.6643753042444587e-10
988206506.8678	-3.471970558166504e-06	-2.505257725715637e-07	-2.0563602447509766e-06	-2.7557689463719726e-10	-1.4381384971784428e-11	-1.659827830735594e-10
988206556.8678	-3.635883331298828e-06	-2.337619662284851e-07	-2.1904706954956055e-06	-2.760316419880837e-10	-1.432454155292362e-11	-1.659827830735594e-10
988206606.8678	-3.5315752029418945e-06	-2.505257725715637e-07	-2.0936131477355957e-06	-2.764863893389702e-10	-1.432454155292362e-11	-1.6643753042444587e-10
988206656.8678	-3.6507844924926758e-06	-2.3562461137771606e-07	-2.212822437286377e-06	-2.764863893389702e-10	-1.432454155292362e-11	-1.659827830735594e-10
988206706.8678	-3.688037395477295e-06	-2.3748725652694702e-07	-2.2351741790771484e-06	-2.764863893389702e-10	-1.432454155292362e-11	-1.659827830735594e-10
988206756.8678	-3.606081008911133e-06	-2.4959444999694824e-07	-2.168118953704834e-06	-2.7694113668985665e-10	-1.4381384971784428e-11	-1.659827830735594e-10
988206806.8678	-3.688037395477295e-06	-2.4121254682540894e-07	-2.2426247596740723e-06	-2.778506313916296e-10	-1.4210854715202004e-11	-1.6689227777533233e-10
988206856.8678	-3.546476364135742e-06	-2.5890767574310303e-07	-2.123415470123291e-06	-2.764863893389702e-10	-1.4438228390645236e-11	-1.6689227777533233e-10
988206906.8678	-3.7178397178649902e-06	-2.430751919746399e-07	-2.250075340270996e-06	-2.7694113668985665e-10	-1.4381384971784428e-11	-1.673470251262188e-10
988206956.8678	-3.5837292671203613e-06	-2.60770320892334e-07	-2.1532177925109863e-06	-2.773958840407431e-10	-1.4438228390645236e-11	-1.6825651982799172e-10
988207006.8678	-3.680586814880371e-06	-2.4959444999694824e-07	-2.2277235984802246e-06	-2.764863893389702e-10	-1.4551915228366852e-11	-1.6780177247710526e-10
988207056.8678	-3.606081008911133e-06	-2.6170164346694946e-07	-2.16066837310791e-06	-2.764863893389702e-10	-1.4495071809506044e-11	-1.6825651982799172e-10
988207106.8678	-3.7476420402526855e-06	-2.4493783712387085e-07	-2.2873282432556152e-06	-2.760316419880837e-10	-1.460875864722766e-11	-1.673470251262188e-10
988207156.8678	-3.7550926208496094e-06	-2.4400651454925537e-07	-2.3096799850463867e-06	-2.760316419880837e-10	-1.4551915228366852e-11	-1.6780177247710526e-10
988207206.8678	-3.7997961044311523e-06	-2.4493783712387085e-07	-2.3245811462402344e-06	-2.760316419880837e-10	-1.4381384971784428e-11	-1.687112671788782e-10
988207256.8678	-3.7029385566711426e-06	-2.561137080192566e-07	-2.2426247596740723e-06	-2.764863893389702e-10	-1.4210854715202004e-11	-1.687112671788782e-10
988207306.8678	-3.769993782043457e-06	-2.514570951461792e-07	-2.302229404449463e-06	-2.760316419880837e-10	-1.432454155292362e-11	-1.6825651982799172e-10
988207356.8678	-3.7401914596557617e-06	-2.561137080192566e-07	-2.2798776626586914e-06	-2.7557689463719726e-10	-1.4381384971784428e-11	-1.6780177247710526e-10
988207406.8678	-3.7997961044311523e-06	-2.523884177207947e-07	-2.332031726837158e-06	-2.764863893389702e-10	-1.4154011296341196e-11	-1.687112671788782e-10
988207456.8678	-3.7848949432373047e-06	-2.551823854446411e-07	-2.3171305656433105e-06	-2.760316419880837e-10	-1.432454155292362e-11	-1.687112671788782e-10
988207506.8678	-3.807246685028076e-06	-2.551823854446411e-07	-2.3245811462402344e-06	-2.760316419880837e-10	-1.4267698134062812e-11	-1.6825651982799172e-10
988207556.8678	-3.7997961044311523e-06	-2.5890767574310303e-07	-2.294778823852539e-06	-2.7557689463719726e-10	-1.4495071809506044e-11	-1.6825651982799172e-10
988207606.8678	-3.777444362640381e-06	-2.635642886161804e-07	-2.2649765014648438e-06	-2.760316419880837e-10	-1.4210854715202004e-11	-1.687112671788782e-10
988207656.8678	-3.851950168609619e-06	-2.5704503059387207e-07	-2.339482307434082e-06	-2.764863893389702e-10	-1.4267698134062812e-11	-1.6825651982799172e-10
988207706.8678	-3.889203071594238e-06	-2.523884177207947e-07	-2.3692846298217773e-06	-2.760316419880837e-10	-1.4381384971784428e-11	-1.687112671788782e-10
988207756.8678	-3.874301910400391e-06	-2.551823854446411e-07	-2.3543834686279297e-06	-2.760316419880837e-10	-1.432454155292362e-11	-1.6916601452976465e-10
988207806.8678	-3.7923455238342285e-06	-2.691522240638733e-07	-2.2798776626586914e-06	-2.760316419880837e-10	-1.4267698134062812e-11	-1.6916601452976465e-10
988207856.8678	-3.822147846221924e-06	-2.682209014892578e-07	-2.3096799850463867e-06	-2.760316419880837e-10	-1.4438228390645236e-11	-1.687112671788782e-10
988207906.8678	-3.896653652191162e-06	-2.60770320892334e-07	-2.376735210418701e-06	-2.760316419880837e-10	-1.4438228390645236e-11	-1.687112671788782e-10
988207956.8678	-4.0084123611450195e-06	-2.4866312742233276e-07	-2.4586915969848633e-06	-2.7557689463719726e-10	-1.4381384971784428e-11	-1.6780177247710526e-10
988208006.8678	-3.889203071594238e-06	-2.6635825634002686e-07	-2.3618340492248535e-06	-2.7557689463719726e-10	-1.4438228390645236e-11	-1.6825651982799172e-10
988208056.8678	-4.023313522338867e-06	-2.505257725715637e-07	-2.466142177581787e-06	-2.760316419880837e-10	-1.432454155292362e-11	-1.6825651982799172e-10
988208106.8678	-4.045665264129639e-06	-2.4959444999694824e-07	-2.4810433387756348e-06	-2.7557689463719726e-10	-1.432454155292362e-11	-1.6825651982799172e-10
988208156.8678	-4.023313522338867e-06	-2.5425106287002563e-07	-2.466142177581787e-06	-2.7557689463719726e-10	-1.432454155292362e-11	-1.6780177247710526e-10
988208206.8678	-3.986060619354248e-06	-2.60770320892334e-07	-2.436339855194092e-06	-2.760316419880837e-10	-1.4154011296341196e-11	-1.6780177247710526e-10
988208256.8678	-3.896653652191162e-06	-2.7101486921310425e-07	-2.3692846298217773e-06	-2.760316419880837e-10	-1.4210854715202004e-11	-1.673470251262188e-10
988208306.8678	-3.993511199951172e-06	-2.60770320892334e-07	-2.4512410163879395e-06	-2.751221472863108e-10	-1.4210854715202004e-11	-1.6689227777533233e-10
988208356.8678	-3.91155481338501e-06	-2.728775143623352e-07	-2.376735210418701e-06	-2.751221472863108e-10	-1.4154011296341196e-11	-1.6689227777533233e-10
988208406.8678	-4.023313522338867e-06	-2.6170164346694946e-07	-2.4810433387756348e-06	-2.751221472863108e-10	-1.4097167877480388e-11	-1.6689227777533233e-10
988208456.8678	-4.06801700592041e-06	-2.5890767574310303e-07	-2.518296241760254e-06	-2.751221472863108e-10	-1.4154011296341196e-11	-1.6643753042444587e-10
988208506.8678	-4.0531158447265625e-06	-2.60770320892334e-07	-2.5033950805664062e-06	-2.7466739993542433e-10	-1.4267698134062812e-11	-1.6643753042444587e-10
988208556.8678	-4.172325134277344e-06	-2.4959444999694824e-07	-2.600252628326416e-06	-2.737579052336514e-10	-1.432454155292362e-11	-1.659827830735594e-10
988208606.8678	-3.9637088775634766e-06	-2.766028046607971e-07	-2.4139881134033203e-06	-2.751221472863108e-10	-1.4154011296341196e-11	-1.6689227777533233e-10
988208656.8678	-4.127621650695801e-06	-2.60770320892334e-07	-2.5480985641479492e-06	-2.751221472863108e-10	-1.4267698134062812e-11	-1.659827830735594e-10
988208706.8678	-4.0084123611450195e-06	-2.766028046607971e-07	-2.436339855194092e-06	-2.737579052336514e-10	-1.432454155292362e-11	-1.659827830735594e-10
988208756.8678	-4.194676876068115e-06	-2.5425106287002563e-07	-2.600252628326416e-06	-2.7466739993542433e-10	-1.4210854715202004e-11	-1.6643753042444587e-10
988208806.8678	-4.157423973083496e-06	-2.635642886161804e-07	-2.555549144744873e-06	-2.7421265258453786e-10	-1.4267698134062812e-11	-1.659827830735594e-10
988208856.8678	-4.246830940246582e-06	-2.5425106287002563e-07	-2.6300549507141113e-06	-2.737579052336514e-10	-1.4267698134062812e-11	-1.659827830735594e-10
988208906.8678	-4.2244791984558105e-06	-2.6263296604156494e-07	-2.6226043701171875e-06	-2.7421265258453786e-10	-1.432454155292362e-11	-1.6507328837178648e-10
988208956.8678	-4.2691826820373535e-06	-2.598389983177185e-07	-2.652406692504883e-06	-2.737579052336514e-10	-1.432454155292362e-11	-1.659827830735594e-10
988209006.8678	-4.298985004425049e-06	-2.5797635316848755e-07	-2.6747584342956543e-06	-2.7421265258453786e-10	-1.4210854715202004e-11	-1.6643753042444587e-10
988209056.8678	-4.194676876068115e-06	-2.7101486921310425e-07	-2.592802047729492e-06	-2.7421265258453786e-10	-1.4381384971784428e-11	-1.6689227777533233e-10
988209106.8678	-4.112720489501953e-06	-2.8312206268310547e-07	-2.518296241760254e-06	-2.7466739993542433e-10	-1.4381384971784428e-11	-1.6689227777533233e-10
988209156.8678	-4.172325134277344e-06	-2.7939677238464355e-07	-2.562999725341797e-06	-2.7466739993542433e-10	-1.4438228390645236e-11	-1.673470251262188e-10
988209206.8678	-4.127621650695801e-06	-2.849847078323364e-07	-2.518296241760254e-06	-2.7466739993542433e-10	-1.4438228390645236e-11	-1.6689227777533233e-10
988209256.8678	-4.366040229797363e-06	-2.5890767574310303e-07	-2.7045607566833496e-06	-2.7421265258453786e-10	-1.4495071809506044e-11	-1.6689227777533233e-10
988209306.8678	-4.366040229797363e-06	-2.6263296604156494e-07	-2.7120113372802734e-06	-2.751221472863108e-10	-1.4381384971784428e-11	-1.673470251262188e-10
988209356.8678	-4.187226295471191e-06	-2.868473529815674e-07	-2.555549144744873e-06	-2.7466739993542433e-10	-1.432454155292362e-11	-1.6780177247710526e-10
988209406.8678	-4.373490810394287e-06	-2.644956111907959e-07	-2.7045607566833496e-06	-2.7466739993542433e-10	-1.4438228390645236e-11	-1.6689227777533233e-10
988209456.8678	-4.194676876068115e-06	-2.9243528842926025e-07	-2.5480985641479492e-06	-2.7466739993542433e-10	-1.4551915228366852e-11	-1.6689227777533233e-10
988209506.8678	-4.284083843231201e-06	-2.8312206268310547e-07	-2.637505531311035e-06	-2.751221472863108e-10	-1.4381384971784428e-11	-1.6780177247710526e-10
988209556.8678	-4.2691826820373535e-06	-2.905726432800293e-07	-2.6300549507141113e-06	-2.7466739993542433e-10	-1.432454155292362e-11	-1.6780177247710526e-10
988209606.8678	-4.254281520843506e-06	-2.9616057872772217e-07	-2.60770320892334e-06	-2.7466739993542433e-10	-1.4381384971784428e-11	-1.6825651982799172e-10
988209656.8678	-4.246830940246582e-06	-2.980232238769531e-07	-2.60770320892334e-06	-2.7466739993542433e-10	-1.4381384971784428e-11	-1.687112671788782e-10
988209706.8678	-4.477798938751221e-06	-2.738088369369507e-07	-2.7939677238464355e-06	-2.737579052336514e-10	-1.4381384971784428e-11	-1.687112671788782e-10
988209756.8678	-4.351139068603516e-06	-2.9243528842926025e-07	-2.7045607566833496e-06	-2.7330315788276494e-10	-1.432454155292362e-11	-1.687112671788782e-10
988209806.8678	-4.328787326812744e-06	-2.980232238769531e-07	-2.689659595489502e-06	-2.737579052336514e-10	-1.4267698134062812e-11	-1.687112671788782e-10
988209856.8678	-4.403293132781982e-06	-2.905726432800293e-07	-2.7641654014587402e-06	-2.737579052336514e-10	-1.4210854715202004e-11	-1.6916601452976465e-10
988209906.8678	-4.395842552185059e-06	-2.998858690261841e-07	-2.7418136596679688e-06	-2.737579052336514e-10	-1.4210854715202004e-11	-1.687112671788782e-10
988209956.8678	-4.537403583526611e-06	-2.849847078323364e-07	-2.86102294921875e-06	-2.7330315788276494e-10	-1.432454155292362e-11	-1.687112671788782e-10
988210006.8678	-4.4405460357666016e-06	-2.998858690261841e-07	-2.771615982055664e-06	-2.7330315788276494e-10	-1.432454155292362e-11	-1.6916601452976465e-10
988210056.8678	-4.373490810394287e-06	-3.110617399215698e-07	-2.7194619178771973e-06	-2.7421265258453786e-10	-1.4097167877480388e-11	-1.6962076188065112e-10
988210106.8678	-4.559755325317383e-06	-2.905726432800293e-07	-2.868473529815674e-06	-2.7421265258453786e-10	-1.4097167877480388e-11	-1.6916601452976465e-10
988210156.8678	-4.500150680541992e-06	-3.03611159324646e-07	-2.8014183044433594e-06	-2.7421265258453786e-10	-1.3983481039758772e-11	-1.6916601452976465e-10
988210206.8678	-4.61190938949585e-06	-2.868473529815674e-07	-2.898275852203369e-06	-2.737579052336514e-10	-1.4267698134062812e-11	-1.687112671788782e-10
988210256.8678	-4.522502422332764e-06	-3.0174851417541504e-07	-2.8014183044433594e-06	-2.737579052336514e-10	-1.4097167877480388e-11	-1.687112671788782e-10
988210306.8678	-4.447996616363525e-06	-3.0919909477233887e-07	-2.7492642402648926e-06	-2.737579052336514e-10	-1.3926637620897964e-11	-1.6916601452976465e-10
988210356.8678	-4.61190938949585e-06	-2.942979335784912e-07	-2.8833746910095215e-06	-2.737579052336514e-10	-1.3983481039758772e-11	-1.687112671788782e-10
988210406.8678	-4.649162292480469e-06	-2.905726432800293e-07	-2.913177013397217e-06	-2.737579052336514e-10	-1.3983481039758772e-11	-1.687112671788782e-10
988210456.8678	-4.589557647705078e-06	-2.998858690261841e-07	-2.853572368621826e-06	-2.737579052336514e-10	-1.3869794202037156e-11	-1.6825651982799172e-10
988210506.8678	-4.731118679046631e-06	-2.849847078323364e-07	-2.9653310775756836e-06	-2.7557689463719726e-10	-1.3812950783176348e-11	-1.6916601452976465e-10
988210556.8678	-4.582107067108154e-06	-3.0547380447387695e-07	-2.8386712074279785e-06	-2.7466739993542433e-10	-1.3926637620897964e-11	-1.6825651982799172e-10
988210606.8678	-4.760921001434326e-06	-2.868473529815674e-07	-2.987682819366455e-06	-2.751221472863108e-10	-1.3869794202037156e-11	-1.687112671788782e-10
988210656.8678	-4.775822162628174e-06	-2.868473529815674e-07	-3.0025839805603027e-06	-2.7421265258453786e-10	-1.3983481039758772e-11	-1.6825651982799172e-10
988210706.8678	-4.805624485015869e-06	-2.849847078323364e-07	-3.0249357223510742e-06	-2.7421265258453786e-10	-1.3983481039758772e-11	-1.6825651982799172e-10
988210756.8678	-4.850327968597412e-06	-2.849847078323364e-07	-3.0621886253356934e-06	-2.737579052336514e-10	-1.404032445861958e-11	-1.687112671788782e-10
988210806.8678	-4.626810550689697e-06	-3.110617399215698e-07	-2.8833746910095215e-06	-2.737579052336514e-10	-1.3983481039758772e-11	-1.687112671788782e-10
988210856.8678	-4.827976226806641e-06	-2.8870999813079834e-07	-3.0472874641418457e-06	-2.7421265258453786e-10	-1.3926637620897964e-11	-1.6962076188065112e-10
988210906.8678	-4.86522912979126e-06	-2.905726432800293e-07	-3.077089786529541e-06	-2.7421265258453786e-10	-1.3983481039758772e-11	-1.6962076188065112e-10
988210956.8678	-4.686415195465088e-06	-3.166496753692627e-07	-2.913177013397217e-06	-2.7466739993542433e-10	-1.3869794202037156e-11	-1.6962076188065112e-10
988211006.8678	-4.827976226806641e-06	-2.9616057872772217e-07	-3.032386302947998e-06	-2.751221472863108e-10	-1.3812950783176348e-11	-1.7007550923153758e-10
988211056.8678	-4.798173904418945e-06	-3.0547380447387695e-07	-3.0025839805603027e-06	-2.7421265258453786e-10	-1.3983481039758772e-11	-1.6916601452976465e-10
988211106.8678	-4.6193599700927734e-06	-3.3155083656311035e-07	-2.8312206268310547e-06	-2.7421265258453786e-10	-1.3926637620897964e-11	-1.6825651982799172e-10
988211156.8678	-4.76837158203125e-06	-3.129243850708008e-07	-2.950429916381836e-06	-2.7466739993542433e-10	-1.404032445861958e-11	-1.6780177247710526e-10
988211206.8678	-4.7460198402404785e-06	-3.166496753692627e-07	-2.9280781745910645e-06	-2.751221472863108e-10	-1.375610736431554e-11	-1.687112671788782e-10
988211256.8678	-4.738569259643555e-06	-3.203749656677246e-07	-2.9280781745910645e-06	-2.7557689463719726e-10	-1.3812950783176348e-11	-1.6962076188065112e-10
988211306.8678	-4.693865776062012e-06	-3.296881914138794e-07	-2.8833746910095215e-06	-2.7557689463719726e-10	-1.3926637620897964e-11	-1.6962076188065112e-10
988211356.8678	-5.036592483520508e-06	-2.9243528842926025e-07	-3.1813979148864746e-06	-2.7557689463719726e-10	-1.3869794202037156e-11	-1.6916601452976465e-10
988211406.8678	-4.798173904418945e-06	-3.203749656677246e-07	-2.9727816581726074e-06	-2.751221472863108e-10	-1.3926637620897964e-11	-1.6825651982799172e-10
988211456.8678	-4.86522912979126e-06	-3.1478703022003174e-07	-3.032386302947998e-06	-2.7557689463719726e-10	-1.375610736431554e-11	-1.6825651982799172e-10
988211506.8678	-4.9620866775512695e-06	-3.0547380447387695e-07	-3.0994415283203125e-06	-2.751221472863108e-10	-1.375610736431554e-11	-1.6825651982799172e-10
988211556.8678	-4.954636096954346e-06	-3.073364496231079e-07	-3.0994415283203125e-06	-2.7557689463719726e-10	-1.375610736431554e-11	-1.687112671788782e-10
988211606.8678	-4.783272743225098e-06	-3.3155083656311035e-07	-2.950429916381836e-06	-2.7466739993542433e-10	-1.3699263945454732e-11	-1.6825651982799172e-10
988211656.8678	-4.991888999938965e-06	-3.0547380447387695e-07	-3.121793270111084e-06	-2.737579052336514e-10	-1.3869794202037156e-11	-1.673470251262188e-10
988211706.8678	-4.872679710388184e-06	-3.241002559661865e-07	-3.0174851417541504e-06	-2.7421265258453786e-10	-1.375610736431554e-11	-1.673470251262188e-10
988211756.8678	-4.969537258148193e-06	-3.166496753692627e-07	-3.0919909477233887e-06	-2.7330315788276494e-10	-1.375610736431554e-11	-1.6780177247710526e-10
988211806.8678	-4.895031452178955e-06	-3.296881914138794e-07	-3.0100345611572266e-06	-2.737579052336514e-10	-1.3585577107733116e-11	-1.6825651982799172e-10
988211856.8678	-4.887580871582031e-06	-3.3527612686157227e-07	-3.0100345611572266e-06	-2.7330315788276494e-10	-1.3642420526593924e-11	-1.673470251262188e-10
988211906.8678	-4.984438419342041e-06	-3.259629011154175e-07	-3.0919909477233887e-06	-2.7330315788276494e-10	-1.375610736431554e-11	-1.6689227777533233e-10
988211956.8678	-4.857778549194336e-06	-3.427267074584961e-07	-2.9727816581726074e-06	-2.737579052336514e-10	-1.375610736431554e-11	-1.673470251262188e-10
988212006.8678	-4.902482032775879e-06	-3.371387720108032e-07	-3.0100345611572266e-06	-2.7330315788276494e-10	-1.3642420526593924e-11	-1.6780177247710526e-10
988212056.8678	-5.044043064117432e-06	-3.2223761081695557e-07	-3.129243850708008e-06	-2.7284841053187847e-10	-1.375610736431554e-11	-1.6825651982799172e-10
988212106.8678	-5.230307579040527e-06	-3.0174851417541504e-07	-3.285706043243408e-06	-2.72393663180992e-10	-1.375610736431554e-11	-1.687112671788782e-10
988212156.8678	-5.148351192474365e-06	-3.129243850708008e-07	-3.2186508178710938e-06	-2.7330315788276494e-10	-1.3699263945454732e-11	-1.6962076188065112e-10
988212206.8678	-5.185604095458984e-06	-3.110617399215698e-07	-3.255903720855713e-06	-2.7284841053187847e-10	-1.375610736431554e-11	-1.6962076188065112e-10
988212256.8678	-4.9173831939697266e-06	-3.501772880554199e-07	-3.0100345611572266e-06	-2.7330315788276494e-10	-1.3642420526593924e-11	-1.6916601452976465e-10
988212306.8678	-5.014240741729736e-06	-3.371387720108032e-07	-3.0919909477233887e-06	-2.7284841053187847e-10	-1.3585577107733116e-11	-1.687112671788782e-10
988212356.8678	-5.27501106262207e-06	-3.110617399215698e-07	-3.3080577850341797e-06	-2.7330315788276494e-10	-1.3642420526593924e-11	-1.6916601452976465e-10
988212406.8678	-5.260109901428223e-06	-3.129243850708008e-07	-3.293156623840332e-06	-2.7330315788276494e-10	-1.3699263945454732e-11	-1.6916601452976465e-10
988212456.8678	-5.327165126800537e-06	-3.0547380447387695e-07	-3.345310688018799e-06	-2.7330315788276494e-10	-1.3699263945454732e-11	-1.6916601452976465e-10
988212506.8678	-5.297362804412842e-06	-3.129243850708008e-07	-3.3080577850341797e-06	-2.7284841053187847e-10	-1.3699263945454732e-11	-1.6962076188065112e-10
988212556.8678	-5.073845386505127e-06	-3.4458935260772705e-07	-3.1068921089172363e-06	-2.7284841053187847e-10	-1.3585577107733116e-11	-1.6962076188065112e-10
988212606.8678	-5.103647708892822e-06	-3.427267074584961e-07	-3.121793270111084e-06	-2.7330315788276494e-10	-1.3415046851150692e-11	-1.7053025658242404e-10
988212656.8678	-5.342066287994385e-06	-3.166496753692627e-07	-3.330409526824951e-06	-2.7193891583010554e-10	-1.34718902700115e-11	-1.6962076188065112e-10
988212706.8678	-5.133450031280518e-06	-3.46451997756958e-07	-3.1366944313049316e-06	-2.72393663180992e-10	-1.3642420526593924e-11	-1.6916601452976465e-10
988212756.8678	-5.163252353668213e-06	-3.46451997756958e-07	-3.159046173095703e-06	-2.7330315788276494e-10	-1.3528733688872308e-11	-1.6962076188065112e-10
988212806.8678	-5.163252353668213e-06	-3.4458935260772705e-07	-3.1739473342895508e-06	-2.7330315788276494e-10	-1.375610736431554e-11	-1.6962076188065112e-10
988212856.8678	-5.364418029785156e-06	-3.2223761081695557e-07	-3.345310688018799e-06	-2.72393663180992e-10	-1.3699263945454732e-11	-1.6962076188065112e-10
988212906.8678	-5.2228569984436035e-06	-3.427267074584961e-07	-3.2186508178710938e-06	-2.7284841053187847e-10	-1.3642420526593924e-11	-1.6916601452976465e-10
988212956.8678	-5.125999450683594e-06	-3.6135315895080566e-07	-3.121793270111084e-06	-2.7284841053187847e-10	-1.3642420526593924e-11	-1.6962076188065112e-10
988213006.8678	-5.252659320831299e-06	-3.4831464290618896e-07	-3.2261013984680176e-06	-2.7284841053187847e-10	-1.3642420526593924e-11	-1.6962076188065112e-10
988213056.8678	-5.170702934265137e-06	-3.632158041000366e-07	-3.1515955924987793e-06	-2.7330315788276494e-10	-1.3528733688872308e-11	-1.6962076188065112e-10
988213106.8678	-5.133450031280518e-06	-3.7066638469696045e-07	-3.121793270111084e-06	-2.737579052336514e-10	-1.3528733688872308e-11	-1.7007550923153758e-10
988213156.8678	-5.356967449188232e-06	-3.46451997756958e-07	-3.3229589462280273e-06	-2.737579052336514e-10	-1.3585577107733116e-11	-1.6962076188065112e-10
988213206.8678	-5.535781383514404e-06	-3.259629011154175e-07	-3.471970558166504e-06	-2.751221472863108e-10	-1.3358203432289883e-11	-1.7053025658242404e-10
988213256.8678	-5.193054676055908e-06	-3.7066638469696045e-07	-3.1813979148864746e-06	-2.7466739993542433e-10	-1.3358203432289883e-11	-1.7007550923153758e-10
988213306.8678	-5.386769771575928e-06	-3.501772880554199e-07	-3.345310688018799e-06	-2.751221472863108e-10	-1.3528733688872308e-11	-1.7053025658242404e-10
988213356.8678	-5.319714546203613e-06	-3.594905138015747e-07	-3.285706043243408e-06	-2.7466739993542433e-10	-1.3358203432289883e-11	-1.709850039333105e-10
988213406.8678	-5.401670932769775e-06	-3.520399332046509e-07	-3.3676624298095703e-06	-2.737579052336514e-10	-1.3528733688872308e-11	-1.6916601452976465e-10
988213456.8678	-5.513429641723633e-06	-3.4086406230926514e-07	-3.4570693969726562e-06	-2.7421265258453786e-10	-1.34718902700115e-11	-1.6916601452976465e-10
988213506.8678	-5.193054676055908e-06	-3.8743019104003906e-07	-3.166496753692627e-06	-2.7421265258453786e-10	-1.3528733688872308e-11	-1.6916601452976465e-10
988213556.8678	-5.62518835067749e-06	-3.371387720108032e-07	-3.5241246223449707e-06	-2.7421265258453786e-10	-1.3642420526593924e-11	-1.6916601452976465e-10
988213606.8678	-5.587935447692871e-06	-3.4458935260772705e-07	-3.4794211387634277e-06	-2.7421265258453786e-10	-1.3585577107733116e-11	-1.6962076188065112e-10
988213656.8678	-5.602836608886719e-06	-3.46451997756958e-07	-3.4868717193603516e-06	-2.7284841053187847e-10	-1.3585577107733116e-11	-1.6916601452976465e-10
988213706.8678	-5.424022674560547e-06	-3.725290298461914e-07	-3.3229589462280273e-06	-2.7330315788276494e-10	-1.3642420526593924e-11	-1.6916601452976465e-10
988213756.8678	-5.610287189483643e-06	-3.520399332046509e-07	-3.471970558166504e-06	-2.737579052336514e-10	-1.3415046851150692e-11	-1.6962076188065112e-10
988213806.8678	-5.5730342864990234e-06	-3.5762786865234375e-07	-3.4496188163757324e-06	-2.7330315788276494e-10	-1.34718902700115e-11	-1.6916601452976465e-10
988213856.8678	-5.5655837059021e-06	-3.6135315895080566e-07	-3.4496188163757324e-06	-2.7284841053187847e-10	-1.34718902700115e-11	-1.6916601452976465e-10
988213906.8678	-5.498528480529785e-06	-3.725290298461914e-07	-3.382563591003418e-06	-2.72393663180992e-10	-1.3358203432289883e-11	-1.6916601452976465e-10
988213956.8678	-5.5730342864990234e-06	-3.632158041000366e-07	-3.4421682357788086e-06	-2.7193891583010554e-10	-1.3301360013429075e-11	-1.6916601452976465e-10
988214006.8678	-5.662441253662109e-06	-3.520399332046509e-07	-3.516674041748047e-06	-2.7193891583010554e-10	-1.3244516594568267e-11	-1.7007550923153758e-10
988214056.8678	-5.513429641723633e-06	-3.7066638469696045e-07	-3.382563591003418e-06	-2.710294211283326e-10	-1.3244516594568267e-11	-1.7053025658242404e-10
988214106.8678	-5.617737770080566e-06	-3.594905138015747e-07	-3.4794211387634277e-06	-2.714841684792191e-10	-1.3073986337985843e-11	-1.7053025658242404e-10
988214156.8678	-5.707144737243652e-06	-3.520399332046509e-07	-3.5390257835388184e-06	-2.7193891583010554e-10	-1.3073986337985843e-11	-1.709850039333105e-10
988214206.8678	-5.4389238357543945e-06	-3.8743019104003906e-07	-3.3155083656311035e-06	-2.710294211283326e-10	-1.318767317570746e-11	-1.7053025658242404e-10
988214256.8678	-5.5283308029174805e-06	-3.781169652938843e-07	-3.3974647521972656e-06	-2.7057467377744615e-10	-1.3358203432289883e-11	-1.7053025658242404e-10
988214306.8678	-5.692243576049805e-06	-3.594905138015747e-07	-3.5390257835388184e-06	-2.710294211283326e-10	-1.318767317570746e-11	-1.7143975128419697e-10
988214356.8678	-5.692243576049805e-06	-3.6135315895080566e-07	-3.5390257835388184e-06	-2.7057467377744615e-10	-1.3301360013429075e-11	-1.7053025658242404e-10
988214406.8678	-5.5730342864990234e-06	-3.7997961044311523e-07	-3.427267074584961e-06	-2.7057467377744615e-10	-1.3244516594568267e-11	-1.7143975128419697e-10
988214456.8678	-5.498528480529785e-06	-3.91155481338501e-07	-3.3527612686157227e-06	-2.7057467377744615e-10	-1.3301360013429075e-11	-1.7143975128419697e-10
988214506.8678	-5.811452865600586e-06	-3.594905138015747e-07	-3.606081008911133e-06	-2.710294211283326e-10	-1.3301360013429075e-11	-1.7053025658242404e-10
988214556.8678	-5.587935447692871e-06	-3.8743019104003906e-07	-3.427267074584961e-06	-2.714841684792191e-10	-1.3244516594568267e-11	-1.709850039333105e-10
988214606.8678	-5.677342414855957e-06	-3.818422555923462e-07	-3.4794211387634277e-06	-2.714841684792191e-10	-1.3244516594568267e-11	-1.7053025658242404e-10
988214656.8678	-5.885958671569824e-06	-3.594905138015747e-07	-3.643333911895752e-06	-2.7193891583010554e-10	-1.318767317570746e-11	-1.7053025658242404e-10
988214706.8678	-5.46872615814209e-06	-4.153698682785034e-07	-3.293156623840332e-06	-2.714841684792191e-10	-1.318767317570746e-11	-1.7053025658242404e-10
988214756.8678	-5.796551704406738e-06	-3.762543201446533e-07	-3.546476364135742e-06	-2.710294211283326e-10	-1.3073986337985843e-11	-1.7007550923153758e-10
988214806.8678	-5.692243576049805e-06	-3.91155481338501e-07	-3.4570693969726562e-06	-2.714841684792191e-10	-1.3073986337985843e-11	-1.7007550923153758e-10
988214856.8678	-5.707144737243652e-06	-3.8743019104003906e-07	-3.4794211387634277e-06	-2.710294211283326e-10	-1.3244516594568267e-11	-1.6962076188065112e-10
988214906.8678	-5.97536563873291e-06	-3.520399332046509e-07	-3.7178397178649902e-06	-2.714841684792191e-10	-1.3130829756846651e-11	-1.7007550923153758e-10
988214956.8678	-5.5730342864990234e-06	-4.0978193283081055e-07	-3.3527612686157227e-06	-2.7193891583010554e-10	-1.3130829756846651e-11	-1.7007550923153758e-10
988215006.8678	-5.632638931274414e-06	-4.023313522338867e-07	-3.375113010406494e-06	-2.710294211283326e-10	-1.3130829756846651e-11	-1.7007550923153758e-10
988215056.8678	-5.736947059631348e-06	-3.948807716369629e-07	-3.46451997756958e-06	-2.714841684792191e-10	-1.318767317570746e-11	-1.7053025658242404e-10
988215106.8678	-5.8710575103759766e-06	-3.818422555923462e-07	-3.5688281059265137e-06	-2.7193891583010554e-10	-1.290345608140342e-11	-1.709850039333105e-10
988215156.8678	-6.109476089477539e-06	-3.5762786865234375e-07	-3.762543201446533e-06	-2.714841684792191e-10	-1.3017142919125035e-11	-1.709850039333105e-10
988215206.8678	-6.22868537902832e-06	-3.4458935260772705e-07	-3.866851329803467e-06	-2.714841684792191e-10	-1.3017142919125035e-11	-1.709850039333105e-10
988215256.8678	-5.796551704406738e-06	-4.023313522338867e-07	-3.46451997756958e-06	-2.714841684792191e-10	-1.3017142919125035e-11	-1.7143975128419697e-10
988215306.8678	-6.109476089477539e-06	-3.632158041000366e-07	-3.7476420402526855e-06	-2.714841684792191e-10	-1.3017142919125035e-11	-1.7189449863508344e-10
988215356.8678	-6.22868537902832e-06	-3.5390257835388184e-07	-3.844499588012695e-06	-2.714841684792191e-10	-1.3073986337985843e-11	-1.7189449863508344e-10
988215406.8678	-5.990266799926758e-06	-3.8370490074157715e-07	-3.6284327507019043e-06	-2.7193891583010554e-10	-1.318767317570746e-11	-1.723492459859699e-10
988215456.8678	-5.930662155151367e-06	-3.948807716369629e-07	-3.5762786865234375e-06	-2.714841684792191e-10	-1.3244516594568267e-11	-1.7189449863508344e-10
988215506.8678	-5.856156349182129e-06	-4.041939973831177e-07	-3.4868717193603516e-06	-2.714841684792191e-10	-1.3130829756846651e-11	-1.7189449863508344e-10
988215556.8678	-6.273388862609863e-06	-3.5762786865234375e-07	-3.829598426818848e-06	-2.710294211283326e-10	-1.3130829756846651e-11	-1.7189449863508344e-10
988215606.8678	-6.273388862609863e-06	-3.594905138015747e-07	-3.822147846221924e-06	-2.710294211283326e-10	-1.3301360013429075e-11	-1.7143975128419697e-10
988215656.8678	-6.0051679611206055e-06	-3.9301812648773193e-07	-3.606081008911133e-06	-2.710294211283326e-10	-1.34718902700115e-11	-1.709850039333105e-10
988215706.8678	-6.22868537902832e-06	-3.725290298461914e-07	-3.7848949432373047e-06	-2.710294211283326e-10	-1.3415046851150692e-11	-1.7143975128419697e-10
988215756.8678	-6.407499313354492e-06	-3.4831464290618896e-07	-3.941357135772705e-06	-2.7057467377744615e-10	-1.3415046851150692e-11	-1.7143975128419697e-10
988215806.8678	-6.198883056640625e-06	-3.7997961044311523e-07	-3.7476420402526855e-06	-2.7057467377744615e-10	-1.3528733688872308e-11	-1.723492459859699e-10
988215856.8678	-6.243586540222168e-06	-3.7997961044311523e-07	-3.777444362640381e-06	-2.701199264265597e-10	-1.3528733688872308e-11	-1.723492459859699e-10
988215906.8678	-6.020069122314453e-06	-4.079192876815796e-07	-3.5837292671203613e-06	-2.710294211283326e-10	-1.3528733688872308e-11	-1.723492459859699e-10
988215956.8678	-6.362795829772949e-06	-3.7066638469696045e-07	-3.851950168609619e-06	-2.710294211283326e-10	-1.375610736431554e-11	-1.7189449863508344e-10
988216006.8678	-6.139278411865234e-06	-4.041939973831177e-07	-3.6507844924926758e-06	-2.714841684792191e-10	-1.3528733688872308e-11	-1.7325874068774283e-10
988216056.8678	-6.288290023803711e-06	-3.8743019104003906e-07	-3.777444362640381e-06	-2.72393663180992e-10	-1.3585577107733116e-11	-1.7325874068774283e-10
988216106.8678	-6.452202796936035e-06	-3.7439167499542236e-07	-3.933906555175781e-06	-2.72393663180992e-10	-1.3528733688872308e-11	-1.7416823538951576e-10
988216156.8678	-6.154179573059082e-06	-4.116445779800415e-07	-3.680586814880371e-06	-2.7284841053187847e-10	-1.3415046851150692e-11	-1.737134880386293e-10
988216206.8678	-6.258487701416016e-06	-3.986060619354248e-07	-3.769993782043457e-06	-2.7193891583010554e-10	-1.3415046851150692e-11	-1.7416823538951576e-10
988216256.8678	-6.16908073425293e-06	-4.116445779800415e-07	-3.6954879760742188e-06	-2.7284841053187847e-10	-1.3415046851150692e-11	-1.7462298274040222e-10
988216306.8678	-6.511807441711426e-06	-3.725290298461914e-07	-3.978610038757324e-06	-2.7193891583010554e-10	-1.34718902700115e-11	-1.7416823538951576e-10
988216356.8678	-6.541609764099121e-06	-3.7439167499542236e-07	-3.978610038757324e-06	-2.714841684792191e-10	-1.3415046851150692e-11	-1.7507773009128869e-10
988216406.8678	-6.258487701416016e-06	-4.116445779800415e-07	-3.7401914596557617e-06	-2.714841684792191e-10	-1.3358203432289883e-11	-1.7553247744217515e-10
988216456.8678	-6.631016731262207e-06	-3.632158041000366e-07	-4.082918167114258e-06	-2.714841684792191e-10	-1.3528733688872308e-11	-1.7598722479306161e-10
988216506.8678	-6.631016731262207e-06	-3.7066638469696045e-07	-4.0531158447265625e-06	-2.714841684792191e-10	-1.3415046851150692e-11	-1.7598722479306161e-10
988216556.8678	-6.720423698425293e-06	-3.6135315895080566e-07	-4.127621650695801e-06	-2.714841684792191e-10	-1.3415046851150692e-11	-1.7689671949483454e-10
988216606.8678	-6.467103958129883e-06	-3.91155481338501e-07	-3.904104232788086e-06	-2.7057467377744615e-10	-1.3415046851150692e-11	-1.7598722479306161e-10
988216656.8678	-6.765127182006836e-06	-3.557652235031128e-07	-4.172325134277344e-06	-2.7057467377744615e-10	-1.3415046851150692e-11	-1.7689671949483454e-10
988216706.8678	-6.8247318267822266e-06	-3.501772880554199e-07	-4.231929779052734e-06	-2.701199264265597e-10	-1.3358203432289883e-11	-1.7689671949483454e-10
988216756.8678	-6.318092346191406e-06	-4.1350722312927246e-07	-3.7848949432373047e-06	-2.7057467377744615e-10	-1.3415046851150692e-11	-1.7689671949483454e-10
988216806.8678	-6.67572021484375e-06	-3.762543201446533e-07	-4.0978193283081055e-06	-2.701199264265597e-10	-1.3358203432289883e-11	-1.7689671949483454e-10
988216856.8678	-6.720423698425293e-06	-3.762543201446533e-07	-4.112720489501953e-06	-2.7057467377744615e-10	-1.3301360013429075e-11	-1.7689671949483454e-10
988216906.8678	-6.631016731262207e-06	-3.8929283618927e-07	-4.023313522338867e-06	-2.701199264265597e-10	-1.3244516594568267e-11	-1.7598722479306161e-10
988216956.8678	-6.780028343200684e-06	-3.762543201446533e-07	-4.127621650695801e-06	-2.696651790756732e-10	-1.3244516594568267e-11	-1.7644197214394808e-10
988217006.8678	-6.318092346191406e-06	-4.3585896492004395e-07	-3.7401914596557617e-06	-2.7057467377744615e-10	-1.3244516594568267e-11	-1.7689671949483454e-10
988217056.8678	-6.839632987976074e-06	-3.7066638469696045e-07	-4.172325134277344e-06	-2.710294211283326e-10	-1.3358203432289883e-11	-1.7553247744217515e-10
988217106.8678	-6.601214408874512e-06	-4.041939973831177e-07	-3.978610038757324e-06	-2.7057467377744615e-10	-1.3415046851150692e-11	-1.7553247744217515e-10
988217156.8678	-6.511807441711426e-06	-4.209578037261963e-07	-3.904104232788086e-06	-2.710294211283326e-10	-1.3244516594568267e-11	-1.7598722479306161e-10
988217206.8678	-6.631016731262207e-06	-4.079192876815796e-07	-3.978610038757324e-06	-2.701199264265597e-10	-1.3415046851150692e-11	-1.7553247744217515e-10
988217256.8678	-6.5267086029052734e-06	-4.1909515857696533e-07	-3.904104232788086e-06	-2.701199264265597e-10	-1.3244516594568267e-11	-1.7507773009128869e-10
988217306.8678	-7.018446922302246e-06	-3.650784492492676e-07	-4.306435585021973e-06	-2.701199264265597e-10	-1.318767317570746e-11	-1.7598722479306161e-10
988217356.8678	-6.5267086029052734e-06	-4.302710294723511e-07	-3.859400749206543e-06	-2.6921043172478676e-10	-1.3415046851150692e-11	-1.7598722479306161e-10
988217406.8678	-7.063150405883789e-06	-3.6135315895080566e-07	-4.32133674621582e-06	-2.7057467377744615e-10	-1.3130829756846651e-11	-1.7689671949483454e-10
988217456.8678	-7.078051567077637e-06	-3.632158041000366e-07	-4.380941390991211e-06	-2.701199264265597e-10	-1.3244516594568267e-11	-1.7644197214394808e-10
988217506.8678	-6.839632987976074e-06	-3.948807716369629e-07	-4.187226295471191e-06	-2.701199264265597e-10	-1.318767317570746e-11	-1.7644197214394808e-10
988217556.8678	-6.690621376037598e-06	-4.0978193283081055e-07	-4.082918167114258e-06	-2.696651790756732e-10	-1.318767317570746e-11	-1.7598722479306161e-10
988217606.8678	-6.780028343200684e-06	-4.041939973831177e-07	-4.172325134277344e-06	-2.7057467377744615e-10	-1.3130829756846651e-11	-1.7553247744217515e-10
988217656.8678	-6.5267086029052734e-06	-4.3585896492004395e-07	-3.948807716369629e-06	-2.701199264265597e-10	-1.318767317570746e-11	-1.7507773009128869e-10
988217706.8678	-6.899237632751465e-06	-3.8929283618927e-07	-4.291534423828125e-06	-2.7057467377744615e-10	-1.3244516594568267e-11	-1.7462298274040222e-10
988217756.8678	-6.601214408874512e-06	-4.284083843231201e-07	-4.06801700592041e-06	-2.7057467377744615e-10	-1.318767317570746e-11	-1.7507773009128869e-10
988217806.8678	-6.809830665588379e-06	-4.116445779800415e-07	-4.217028617858887e-06	-2.696651790756732e-10	-1.3244516594568267e-11	-1.7507773009128869e-10
988217856.8678	-6.735324859619141e-06	-4.2282044887542725e-07	-4.112720489501953e-06	-2.696651790756732e-10	-1.3358203432289883e-11	-1.7507773009128869e-10
988217906.8678	-6.765127182006836e-06	-4.1350722312927246e-07	-4.157423973083496e-06	-2.710294211283326e-10	-1.3244516594568267e-11	-1.7553247744217515e-10
988217956.8678	-7.078051567077637e-06	-3.7997961044311523e-07	-4.410743713378906e-06	-2.7057467377744615e-10	-1.3301360013429075e-11	-1.7553247744217515e-10
988218006.8678	-7.137656211853027e-06	-3.818422555923462e-07	-4.455447196960449e-06	-2.710294211283326e-10	-1.3415046851150692e-11	-1.7462298274040222e-10
988218056.8678	-6.9141387939453125e-06	-4.0978193283081055e-07	-4.26173210144043e-06	-2.710294211283326e-10	-1.3358203432289883e-11	-1.7416823538951576e-10
988218106.8678	-6.67572021484375e-06	-4.4330954551696777e-07	-4.038214683532715e-06	-2.710294211283326e-10	-1.318767317570746e-11	-1.7553247744217515e-10
988218156.8678	-6.720423698425293e-06	-4.414469003677368e-07	-4.082918167114258e-06	-2.696651790756732e-10	-1.3244516594568267e-11	-1.7416823538951576e-10
988218206.8678	-6.8247318267822266e-06	-4.2282044887542725e-07	-4.172325134277344e-06	-2.696651790756732e-10	-1.3415046851150692e-11	-1.7416823538951576e-10
988218256.8678	-7.167458534240723e-06	-3.8929283618927e-07	-4.4405460357666016e-06	-2.6921043172478676e-10	-1.34718902700115e-11	-1.7416823538951576e-10
