1051160040.0	-1.979060471057892e-09	-1.3969838619232178e-09	-9.313225746154785e-10	-4.547473508864641e-13	0.0	1.3642420526593924e-12
1051160240.0	4.791654646396637e-07	-1.6635749489068985e-07	-2.3101456463336945e-06	1.8060291040455922e-09	1.0774101610877551e-09	2.383586661380832e-10
1051160440.0	1.092666934709996e-06	-2.577435225248337e-07	-4.629604518413544e-06	3.6357050703372806e-09	2.063416104647331e-09	-6.752998160663992e-11
1051160640.0	1.8231512513011694e-06	-2.976739779114723e-07	-7.0300884544849396e-06	5.358970156521536e-09	2.8928752726642415e-09	-8.786855687503703e-10
1051160840.0	2.6418128982186317e-06	-3.1443778425455093e-07	-9.574461728334427e-06	6.860318535473198e-09	3.5142875276505947e-09	-2.1254891180433333e-09
1051161040.0	3.5017728805541992e-06	-3.4295953810214996e-07	-1.230509951710701e-05	8.04379851615522e-09	3.887862476403825e-09	-3.6958454074920155e-09
1051161240.0	4.342058673501015e-06	-4.230532795190811e-07	-1.5243887901306152e-05	8.840288501232862e-09	4.005187292932533e-09	-5.465039976115804e-09
1051161440.0	5.097594112157822e-06	-5.909241735935211e-07	-1.8388498574495316e-05	9.21932041819673e-09	3.872514753311407e-09	-7.289372661034577e-09
1051161640.0	5.70039264857769e-06	-8.796341717243195e-07	-2.171006053686142e-05	9.182258509099483e-09	3.5213929550081957e-09	-9.02514329936821e-09
1051161840.0	6.092479452490807e-06	-1.312466338276863e-06	-2.515711821615696e-05	8.773213266977109e-09	3.000764081662055e-09	-1.05355866253376e-08
1051162040.0	6.2300823628902435e-06	-1.900363713502884e-06	-2.8655165806412697e-05	8.070855983532965e-09	2.3758843781251926e-09	-1.1708607416949235e-08
1051162240.0	6.087124347686768e-06	-2.641230821609497e-06	-3.211433067917824e-05	7.180119609984104e-09	1.7228103388333693e-09	-1.2467125998227857e-08
1051162440.0	5.6675635278224945e-06	-3.5141129046678543e-06	-3.543752245604992e-05	6.232539817574434e-09	1.1242207165196305e-09	-1.276771399716381e-08
1051162640.0	4.996545612812042e-06	-4.48618084192276e-06	-3.852800000458956e-05	5.375568434828892e-09	6.658993356722931e-10	-1.2611963029485196e-08
1051162840.0	4.13600355386734e-06	-5.50481490790844e-06	-4.129775334149599e-05	4.7508024181297515e-09	4.141043064009864e-10	-1.205785338243004e-08
1051163040.0	3.1706877052783966e-06	-6.509479135274887e-06	-4.3677711801137775e-05	4.498303951550042e-09	4.3525005821720697e-10	-1.12024736154126e-08
1051163240.0	2.2132880985736847e-06	-7.427530363202095e-06	-4.562764661386609e-05	4.73981920379174e-09	7.659082257305272e-10	-1.0190206012339331e-08
1051163440.0	1.3937242329120636e-06	-8.183065801858902e-06	-4.7142733819782734e-05	5.557126314670313e-09	1.4222223398974165e-09	-9.200221029459499e-09
1051163640.0	8.582137525081635e-07	-8.700648322701454e-06	-4.8257759772241116e-05	7.005780844338005e-09	2.393790055066347e-09	-8.441702448180877e-09
1051163840.0	7.534399628639221e-07	-8.91159288585186e-06	-4.905625246465206e-05	9.083464647119399e-09	3.6390019886312075e-09	-8.13383849163074e-09
1051164040.0	1.2195669114589691e-06	-8.761417120695114e-06	-4.9666501581668854e-05	1.1743281902454328e-08	5.085098564450163e-09	-8.501956472173333e-09
1051164240.0	2.384185791015625e-06	-8.209957741200924e-06	-5.025952123105526e-05	1.4888541954860557e-08	6.639425009780098e-09	-9.766154107637703e-09
1051164440.0	4.340428858995438e-06	-7.2445254772901535e-06	-5.105556920170784e-05	1.835917373682605e-08	8.17533418739913e-09	-1.2105374480597675e-08
1051164640.0	7.151393219828606e-06	-5.877343937754631e-06	-5.230354145169258e-05	2.1954519979772158e-08	9.550149115966633e-09	-1.567036633787211e-08
1051164840.0	1.0825693607330322e-05	-4.156085196882486e-06	-5.428073927760124e-05	2.543129085097462e-08	1.0603571354295127e-08	-2.0560491975629702e-08
1051165040.0	1.5327241271734238e-05	-2.1563610062003136e-06	-5.7274941354990005e-05	2.8512204153230414e-08	1.1172005542903207e-08	-2.681576916074846e-08
1051165240.0	2.0551960915327072e-05	6.970367394387722e-09	-6.157997995615005e-05	3.0893716029822826e-08	1.1088559404015541e-08	-3.439890861045569e-08
1051165440.0	2.6335474103689194e-05	2.1869054762646556e-06	-6.747245788574219e-05	3.226500666642096e-08	1.0194867172685917e-08	-4.320179414207814e-08
1051165640.0	3.2447511330246925e-05	4.204834112897515e-06	-7.520196959376335e-05	3.231434675399214e-08	8.348933988600038e-09	-5.30414752120123e-08
1051165840.0	3.8600293919444084e-05	5.857611540704966e-06	-8.497107774019241e-05	3.074751475651283e-08	5.434344529930968e-09	-6.365821825227158e-08
1051166040.0	4.444261867320165e-05	6.91728200763464e-06	-9.692367166280746e-05	2.7306441552354954e-08	1.3637873053085059e-09	-7.471535923286865e-08
1051166240.0	4.95776766911149e-05	7.143942639231682e-06	-0.0001111314631998539	2.177534952352289e-08	-3.907302925654221e-09	-8.581554311604123e-08
1051166440.0	5.356990732252598e-05	6.291200406849384e-06	-0.00012757861986756325	1.399598659190815e-08	-1.0384496818005573e-08	-9.650500487623503e-08
1051166640.0	5.595583934336901e-05	4.116212949156761e-06	-0.0001461552456021309	3.885588739649393e-09	-1.8020386960415635e-08	-1.0629048574628541e-07
1051166840.0	5.6260498240590096e-05	3.878958523273468e-07	-0.00016664713621139526	-8.560618880437687e-09	-2.671936272236053e-08	-1.1465272109489888e-07
1051167040.0	5.4021598771214485e-05	-5.097594112157822e-06	-0.00018874043598771095	-2.3260554371518083e-08	-3.633317646745127e-08	-1.2106602298445068e-07
1051167240.0	4.879198968410492e-05	-1.2514414265751839e-05	-0.0002120104618370533	-4.003959475085139e-08	-4.6662421482324135e-08	-1.2501686796895228e-07
1051167440.0	4.017213359475136e-05	-2.1990854293107986e-05	-0.0002359342761337757	-5.8626710597309284e-08	-5.746341003032285e-08	-1.260193585039815e-07
1051167640.0	2.782372757792473e-05	-3.360235132277012e-05	-0.0002598951105028391	-7.866276519052917e-08	-6.844925337645691e-08	-1.2364648682705592e-07
1051167840.0	1.1483673006296158e-05	-4.7365669161081314e-05	-0.00028319237753748894	-9.97009692582651e-08	-7.929338607937098e-08	-1.1753627404686995e-07
1051168040.0	-9.0072862803936e-06	-6.322958506643772e-05	-0.00030507356859743595	-1.2122086445742752e-07	-8.965243836200898e-08	-1.0742405720520765e-07
1051168240.0	-3.370875492691994e-05	-8.107279427349567e-05	-0.0003247290151193738	-1.4264122683016467e-07	-9.916293208789284e-08	-9.315067472925875e-08
1051168440.0	-6.255786865949631e-05	-0.00010070251300930977	-0.00034133403096348047	-1.633349597796041e-07	-1.0745404210865672e-07	-7.467201612598728e-08
1051168640.0	-9.536324068903923e-05	-0.00012185168452560902	-0.00035405857852310874	-1.826371942570404e-07	-1.1417080258979695e-07	-5.207130016060546e-08
1051168840.0	-0.00013180309906601906	-0.0001441847998648882	-0.00036210636608302593	-1.998838641270595e-07	-1.189697513837018e-07	-2.5566578187863342e-08
1051169040.0	-0.00017142342403531075	-0.00016730139032006264	-0.00036473176442086697	-2.144203676834877e-07	-1.2154481510151527e-07	4.492449079407379e-09
1051169240.0	-0.00021364446729421616	-0.00019074301235377789	-0.00036126933991909027	-2.256317088722426e-07	-1.216341161125456e-07	3.7627387428074144e-08
1051169440.0	-0.00025777053087949753	-0.0002140076830983162	-0.0003511605318635702	-2.3296126983041177e-07	-1.1903875929419883e-07	7.324410944420379e-08
1051169640.0	-0.00030299974605441093	-0.00023655220866203308	-0.0003339662216603756	-2.359234940740862e-07	-1.136078253693995e-07	1.1063616511819419e-07
1051169840.0	-0.00034844689071178436	-0.00025781814474612474	-0.0003094037529081106	-2.3414179395331303e-07	-1.0528242455620784e-07	1.4902593648002949e-07
1051170040.0	-0.0003931589890271425	-0.0002772368025034666	-0.0002773408778011799	-2.273444579259376e-07	-9.40644895308651e-08	1.8756713870970998e-07
1051170240.0	-0.00043613859452307224	-0.0002942455466836691	-0.00023781508207321167	-2.153783498215489e-07	-8.003542006917996e-08	2.2536573851539288e-07
1051170440.0	-0.00047637266106903553	-0.0003083072369918227	-0.00019104406237602234	-1.9822505237243604e-07	-6.335744728858117e-08	2.615336143207969e-07
1051170640.0	-0.0005128474440425634	-0.0003189175040461123	-0.00013741431757807732	-1.759929091349477e-07	-4.425919541972689e-08	2.951860551547725e-07
1051170840.0	-0.0005445943679660559	-0.00032562979322392493	-7.749022915959358e-05	-1.4892111721565016e-07	-2.303602286701789e-08	3.2548564377066214e-07
1051171040.0	-0.0005706885131075978	-0.0003280532837379724	-1.1987052857875824e-05	-1.173630153061822e-07	-3.808509063674137e-11	3.516617539389699e-07
1051171240.0	-0.000590285926591605	-0.00032587023451924324	5.8232806622982025e-05	-8.178244570444804e-08	2.4338987714145333e-08	3.73023738120537e-07
1051171440.0	-0.0006026479823049158	-0.0003188474220223725	0.00013218075037002563	-4.2738747652038e-08	4.966750566381961e-08	3.8898896548289486e-07
1051171640.0	-0.0006071463576517999	-0.0003068342339247465	0.0002087606117129326	-8.581082511227578e-10	7.549704150733305e-08	3.9909087945488864e-07
1051171840.0	-0.0006032795645296574	-0.00028976809699088335	0.0002868003211915493	4.316802915127482e-08	1.0137171102542197e-07	4.0298192516274867e-07
1051172040.0	-0.000590683426707983	-0.0002676758449524641	0.00036506447941064835	8.862548384058755e-08	1.2683756267506396e-07	4.004400580015499e-07
1051172240.0	-0.0005691368132829666	-0.0002406721469014883	0.00044228695333004	1.3477301763487048e-07	1.5145383258641232e-07	3.913713726433343e-07
1051172440.0	-0.0005385607946664095	-0.00020895595662295818	0.0005171908996999264	1.8087598618876655e-07	1.748053364281077e-07	3.757903641599114e-07
1051172640.0	-0.0004990203306078911	-0.0001728050410747528	0.0005885106511414051	2.26216343435226e-07	1.9650502736112685e-07	3.538261807989329e-07
1051172840.0	-0.00045071798376739025	-0.0001325695775449276	0.000655011972412467	2.701035555219278e-07	2.1620309098580037e-07	3.256957370467717e-07
1051173040.0	-0.0003939864691346884	-8.866610005497932e-05	0.0007155067287385464	3.1188699267659103e-07	2.3357961254077964e-07	2.916965513577452e-07
1051173240.0	-0.00032928725704550743	-4.157074727118015e-05	0.00076887640170753	3.5096047668048413e-07	2.48365722654853e-07	2.5220060706487857e-07
1051173440.0	-0.0002571903169155121	8.191214874386787e-06	0.000814070925116539	3.8676853364449926e-07	2.603210731422223e-07	2.076333203149261e-07
1051173640.0	-0.00017837714403867722	6.004772149026394e-05	0.0008501304546371102	4.188016191619681e-07	2.6924417717566484e-07	1.584612618898973e-07
1051173840.0	-9.36221331357956e-05	0.0001133910845965147	0.00087618367979303	4.465892402549798e-07	2.7496189147768746e-07	1.0518215276533738e-07
1051174040.0	-3.791414201259613e-06	0.00016757939010858536	0.0008914627833291888	4.6971524625405436e-07	2.7733872798307857e-07	4.8328274715458974e-08
1051174240.0	9.016832336783409e-05	0.0002219474408775568	0.0008953021897468716	4.878012731523995e-07	2.762621420515643e-07	-1.1547399481059983e-08
1051174440.0	0.00018724007532000542	0.00027580722235143185	0.0008871442405506968	5.004995102808607e-07	2.716436711125425e-07	-7.387097866740078e-08
1051174640.0	0.0002863369882106781	0.0003284567501395941	0.0008665580535307527	5.075034437140857e-07	2.6342138426116435e-07	-1.3804879017698113e-07
1051174840.0	0.00038631027564406395	0.0003791751805692911	0.0008332047145813704	5.085159386908344e-07	2.515444066375494e-07	-2.0345441953395493e-07
1051175040.0	0.0004859589971601963	0.00042724329978227615	0.0007869058754295111	5.032945864513749e-07	2.359965947107412e-07	-2.6944553610519506e-07
1051175240.0	0.0005840258672833443	0.00047192792408168316	0.0007275792304426432	4.916020088785444e-07	2.16775788430823e-07	-3.3533137866470497e-07
1051175440.0	0.0006792210042476654	0.0005125099560245872	0.0006553167477250099	4.7325829655164853e-07	1.9391416117287008e-07	-4.004009497293737e-07
1051175640.0	0.0007702007424086332	0.0005482599372044206	0.0005703195929527283	4.4810008148488123e-07	1.6746548681112472e-07	-4.638818609237205e-07
1051175840.0	0.0008556107059121132	0.0005784798413515091	0.0004729731008410454	4.1603061617934145e-07	1.3752617178397486e-07	-5.249795549389091e-07
1051176040.0	0.0009340781252831221	0.0006024891627021134	0.00036382488906383514	3.7700442589994054e-07	1.0423036655993201e-07	-5.828469511470757e-07
1051176240.0	0.0010042078793048859	0.000619625934632495	0.00024357717484235764	3.3103810892498586e-07	6.775803740310948e-08	-6.365846729750047e-07
1051176440.0	0.00106464431155473	0.0006292877005762421	0.00011313380673527718	2.7823762138723396e-07	2.8343265512376092e-08	-6.852789056210895e-07
1051176640.0	0.0011140232672914863	0.0006309007876552641	-2.642720937728882e-05	2.187916834373027e-07	-1.3719272828893736e-08	-7.279651299541001e-07
1051176840.0	0.001151069300249219	0.0006239812937565148	-0.00017382623627781868	1.5300543054763693e-07	-5.807282832392957e-08	-7.636878081029863e-07
1051177040.0	0.001174533950688783	0.0006080965977162123	-0.0003275955095887184	8.12947291706223e-08	-1.0429585017845966e-07	-7.914625825833355e-07
1051177240.0	0.0011833050230052322	0.0005829279543831944	-0.0004860721528530121	4.205958248348907e-09	-1.5189687019301346e-07	-8.103527875391592e-07
1051177440.0	0.0011763533111661673	0.0005482402630150318	-0.000647406093776226	-7.757762432447635e-08	-2.0031347958138213e-07	-8.194342626666185e-07
1051177640.0	0.001152835669927299	0.0005039363168179989	-0.0008095763623714447	-1.6323656382155605e-07	-2.48914602707373e-07	-8.178782309187227e-07
1051177840.0	0.0011120459530502558	0.0004500318318605423	-0.0009703873656690121	-2.5180406737490557e-07	-2.9700402137677884e-07	-8.049124744502478e-07
1051178040.0	0.0010535246692597866	0.00038670492358505726	-0.0011275243014097214	-3.4217646316392347e-07	-3.4383413094474236e-07	-7.7991944635869e-07
1051178240.0	0.0009770074393600225	0.0003142708446830511	-0.0012785368598997593	-4.3311092667863704e-07	-3.885992896357493e-07	-7.423943770845653e-07
1051178440.0	0.0008825219701975584	0.0002332234289497137	-0.0014209174551069736	-5.232527655607555e-07	-4.3046907194366213e-07	-6.920436135260388e-07
1051178640.0	0.0007703476585447788	0.00014421343803405762	-0.0015520870219916105	-6.111278025855427e-07	-4.6857803681632504e-07	-6.287461928877747e-07
1051178840.0	0.0006410889327526093	4.807044751942158e-05	-0.0016694986261427402	-6.951928526177653e-07	-5.020740445615957e-07	-5.526305812963983e-07
1051179040.0	0.0004956447519361973	-5.420972593128681e-05	-0.0017706176731735468	-7.738300382698071e-07	-5.300953915821083e-07	-4.640489805751713e-07
1051179240.0	0.00033525051549077034	-0.0001614619977772236	-0.0018530328525230289	-8.454101134702796e-07	-5.518347663269196e-07	-3.636343990365276e-07
1051179440.0	0.00016146618872880936	-0.00027236598543822765	-0.0019144828547723591	-9.083193504011433e-07	-5.665439033464281e-07	-2.5228882805095054e-07
1051179640.0	-2.383999526500702e-05	-0.00038545927964150906	-0.0019528858683770522	-9.60966161756005e-07	-5.735381307658827e-07	-1.3118005881551653e-07
1051179840.0	-0.00021848641335964203	-0.0004991551395505667	-0.0019664549618028104	-1.0018734304395593e-06	-5.722454261558596e-07	-1.7523689166409895e-09
1051180040.0	-0.0004200092516839504	-0.0006117590237408876	-0.0019536749459803104	-1.0296774064499914e-06	-5.62210118459916e-07	1.3429576029011514e-07
1051180240.0	-0.0006256918422877789	-0.0007215093355625868	-0.0019134368048980832	-1.0432000294713362e-06	-5.431311933534744e-07	2.750336989265634e-07
1051180440.0	-0.0008325991220772266	-0.0008265872020274401	-0.0018449886702001095	-1.0414552207294037e-06	-5.148526724951807e-07	4.1832277020148467e-07
1051180640.0	-0.0010376321151852608	-0.0009251716546714306	-0.001748060341924429	-1.0237268952550949e-06	-4.774009312313865e-07	5.618651357508497e-07
1051180840.0	-0.0012375609949231148	-0.001015450805425644	-0.0016228139866143465	-9.895537687043543e-07	-4.309749783715233e-07	7.0323767431546e-07
1051181040.0	-0.0014291121624410152	-0.0010956869227811694	-0.0014699376188218594	-9.387906629854115e-07	-3.759665787583799e-07	8.39953145259642e-07
1051181240.0	-0.0016089915297925472	-0.0011642181780189276	-0.0012905783951282501	-8.715946933079977e-07	-3.129413244096213e-07	9.695029348222306e-07
1051181440.0	-0.001773993019014597	-0.0012195325689390302	-0.0010864119976758957	-7.884632395871449e-07	-2.4264795683848206e-07	1.0894367505898117e-06
1051181640.0	-0.0019210097379982471	-0.0012602611677721143	-0.0008595590479671955	-6.90198476149817e-07	-1.6600108665443258e-07	1.1973875189141836e-06
1051181840.0	-0.002047159243375063	-0.0012852540530730039	-0.0006126244552433491	-5.77931587031344e-07	-8.405868356931023e-08	1.29117051983485e-06
1051182040.0	-0.002149776788428426	-0.0012935613776789978	-0.0003486066125333309	-4.530727437668247e-07	1.9959998098784126e-09	1.3687915156879171e-06
1051182240.0	-0.0022265352308750153	-0.001284498255699873	-7.088622078299522e-05	-3.1729905458632857e-07	9.087682428798871e-08	1.4285378142631089e-06
1051182440.0	-0.0022754282981622964	-0.0012576213339343667	0.00021684961393475533	-1.725159108900698e-07	1.812223899833043e-07	1.4689662481970345e-06
1051182640.0	-0.0022948741243453696	-0.0012127793161198497	0.0005106530152261257	-2.0812422008020803e-08	2.716320750550949e-07	1.4889846227106318e-06
1051182840.0	-0.0022837211145088077	-0.0011501007247716188	0.0008063996210694313	1.3557905731431674e-07	3.6068888675799826e-07	1.4878485785629891e-06
1051183040.0	-0.00224123802036047	-0.0010699768317863345	0.0010998416692018509	2.943361323559657e-07	4.4699038426188054e-07	1.465151626689476e-06
1051183240.0	-0.0021671989234164357	-0.0009730940219014883	0.0013866960071027279	4.530927526502637e-07	5.291832394505036e-07	1.420870034962718e-06
1051183440.0	-0.002061809878796339	-0.0008603832684457302	0.0016626911237835884	6.094815034884959e-07	6.05970626565977e-07	1.3553077451433637e-06
1051183640.0	-0.001925779040902853	-0.0007330405060201883	0.0019236691296100616	7.611834007548168e-07	6.761584927517106e-07	1.269125277758576e-06
1051183840.0	-0.0017602352891117334	-0.0005924752913415432	0.0021656076423823833	9.059585863724351e-07	7.386466336356534e-07	1.1632732821453828e-06
1051184040.0	-0.0015667702537029982	-0.0004403169732540846	0.002384728053584695	1.0416945315228077e-06	7.924676879156323e-07	1.0390017450845335e-06
1051184240.0	-0.0013473560102283955	-0.00027836463414132595	0.002577489009127021	1.1664093335639336e-06	8.367718464796781e-07	8.977854122349527e-07
1051184440.0	-0.0011043655686080456	-0.0001085805706679821	0.002740700263530016	1.2783100373781053e-06	8.708618395303347e-07	7.413427738356404e-07
1051184640.0	-0.0008404930122196674	6.695091724395752e-05	0.002871489617973566	1.3757653505308554e-06	8.941635769588174e-07	5.715496627090033e-07
1051184840.0	-0.0005587534978985786	0.0002460423856973648	0.0029674117686226964	1.457361292978021e-06	9.062574548579505e-07	3.9044584809744265e-07
1051185040.0	-0.0002624131739139557	0.0004264356102794409	0.0030263988010119647	1.5218595308397198e-06	9.068486406249576e-07	2.0017796487081796e-07
1051185240.0	4.502385854721069e-05	0.000605827895924449	0.003046857222216204	1.5682465885902275e-06	8.957826480582298e-07	2.9876900953240693e-09
1051185440.0	0.0003598765470087528	0.000781891169026494	0.0030276034958660603	1.5956920265125518e-06	8.730216336516605e-07	-1.9881849766534287e-07
1051185640.0	0.0006783157587051392	0.0009523117914795876	0.0029679613653570414	1.6035834562444506e-06	8.386729177800589e-07	-4.0289114622282796e-07
1051185840.0	0.0009964019991457462	0.0011147938203066587	0.002867680974304676	1.5914877167233499e-06	7.929342018542229e-07	-6.068487437005388e-07
1051186040.0	0.0013101352378726006	0.001267102314159274	0.0027270212303847075	1.5591853070873185e-06	7.361371672232053e-07	-8.083045486273477e-07
1051186240.0	0.0016154912300407887	0.0014070798642933369	0.0025467153172940016	1.5066458445289754e-06	6.687181439701817e-07	-1.004876367005636e-06
1051186440.0	0.0019084406085312366	0.0015326507855206728	0.0023279401939362288	1.434012119716499e-06	5.912130518481717e-07	-1.194179958474706e-06
1051186640.0	0.0021850208286195993	0.0016418749000877142	0.002072383649647236	1.3416419051281991e-06	5.042709290137282e-07	-1.3738731468038168e-06
1051186840.0	0.002441337099298835	0.0017329317051917315	0.0017821644432842731	1.2300674825382885e-06	4.0863903905119514e-07	-1.541629217172158e-06
1051187040.0	0.0026736457366496325	0.0018041810253635049	0.0014598937705159187	1.1000374797731638e-06	3.051743533433182e-07	-1.695191599537793e-06
1051187240.0	0.0028783376328647137	0.001854138885391876	0.001108597032725811	9.5248674369941e-07	1.9483115920593264e-07	-1.8323394215258304e-06
1051187440.0	0.0030520441941916943	0.001881545984360855	0.0007317597046494484	7.885696504672524e-07	7.867629392421804e-08	-1.9509636786096962e-06
1051187640.0	0.0031916145235300064	0.0018853431392926723	0.0003332635387778282	6.096483957662713e-07	-4.212949988868786e-08	-2.0490269889705814e-06
1051187840.0	0.0032942226389423013	0.001864733174443245	-8.26055184006691e-05	4.173057277512271e-07	-1.6632259303150931e-07	-2.124637717315636e-06
1051188040.0	0.0033573471882846206	0.0018191613489761949	-0.0005112006328999996	2.1334631128411274e-07	-2.9253681077534566e-07	-2.176033142120559e-06
1051188240.0	0.003378871362656355	0.0017483681440353394	-0.0009475387632846832	-2.0168045011814684e-10	-4.193154836684698e-07	-2.201646168487059e-06
1051188440.0	0.0033571095555089414	0.001652394887059927	-0.0013863486237823963	-2.2109452402219176e-07	-5.451203151096706e-07	-2.200126175466721e-06
1051188640.0	0.0032908122520893812	0.001531581161543727	-0.0018221009522676468	-4.4686589717457537e-07	-6.683303581667133e-07	-2.1703521042581997e-06
1051188840.0	0.003179282648488879	0.0013866156805306673	-0.0022490909323096275	-6.748546184098814e-07	-7.872716878409847e-07	-2.111511548719136e-06
1051189040.0	0.0030223368667066097	0.0012185093946754932	-0.0026614549569785595	-9.022066933539463e-07	-9.002168326333049e-07	-2.0230988866387634e-06
1051189240.0	0.0028204082045704126	0.0010286353062838316	-0.0030532912351191044	-1.1259130587859545e-06	-1.0054250765278994e-06	-1.9049814454774605e-06
1051189440.0	0.0025745159946382046	0.0008187000639736652	-0.0034186840057373047	-1.3428204965748591e-06	-1.1011468927790702e-06	-1.7574150206201011e-06
1051189640.0	0.002286346163600683	0.0005907684098929167	-0.0037518367171287537	-1.549695980429533e-06	-1.1856686228384206e-06	-1.581097649250296e-06
1051189840.0	0.001958206295967102	0.00034723454155027866	-0.004047106951475143	-1.7432419099350227e-06	-1.2573238166169176e-06	-1.3771675639873138e-06
1051190040.0	0.0015930929221212864	9.082234464585781e-05	-0.004299159161746502	-1.9201696659365552e-06	-1.3145447894657991e-06	-1.1472468486317666e-06
1051190240.0	0.0011946270242333412	-0.0001754483673721552	-0.004502997035160661	-2.077245540021977e-06	-1.3558871678753803e-06	-8.934498509916011e-07
1051190440.0	0.0007670815102756023	-0.0004482830408960581	-0.0046541254268959165	-2.211361618265073e-06	-1.3800720921608445e-06	-6.183804543979932e-07
1051190640.0	0.0003153202123939991	-0.0007241503335535526	-0.004748581035528332	-2.3195883045445953e-06	-1.386012769444278e-06	-3.251213911426021e-07
1051190840.0	-0.00015522632747888565	-0.0009993293788284063	-0.004783103606314398	-2.3992670321604237e-06	-1.3728714520766516e-06	-1.7219917936017737e-08
1051191040.0	-0.000638631172478199	-0.001269949832931161	-0.0047551344614475965	-2.448039523983425e-06	-1.3400543252828356e-06	3.013553850905737e-07
1051191240.0	-0.0011285357177257538	-0.0015320605598390102	-0.004662987077608705	-2.463971213728655e-06	-1.2872862384938344e-06	6.262582701310748e-07
1051191440.0	-0.0016182414256036282	-0.001781686209142208	-0.0045058641117066145	-2.445569634801359e-06	-1.2145994787715608e-06	9.528280315862503e-07
1051191640.0	-0.002100795041769743	-0.0020148814655840397	-0.004283891525119543	-2.3918570377645665e-06	-1.1223722822251148e-06	1.276166585739702e-06
1051191840.0	-0.002569118980318308	-0.0022278270917013288	-0.003998233703896403	-2.3024263100523967e-06	-1.0113326425198466e-06	1.5912257822492393e-06
1051192040.0	-0.003016092348843813	-0.0024168650852516294	-0.0036510247737169266	-2.177450824092375e-06	-8.825517170407693e-07	1.892889031296363e-06
1051192240.0	-0.003434710670262575	-0.0025786046171560884	-0.0032454505562782288	-2.017746055571479e-06	-7.374604820142849e-07	2.1761038624390494e-06
1051192440.0	-0.0038181741256266832	-0.0027099535800516605	-0.0027856631204485893	-1.8247376374347368e-06	-5.778066451966879e-07	2.4359504777748953e-06
1051192640.0	-0.0041600537952035666	-0.0028082196367904544	-0.002276796381920576	-1.6004862573026912e-06	-4.056529405715992e-07	2.6677884079617797e-06
1051192840.0	-0.004454359645023942	-0.0028711264312732965	-0.0017248503863811493	-1.3476342246576678e-06	-2.2332483240461443e-07	2.8673167662418564e-06
1051193040.0	-0.004695715615525842	-0.0028969058257644065	-0.0011366568505764008	-1.069392055796925e-06	-3.338163878652267e-08	3.0307116958283586e-06
1051193240.0	-0.004879401181824505	-0.0028842956526204944	-0.0005197422578930855	-7.694536634517135e-07	1.6143883385666413e-07	3.1546775289825746e-06
1051193440.0	-0.005001510260626674	-0.0028326160390861332	0.00011775782331824303	-4.519533831626177e-07	3.5826747080136556e-07	3.2365572195658387e-06
1051193640.0	-0.005058963899500668	-0.002741745673120022	0.0007672496140003204	-1.2137206795159727e-07	5.541694463317981e-07	3.274341224823729e-06
1051193840.0	-0.005049634259194136	-0.0026121687842532992	0.0014198110438883305	2.1754976842203178e-07	7.46191631151305e-07	3.2667605864844518e-06
1051194040.0	-0.004972320515662432	-0.0024449345655739307	0.002066332381218672	5.599010819423711e-07	9.314304634244763e-07	3.2132537626239355e-06
1051194240.0	-0.004826846066862345	-0.002241682494059205	0.002697673626244068	9.00701934369863e-07	1.1070756045228336e-06	3.1140272085394827e-06
1051194440.0	-0.00461398926563561	-0.0020045791752636433	0.003304789774119854	1.2349844382697484e-06	1.2704663276963402e-06	2.969979050249094e-06
1051194640.0	-0.004335536854341626	-0.0017363163642585278	0.0038789017125964165	1.5578932561766123e-06	1.4191382433637045e-06	2.7827245503431186e-06
1051194840.0	-0.003994223196059465	-0.001440052641555667	0.004411613568663597	1.8647640445124125e-06	1.5508628052884887e-06	2.554523689468624e-06
1051195040.0	-0.003593665547668934	-0.0011193586979061365	0.004895017482340336	2.1511921204364626e-06	1.6636567465866392e-06	2.288208406753256e-06
1051195240.0	-0.003138357773423195	-0.0007781824097037315	0.005321852630004287	2.4131002192007145e-06	1.7558434706188564e-06	1.9871567928930745e-06
1051195440.0	-0.0026335432194173336	-0.0004207685124129057	0.005685542710125446	2.646781126713904e-06	1.8260289493809978e-06	1.6551907719986048e-06
1051195640.0	-0.002085188403725624	-5.1615992560982704e-05	0.005980348330922425	2.8489550913946005e-06	1.8731468998112177e-06	1.2965269888809416e-06
1051195840.0	-0.0014998516999185085	0.0003245971165597439	0.006201363867148757	3.016772723185568e-06	1.8964281665034832e-06	9.15679720492335e-07
1051196040.0	-0.0008846311829984188	0.000703067984431982	0.006344644643831998	3.1478559776587645e-06	1.8954211213895178e-06	5.174063062440837e-07
1051196240.0	-0.0002470402978360653	0.0010789320804178715	0.006407173510524444	3.2402905105755053e-06	1.8699726354043378e-06	1.0663347893569153e-07
1051196440.0	0.00040505919605493546	0.0014473255723714828	0.00638696679379791	3.2926481754458337e-06	1.820226600557362e-06	-3.1160152502707206e-07
1051196640.0	0.001063574105501175	0.0018034346867352724	0.006283012451604009	3.303957100797561e-06	1.7465939095018257e-06	-7.322116744035156e-07
1051196840.0	0.0017202608287334442	0.0021425620652735233	0.0060953531647101045	3.2737276001171267e-06	1.6497672277182573e-06	-1.150109483205597e-06
1051197040.0	0.002366813365370035	0.002460160292685032	0.005825001979246736	3.2018996307670022e-06	1.5306732166209258e-06	-1.560248165333178e-06
1051197240.0	0.0029949727468192577	0.0027519052382558584	0.005474013509228826	3.0888735409462242e-06	1.3904852949053748e-06	-1.9576684735511662e-06
1051197440.0	0.0035965819843113422	0.003013710491359234	0.00504538300447166	2.9354624757615966e-06	1.2305853260841104e-06	-2.3375243927148404e-06
1051197640.0	0.004163704812526703	0.0032418047776445746	0.004543092101812363	2.7429115334598464e-06	1.052578568305762e-06	-2.6951349809678504e-06
1051197840.0	0.004688675282523036	0.003432738478295505	0.003972009755671024	2.512850869607064e-06	8.582594546169275e-07	-3.0259814138844376e-06
1051198040.0	0.005164203466847539	0.003583450452424586	0.003337909933179617	2.247323664050782e-06	6.496072728623403e-07	-3.3257713312195847e-06
1051198240.0	0.005583450896665454	0.0036912946961820126	0.0026473975740373135	1.9487549707264407e-06	4.287802539693075e-07	-3.5904499782191124e-06
1051198440.0	0.005940072936937213	0.0037540537741733715	0.001907847821712494	1.6199389847315615e-06	1.9809317564067896e-07	-3.81622612621868e-06
1051198640.0	0.006228357437066734	0.003770012641325593	0.001127381343394518	1.264052798433113e-06	-3.9979909161047544e-08	-3.999631189799402e-06
1051198840.0	0.006443223217502236	0.0037379400455392897	0.00031476374715566635	8.846232049108949e-07	-2.82824544228788e-07	-4.137514281410404e-06
1051199040.0	0.006580364017281681	0.0036571621312759817	-0.0005206339992582798	4.855376118939603e-07	-5.276971251078066e-07	-4.227124270173022e-06
1051199240.0	0.006636248304857872	0.003527542925439775	-0.0013689384795725346	7.101152732502669e-08	-7.717459311606945e-07	-4.266110607886731e-06
1051199440.0	0.00660825683735311	0.0033495472744107246	-0.0022198548540472984	-3.5441462387098e-07	-1.012023403745843e-06	-4.252612541222334e-06
1051199640.0	0.006494665169157088	0.003124214825220406	-0.0030627530068159103	-7.859064226067858e-07	-1.2455066098482348e-06	-4.185253715149884e-06
1051199840.0	0.0062947835540398955	0.002853213809430599	-0.0038868016563355923	-1.21836183097912e-06	-1.469137032472645e-06	-4.06324227242294e-06
1051200040.0	0.006008924217894673	0.00253880862146616	-0.004681049846112728	-1.6464496184198651e-06	-1.679826254985528e-06	-3.886376930495317e-06
1051200240.0	0.0056385197676718235	0.002183892298489809	-0.005434591788798571	-2.064653017441742e-06	-1.8745204215520062e-06	-3.6551202811097028e-06
1051200440.0	0.005186088383197784	0.0017919531092047691	-0.0061366623267531395	-2.4673247480677674e-06	-2.0502096731433994e-06	-3.3706267004163237e-06
1051200640.0	0.0046553099527955055	0.001367078861221671	-0.006776819936931133	-2.8487575036706403e-06	-2.2039986333766137e-06	-3.034791689060512e-06
1051200840.0	0.004050976596772671	0.0009139131288975477	-0.0073450482450425625	-3.2032369290391216e-06	-2.3331320733177563e-06	-2.650263922987506e-06
1051201040.0	0.003379044122993946	0.0004376389551907778	-0.007831976981833577	-3.5251558756499435e-06	-2.435063947814342e-06	-2.220486521764542e-06
1051201240.0	0.0026465458795428276	-5.608284845948219e-05	-0.008228962658904493	-3.80907226826821e-06	-2.5074909828504133e-06	-1.749683178786654e-06
1051201440.0	0.001861589029431343	-0.0005611588712781668	-0.00852830777876079	-4.049833137287351e-06	-2.54842834124247e-06	-1.2428668014763389e-06
1051201640.0	0.0010332735255360603	-0.001071134814992547	-0.008723396807909012	-4.242672162035888e-06	-2.55624885880934e-06	-7.058060873532668e-07
1051201840.0	0.0001715957187116146	-0.001579271163791418	-0.008808803218926187	-4.383293543241962e-06	-2.5297372872046253e-06	-1.4498027667286806e-07
1051202040.0	-0.0007126401178538799	-0.0020786351524293423	-0.008780506788752973	-4.468012718916725e-06	-2.4681484092070605e-06	4.324795099819312e-07
1051202240.0	-0.001607966609299183	-0.0025621887762099504	-0.008635922684334219	-4.493834296681598e-06	-2.3712347001492162e-06	1.0188764463237021e-06
1051202440.0	-0.0025023967027664185	-0.0030229066032916307	-0.008374093915335834	-4.458569208054541e-06	-2.239301807094307e-06	1.6060575944720767e-06
1051202640.0	-0.0033835885114967823	-0.0034538693726062775	-0.00799568579532206	-4.360879870546341e-06	-2.073204086627811e-06	2.1855207705812063e-06
1051202840.0	-0.0042390343733131886	-0.003848399268463254	-0.007503119530156255	-4.200412604404846e-06	-1.874393888101622e-06	2.748585302470019e-06
1051203040.0	-0.005056240130215883	-0.004200149676762521	-0.006900518899783492	-3.977782625952386e-06	-1.6448869928353815e-06	3.2865034427231876e-06
1051203240.0	-0.005822962382808328	-0.004503255127929151	-0.006193782668560743	-3.6946729551345925e-06	-1.3872801218894892e-06	3.7906804664089577e-06
1051203440.0	-0.006527368910610676	-0.0047523981193080544	-0.005390461999922991	-3.353784904902568e-06	-1.1047009138565045e-06	4.252786311553791e-06
1051203640.0	-0.0071582982782274485	-0.004942958417814225	-0.004499754868447781	-2.958866161861806e-06	-8.00784505372576e-07	4.664983180191484e-06
1051203840.0	-0.007705403724685311	-0.005071064282674342	-0.003532340284436941	-2.5146377993223723e-06	-4.795990662387339e-07	5.020046728532179e-06
1051204040.0	-0.008159412071108818	-0.005133719008881599	-0.0025002839975059032	-2.026751189987408e-06	-1.455916844861349e-07	5.311569793775561e-06
1051204240.0	-0.00851221673656255	-0.005128815537318587	-0.001416818704456091	-1.5016714769444661e-06	1.9650121885206318e-07	5.534046010780003e-06
1051204440.0	-0.008757120463997126	-0.005055242334492505	-0.00029618944972753525	-9.465877610637108e-07	5.417316515377024e-07	5.683051540472661e-06
1051204640.0	-0.008888873708201572	-0.004912860516924411	0.0008465969003736973	-3.692607606353704e-07	8.850420272210613e-07	5.75528346757892e-06
1051204840.0	-0.0089038576988969	-0.004702565143816173	0.0019959905184805393	2.2210952010937035e-07	1.2213560012241942e-06	5.748677608607977e-06
1051205040.0	-0.008800115203484893	-0.004426253377459943	0.003136159386485815	8.190449989342596e-07	1.5456820392500958e-06	5.662420676344482e-06
1051205240.0	-0.008577367174439132	-0.0040867895586416125	0.004251223988831043	1.4129457213130081e-06	1.8531918613007292e-06	5.496946414496051e-06
1051205440.0	-0.008237086469307542	-0.0036879954859614372	0.0053255269303917885	1.995254706343985e-06	2.1393257156887557e-06	5.253949666439439e-06
1051205640.0	-0.007782402914017439	-0.0032345547806471586	0.006343850400298834	2.5575989184289938e-06	2.399847630840668e-06	4.936296249979932e-06
1051205840.0	-0.007218118757009506	-0.0027319721411913633	0.00729168439283967	3.0919436539988965e-06	2.6309344889341446e-06	4.54799351246038e-06
1051206040.0	-0.006550564896315336	-0.0021864576265215874	0.00815539131872356	3.59070259037253e-06	2.8292115530348383e-06	4.094050154890283e-06
1051206240.0	-0.005787561880424619	-0.001604858785867691	0.008922457927837968	4.046879098495992e-06	2.9918129484940437e-06	3.58041461367975e-06
1051206440.0	-0.004938236437737942	-0.0009945330675691366	0.009581602411344647	4.454115583030216e-06	3.1163914968601603e-06	3.0138010060909437e-06
1051206640.0	-0.00401293346658349	-0.0003632588777691126	0.010122986976057291	4.8068143314594636e-06	3.2011593305014685e-06	2.401608526270138e-06
1051206840.0	-0.0030230237171053886	0.00028088479302823544	0.01053826930001378	5.100153771309124e-06	3.2448733202627977e-06	1.7517616015538806e-06
1051207040.0	-0.0019807713106274605	0.0009296245407313108	0.01082076522288844	5.330150202098594e-06	3.246845082571781e-06	1.0725916581577621e-06
1051207240.0	-0.0008991421200335026	0.001574601512402296	0.010965448920615017	5.493656942689995e-06	3.2069184499050607e-06	3.7270910979714245e-07
1051207440.0	0.00020834524184465408	0.002207480138167739	0.010969068214762956	5.588397598899064e-06	3.1254676855496655e-06	-3.3910919228219427e-07
1051207640.0	0.0013278056867420673	0.0028200417291373014	0.010830089449882507	5.612922961972799e-06	3.0033443749744038e-06	-1.0540311450313311e-06
1051207840.0	0.002445145044475794	0.00340429344214499	0.010548784281127155	5.566636616549658e-06	2.8418803026397654e-06	-1.7632680737733608e-06
1051208040.0	0.0035462267696857452	0.0039525399915874004	0.010127124609425664	5.449726415918121e-06	2.6428363071318017e-06	-2.458155449858168e-06
1051208240.0	0.0046170298010110855	0.00445748632773757	0.009568823734298348	5.263183197712351e-06	2.4083830112431315e-06	-3.130241111648502e-06
1051208440.0	0.005643812939524651	0.004912311211228371	0.008879258763045073	5.008740117773414e-06	2.1410692170320544e-06	-3.771348019654397e-06
1051208640.0	0.006613235455006361	0.005310723092406988	0.008065379690378904	4.688838885158475e-06	1.843783252297726e-06	-4.373626325104851e-06
1051208840.0	0.007512535201385617	0.005647057318128645	0.007135700434446335	4.306626124161994e-06	1.5197380207609967e-06	-4.929635224470985e-06
1051209040.0	0.00832961592823267	0.0059163004625588655	0.006100151687860489	3.865887492793263e-06	1.1724296200554818e-06	-5.432354555523489e-06
1051209240.0	0.009053228190168738	0.006114183517638594	0.004970039241015911	3.3710493880789727e-06	8.05625859356951e-07	-5.875279043721093e-06
1051209440.0	0.009673040127381682	0.006237195979338139	0.003757901955395937	2.827125172188971e-06	4.2332590055593755e-07	-6.252420234886813e-06
1051209640.0	0.010179803124628961	0.006282664864556864	0.0024774298071861267	2.2397034626919776e-06	2.9747525331913494e-08	-6.558394602507178e-06
1051209840.0	0.010565410950221121	0.00624876152141951	0.001143318135291338	1.6149072052940028e-06	-3.707067435243516e-07	-6.788433580595665e-06
1051210040.0	0.010823066462762654	0.0061345737194642425	-0.0002288450486958027	9.59374119702261e-07	-7.734740847809007e-07	-6.9384768224267646e-06
1051210240.0	0.010947307077003643	0.00594009121414274	-0.001622738316655159	2.802132712531602e-07	-1.1738610510292347e-06	-7.005177906194149e-06
1051210440.0	0.010934176505543292	0.005666275974363089	-0.003021447453647852	-4.150294898863649e-07	-1.567077447361953e-06	-6.9860143412370235e-06
1051210640.0	0.010781222255900502	0.0053150292951613665	-0.004407634027302265	-1.1184158665855648e-06	-1.9482706647977466e-06	-6.879287752781238e-06
1051210840.0	0.010487656574696302	0.004889248870313168	-0.005763718392699957	-1.8216680928162532e-06	-2.3125730876927264e-06	-6.684237860099529e-06
1051211040.0	0.010054334532469511	0.004392782459035516	-0.007072051987051964	-2.516229415050475e-06	-2.65513176600507e-06	-6.40105611182662e-06
1051211240.0	0.009483879897743464	0.0038304587360471487	-0.008315144572407007	-3.1933413993101567e-06	-2.9711860634051845e-06	-6.030975100657088e-06
1051211440.0	0.008780642179772258	0.003208028618246317	-0.009475830476731062	-3.844117827611626e-06	-3.2560955105509493e-06	-5.57628482056316e-06
1051211640.0	0.00795078813098371	0.002532165264710784	-0.010537550086155534	-4.459656111066579e-06	-3.5054347335972125e-06	-5.040419864599244e-06
1051211840.0	0.0070022232830524445	0.0018103898037225008	-0.011484503513202071	-5.031124487686611e-06	-3.715028128681297e-06	-4.427939074957976e-06
1051212040.0	0.0059446231462061405	0.001051032217219472	-0.012301944196224213	-5.5499023119409685e-06	-3.881051299003957e-06	-3.7445877296704566e-06
1051212240.0	0.004789351020008326	0.0002631454262882471	-0.012976403580978513	-6.007712727296166e-06	-4.00009410839175e-06	-2.9972795800858876e-06
1051212440.0	0.0035493653267621994	-0.0005435864441096783	-0.013495861669071019	-6.396732828761742e-06	-4.069224026181928e-06	-2.194064563809661e-06
1051212640.0	0.002239141147583723	-0.0013589488808065653	-0.013850075250957161	-6.709789715841907e-06	-4.0860926446839585e-06	-1.3441115243040258e-06
1051212840.0	0.0008745016530156136	-0.0021723180543631315	-0.014030682228622027	-6.940459314819236e-06	-4.048973835324432e-06	-4.576156698021805e-07
1051213040.0	-0.0005275304429233074	-0.0029728002846240997	-0.014031503989826888	-7.083274935482109e-06	-3.956866351018107e-06	4.5428373596223537e-07
1051213240.0	-0.0019489461556077003	-0.003749370574951172	-0.013848628266714513	-7.133813767268293e-06	-3.8095250260994362e-06	1.3796388884657063e-06
1051213440.0	-0.003370977472513914	-0.004491044208407402	-0.013480630936101079	-7.088890697559691e-06	-3.6075268781132763e-06	2.305844418515335e-06
1051213640.0	-0.0047743418253958225	-0.005187026457861066	-0.012928626500070095	-6.946629696358286e-06	-3.3522970852573053e-06	3.219816562705091e-06
1051213840.0	-0.006139537785202265	-0.005826906766742468	-0.012196402763947845	-6.706616204610327e-06	-3.046134906981024e-06	4.108211669517914e-06
1051214040.0	-0.007447115611284971	-0.006400806130841374	-0.011290390277281404	-6.3699288830321166e-06	-2.6922059532807907e-06	4.957638338964898e-06
1051214240.0	-0.008678015321493149	-0.0068995816400274634	-0.010219710879027843	-5.939221978223941e-06	-2.2945372393223806e-06	5.7549175380700035e-06
1051214440.0	-0.009813837939873338	-0.007314953370951116	-0.008996040094643831	-5.418703949544579e-06	-1.857959432527423e-06	6.487308610303444e-06
1051214640.0	-0.010837213834747672	-0.007639707939233631	-0.007633565459400415	-4.814159638044657e-06	-1.388053306072834e-06	7.142814069993619e-06
1051214840.0	-0.011732043465599418	-0.007867790409363806	-0.006148751825094223	-4.1328437418997055e-06	-8.91071067599114e-07	7.710366276114655e-06
1051215040.0	-0.012483851052820683	-0.007994474843144417	-0.00456017954275012	-3.3834155601653038e-06	-3.738290388355381e-07	8.180117788469943e-06
1051215240.0	-0.01307998364791274	-0.008016421255888417	-0.0028882399201393127	-2.5757822186278645e-06	1.564060312375659e-07	8.543612409539492e-06
1051215440.0	-0.013509902986697853	-0.007931790547445416	-0.0011548693291842937	-1.7209476936841384e-06	6.920485020600609e-07	8.794001814749208e-06
1051215640.0	-0.0137653648853302	-0.007740281173028052	0.0006168046966195107	-8.308086307806661e-07	1.2253364047865034e-06	8.926183504343044e-06
1051215840.0	-0.01384054021036718	-0.007443128153681755	0.0024028164334595203	8.206666279875208e-08	1.7484737782069715e-06	8.936883915566796e-06
1051216040.0	-0.013732196763157845	-0.007043137331493199	0.004178738687187433	1.0046630904980702e-06	2.25377607421251e-06	8.824771953186428e-06
1051216240.0	-0.013439686503261328	-0.006544605130329728	0.005920066498219967	1.9237636479374487e-06	2.7338087420503143e-06	8.590422908127948e-06
1051216440.0	-0.012965029920451343	-0.005953291663900018	0.007602603640407324	2.8261943043617066e-06	3.1815278589419904e-06	8.23634002244944e-06
1051216640.0	-0.01231285440735519	-0.005276314215734601	0.00920284353196621	3.699055923789274e-06	3.5903972275264096e-06	7.766865223857167e-06
1051216840.0	-0.01149030588567257	-0.004522030474618077	0.010698314756155014	4.5299452722247224e-06	3.954490239266306e-06	7.1880642735777656e-06
1051217040.0	-0.010506928898394108	-0.003699909197166562	0.012067902367562056	5.307146011546138e-06	4.268577413313324e-06	6.507591479021357e-06
1051217240.0	-0.009374534478411078	-0.0028203940019011497	0.013292167335748672	6.019813099555904e-06	4.528197905528941e-06	5.734531441703439e-06
1051217440.0	-0.008107030298560858	-0.0018947464413940907	0.014353658305481076	6.65814661715558e-06	4.729728203756167e-06	4.8792346660775365e-06
1051217640.0	-0.0067201340571045876	-0.0009348574094474316	0.015237042913213372	7.2134672564061475e-06	4.870374851861925e-06	3.953067107431707e-06
1051217840.0	-0.005231187678873539	4.690466448664665e-05	0.01592936262022704	7.678330348426243e-06	4.948216595579424e-06	2.968240551126655e-06
1051218040.0	-0.0036588869988918304	0.0010378737933933735	0.01642014505341649	8.046574237141613e-06	4.962181478163075e-06	1.937597062351415e-06
1051218240.0	-0.0020230435766279697	0.002025256399065256	0.01670159143395722	8.313403611737158e-06	4.91206441211034e-06	8.744284514250467e-07
1051218440.0	-0.00034428201615810394	0.0029962933622300625	0.016768521949416026	8.475333586943634e-06	4.798447321263666e-06	-2.0774086806341074e-07
1051218640.0	0.001356207299977541	0.003938417416065931	0.016618467343505472	8.530207239232368e-06	4.622691790245881e-06	-1.2953071291121887e-06
1051218840.0	0.003056931309401989	0.004839419154450297	0.01625173620413989	8.47720920660322e-06	4.386901935049536e-06	-2.3747613795421785e-06
1051219040.0	0.004736359231173992	0.0056875639129430056	0.01567125041037798	8.316756407111825e-06	4.093850407116406e-06	-3.4328231777180918e-06
1051219240.0	0.006373164709657431	0.006471738684922457	0.0148825712967664	8.050503652157204e-06	3.7469372955456492e-06	-4.456575652511674e-06
1051219440.0	0.007946459576487541	0.007181556313298643	0.013893780764192343	7.681253464397741e-06	3.350132374180248e-06	-5.433565547718899e-06
1051219640.0	0.009436056017875671	0.007807506364770234	0.0127154472284019	7.212948162305111e-06	2.907947191488347e-06	-6.351934871418052e-06
1051219840.0	0.01082262396812439	0.008340994711034	0.01136038824915886	6.6505469931144034e-06	2.425345769552223e-06	-7.200465461210115e-06
1051220040.0	0.01208794116973877	0.008774478454142809	0.00984361581504345	6.000010216666851e-06	1.9077249362453585e-06	-7.968689487825031e-06
1051220240.0	0.013215046375989914	0.009101513132918626	0.008182136807590723	5.268216909826151e-06	1.3608520248453715e-06	-8.646934247735771e-06
1051220440.0	0.014188492204993963	0.009316878305980936	0.006394843105226755	4.462941660676734e-06	7.908339512141538e-07	-9.226435281561862e-06
1051220640.0	0.014994415920227766	0.009416566805157345	0.004502250347286463	3.5927519093092997e-06	2.040563913396909e-07	-9.699340921542898e-06
1051220840.0	0.01562076318077743	0.009397886460646987	0.0025263577699661255	2.6669840735848993e-06	-3.9284896047320217e-07	-1.0058816883429245e-05
1051221040.0	0.016057397180702537	0.009259478887543082	0.0004904237575829029	1.6956748822849477e-06	-9.930540727509651e-07	-1.0299086142140368e-05
1051221240.0	0.01629630455863662	0.009001398051623255	-0.0015812460333108902	6.895111255289521e-07	-1.5895801652732189e-06	-1.0415541197517086e-05
1051221440.0	0.016331615450326353	0.008625072659924626	-0.0036635491997003555	-3.4024992601189297e-07	-2.175346821786661e-06	-1.04047480817826e-05
1051221640.0	0.01615977700566873	0.008133362047374249	-0.005730819888412952	-1.3818416846334003e-06	-2.7432283786765765e-06	-1.0264555044159351e-05
1051221840.0	0.015779616427607834	0.007530541508458555	-0.007757087238132954	-2.423068963253172e-06	-3.286108039901592e-06	-9.994143965741387e-06
1051222040.0	0.015192486112937331	0.006822328083217144	-0.009716381318867207	-3.4514098388171988e-06	-3.7969568893458927e-06	-9.594143989488657e-06
1051222240.0	0.014402213273569942	0.006015803897753358	-0.01158297760412097	-4.454104100659606e-06	-4.268884822522523e-06	-9.066625807463424e-06
1051222440.0	0.013415188994258642	0.00511940848082304	-0.013331713154911995	-5.418272621682263e-06	-4.695229392837064e-06	-8.415197498834459e-06
1051222640.0	0.012240426847711205	0.004142903257161379	-0.014938348904252052	-6.331081522148452e-06	-5.0696564244390174e-06	-7.645083542229258e-06
1051222840.0	0.010889446595683694	0.0030972580425441265	-0.016379805514588952	-7.17984335096844e-06	-5.386221232583921e-06	-6.763090823369566e-06
1051223040.0	0.009376285597682	0.001994587015360594	-0.017634542426094413	-7.952212854434038e-06	-5.6394891601030395e-06	-5.777675141871441e-06
1051223240.0	0.007717391941696405	0.0008480313699692488	-0.018682850524783134	-8.636353186375345e-06	-5.824618511951485e-06	-4.6989175643830094e-06
1051223440.0	0.005931538064032793	-0.00032836548052728176	-0.019507257035002112	-9.221153732141829e-06	-5.937495021868244e-06	-3.538503960953676e-06
1051223640.0	0.004039605613797903	-0.0015198199544101954	-0.020092722726985812	-9.696392567093426e-06	-5.974794660801308e-06	-2.309644287379342e-06
1051223840.0	0.0020644166506826878	-0.0027109733782708645	-0.020427007315447554	-1.0052952688965888e-05	-5.934105644200827e-06	-1.0269784525007708e-06
1051224040.0	3.0488241463899612e-05	-0.0038860791828483343	-0.020500907354289666	-1.0283030881907962e-05	-5.814008318338892e-06	2.935505563073093e-07
1051224240.0	-0.0020362497307360172	-0.005029225721955299	-0.02030859317164868	-1.0380377972296628e-05	-5.6141819300137286e-06	1.63487652571348e-06
1051224440.0	-0.004108788911253214	-0.006124538369476795	-0.019847666495479643	-1.0340407698095078e-05	-5.335434138942219e-06	2.979021928695147e-06
1051224640.0	-0.006159388460218906	-0.007156428182497621	-0.019119418691843748	-1.0160422220906185e-05	-4.979772256774595e-06	4.307346443965798e-06
1051224840.0	-0.008159961085766554	-0.008109820308163762	-0.01812888728454709	-9.839730182648054e-06	-4.55042402336403e-06	5.600827307716827e-06
1051225040.0	-0.010082514490932226	-0.008970432332716882	-0.016884980024769902	-9.379789275953954e-06	-4.051856194564607e-06	6.84038764120487e-06
1051225240.0	-0.011899544391781092	-0.009724972303956747	-0.015400342410430312	-8.784231795289088e-06	-3.489720825200493e-06	8.007215910765808e-06
1051225440.0	-0.013584484113380313	-0.010361385298892856	-0.013691316824406385	-8.058897947194055e-06	-2.8708193440252217e-06	9.083110626306734e-06
1051225640.0	-0.01511220121756196	-0.010869122168514878	-0.011777841951698065	-7.211850970634259e-06	-2.2030276340956334e-06	1.0050878927359008e-05
1051225840.0	-0.016459341160953045	-0.011239268991630524	-0.009683119133114815	-6.253238325371058e-06	-1.4951648381611449e-06	1.0894627962443337e-05
1051226040.0	-0.017604791559278965	-0.011464768002042547	-0.007433376275002956	-5.195199491936364e-06	-7.568698947579833e-07	1.1600129255384672e-05
1051226240.0	-0.018530032131820917	-0.011540545667230617	-0.005057491362094879	-4.051671567140147e-06	1.5666046238038689e-09	1.2155111164702248e-05
1051226440.0	-0.019219539826735854	-0.011463666742201895	-0.0025865882635116577	-2.8381771244312404e-06	7.693765837757383e-07	1.2549562541153136e-05
1051226640.0	-0.019660977937746793	-0.011233347759116441	-5.353568121790886e-05	-1.5715277186245658e-06	1.5355167306552175e-06	1.2775889317140354e-05
1051226840.0	-0.01984548373002326	-0.010851028840988874	0.0025075324811041355	-2.695410330488812e-07	2.2888693820277695e-06	1.2829111057044429e-05
1051227040.0	-0.019767816353123635	-0.010320355766452849	0.005061754956841469	1.0492888122826116e-06	3.0184430670487927e-06	1.2706953611996141e-05
1051227240.0	-0.019426521146669984	-0.00964716903399676	0.007574099116027355	2.3661355044168886e-06	3.713587375386851e-06	1.2409927535372844e-05
1051227440.0	-0.018823852529749274	-0.00883935613092035	0.010009897872805595	3.6621800063585397e-06	4.364171559245733e-06	1.194122967262956e-05
1051227640.0	-0.017965816659852862	-0.00790677429176867	0.012335386592894793	4.918948889098829e-06	4.960762112204975e-06	1.1306712394798524e-05
1051227840.0	-0.016862029675394297	-0.0068610734306275845	0.014518212527036667	6.118624014561647e-06	5.4947773833191604e-06	1.0514716223042342e-05
1051228040.0	-0.01552563183940947	-0.005715545266866684	0.01652796007692814	7.244360858749133e-06	5.958636620562174e-06	9.57592010308872e-06
1051228240.0	-0.013972956920042634	-0.004484866047278047	0.01833651610650122	8.28051724965917e-06	6.345830797727103e-06	8.503051276420592e-06
1051228440.0	-0.012223344761878252	-0.0031849066726863384	0.019918512320145965	9.212892905452463e-06	6.651027490534034e-06	7.310666205739835e-06
1051228640.0	-0.010298801586031914	-0.001832479378208518	0.02125162328593433	1.0028901328951179e-05	6.8701012025940145e-06	6.014847258484224e-06
1051228840.0	-0.008223710115998983	-0.00044510653242468834	0.022316925460472703	1.0717738177845604e-05	7.0001886953718895e-06	4.6329296310432255e-06
1051229040.0	-0.006024395115673542	0.0009592489805072546	0.023098997655324638	1.1270435152255232e-05	7.039644579265314e-06	3.1831768865231425e-06
1051229240.0	-0.0037287906743586063	0.002362412866204977	0.023586135997902602	1.1679931901653617e-05	6.9880462376659125e-06	1.6845081063365797e-06
1051229440.0	-0.0013660630211234093	0.003746247384697199	0.02377052172778349	1.1941140996896138e-05	6.846159919859929e-06	1.5621844795532525e-07
1051229640.0	0.0010338090360164642	0.005092875566333532	0.023648145201150328	1.2050871788460427e-05	6.615858353598014e-06	-1.3822891560266726e-06
1051229840.0	0.003440394066274166	0.006384904263541102	0.023218884598463774	1.2007839899297323e-05	6.300079519405699e-06	-2.9117400117684156e-06
1051230040.0	0.005823182873427868	0.007605617167428136	0.022486419300548732	1.1812582442871644e-05	5.902732254980947e-06	-4.41319753008429e-06
1051230240.0	0.008151961024850607	0.008739190641790628	0.021458225324749947	1.146742761193309e-05	5.428652798400435e-06	-5.868270818609744e-06
1051230440.0	0.010397136677056551	0.009770831326022744	0.020145326387137175	1.0976360385939188e-05	4.883482347395329e-06	-7.259270660142647e-06
1051230640.0	0.01253007585182786	0.01068695483263582	0.018562218639999628	1.0344959946451127e-05	4.273608510629856e-06	-8.569361170884804e-06
1051230840.0	0.014523397199809551	0.011475309613160789	0.016726649831980467	9.580289543009712e-06	3.606085897445155e-06	-9.78268053586362e-06
1051231040.0	0.016351310769096017	0.012125146109610796	0.014659482520073652	8.69083760335343e-06	2.8885659730804036e-06	-1.0884488119700109e-05
1051231240.0	0.01798981474712491	0.01262726535787806	0.012384360656142235	7.686368917347863e-06	2.1292057681421284e-06	-1.1861218808917329e-05
1051231440.0	0.019416993483901024	0.012974154087714851	0.009927526116371155	6.577866997758974e-06	1.3366128541747457e-06	-1.2700597835646477e-05
1051231640.0	0.02061322540976107	0.0131600489403354	0.007317536510527134	5.377430397857097e-06	5.197712198423687e-07	-1.339171410563722e-05
1051231840.0	0.02156145789194852	0.013181044705561362	0.004585006274282932	4.098199042346096e-06	-3.120272822343395e-07	-1.3925140649462264e-05
1051232040.0	0.022247314569540322	0.013035089999902993	0.0017622634768486023	2.754238494162564e-06	-1.1492388694023248e-06	-1.429295059551805e-05
1051232240.0	0.02265932786394842	0.012722067185677588	-0.0011169342324137688	1.3604624200524995e-06	-1.9821503656203276e-06	-1.4488837871695637e-05
1051232440.0	0.022789073482272215	0.012243804289028049	-0.0040177288465201855	-6.746290637238417e-08	-2.8009429797748453e-06	-1.4508176263916539e-05
1051232640.0	0.022631379251834005	0.011604126426391304	-0.00690452242270112	-1.5132281987462193e-06	-3.595766088437813e-06	-1.434814981848831e-05
1051232840.0	0.022184331202879548	0.010808792663738132	-0.009741330053657293	-2.959990524686873e-06	-4.356818294581899e-06	-1.4007757386025332e-05
1051233040.0	0.021449429914355278	0.00986551376990974	-0.012492152862250805	-4.390499498185818e-06	-5.074426780993235e-06	-1.34879404640742e-05
1051233240.0	0.02043170342221856	0.008783936267718673	-0.015121404081583023	-5.787247346233926e-06	-5.739166567764187e-06	-1.279167202028475e-05
1051233440.0	0.019139642361551523	0.007575534749776125	-0.017594273202121258	-7.132610107873916e-06	-6.341932476061629e-06	-1.192397348859231e-05
1051233640.0	0.017585272435098886	0.006253569154068828	-0.01987717393785715	-8.409033853240544e-06	-6.874067878470669e-06	-1.0892003047047183e-05
1051233840.0	0.015784092945978045	0.004832972073927522	-0.02193814842030406	-9.599221129974467e-06	-7.327470711970818e-06	-9.70508062891895e-06
1051234040.0	0.013755056541413069	0.003330241423100233	-0.0237473682500422	-1.0686367659218377e-05	-7.694746585684697e-06	-8.374729759452748e-06
1051234240.0	0.011520369909703732	0.0017632613889873028	-0.025277485605329275	-1.1654364470814471e-05	-7.969302714627702e-06	-6.914622645126656e-06
1051234440.0	0.009105379227548838	0.00015114503912627697	-0.026504103909246624	-1.2488063703131047e-05	-8.145499606371231e-06	-5.3405635753733804e-06
1051234640.0	0.006538336165249348	-0.0014859731309115887	-0.027406178880482912	-1.3173527236176596e-05	-8.21877691237205e-06	-3.6703943351312773e-06
1051234840.0	0.0038501517847180367	-0.003127169096842408	-0.027966484893113375	-1.3698327848032932e-05	-8.185804944105257e-06	-1.9238755157857668e-06
1051235040.0	0.0010740328580141068	-0.0047509807627648115	-0.028171863425086485	-1.4051765688805062e-05	-8.04456749392557e-06	-1.2249324754520785e-07
1051235240.0	-0.0017548673786222935	-0.006335687357932329	-0.02801362151512876	-1.4225165088532776e-05	-7.79449055698933e-06	1.7107499843405094e-06
1051235440.0	-0.004599880892783403	-0.007859598146751523	-0.027487777057103813	-1.4212108283118141e-05	-7.436527880599897e-06	3.551614327079733e-06
1051235640.0	-0.007423311937600374	-0.00930138980038464	-0.02659534872509539	-1.4008697178269358e-05	-6.973240715524298e-06	5.3749549806525465e-06
1051235840.0	-0.010186944622546434	-0.010640398366376758	-0.025342382956296206	-1.361368845209654e-05	-6.408810691027611e-06	7.155081675591646e-06
1051236040.0	-0.012852586805820465	-0.011856953613460064	-0.023740077391266823	-1.3028668263359577e-05	-5.749058004766994e-06	8.866168400345487e-06
1051236240.0	-0.015382682904601097	-0.012932739220559597	-0.021804824704304338	-1.2258182323421352e-05	-5.001437443752366e-06	1.0482715424586786e-05
1051236440.0	-0.017740856856107712	-0.013851058902218938	-0.019557991065084934	-1.1309724186503445e-05	-4.174934247203055e-06	1.197998449242732e-05
1051236640.0	-0.019892534241080284	-0.014597166562452912	-0.01702578691765666	-1.0193743719355552e-05	-3.2799870268718223e-06	1.3334485856830725e-05
1051236840.0	-0.02180550154298544	-0.015158524736762047	-0.014238941948860884	-8.923542054617428e-06	-2.328335995116504e-06	1.4524435414386971e-05
1051237040.0	-0.02345052408054471	-0.015525091352174059	-0.011232363525778055	-7.515135848734644e-06	-1.332855617874884e-06	1.5530244581896113e-05
1051237240.0	-0.02480176743119955	-0.015689457839471288	-0.008044587448239326	-5.986987162032165e-06	-3.073279231102788e-07	1.6334870110767952e-05
1051237440.0	-0.025837331428192556	-0.015647056250600144	-0.004717283416539431	-4.359737431514077e-06	7.337786200878327e-07	1.6924226486025873e-05
1051237640.0	-0.026539606333244592	-0.015396242670249194	-0.0012946086935698986	-2.6558482204563916e-06	1.7755810404196382e-06	1.7287463649040546e-05
1051237840.0	-0.02689567458583042	-0.014938399370294064	0.00217744754627347	-8.992096809379291e-07	2.8030443672832916e-06	1.7417251413576196e-05
1051238040.0	-0.0268974466889631	-0.014277874142862856	0.0056518008932471275	8.85301460584742e-07	3.8012584582247655e-06	1.7309865313563932e-05
1051238240.0	-0.026541881845332682	-0.0134219687897712	0.009080985561013222	2.6722693746705772e-06	4.755715508508729e-06	1.69652991530711e-05
1051238440.0	-0.025831015082076192	-0.01238081359770149	0.012417898979038	4.4362025164446095e-06	5.652563572766667e-06	1.6387231312364747e-05
1051238640.0	-0.02477200166322291	-0.011167248245328665	0.01561655942350626	6.151998377390555e-06	6.4788650888658594e-06	1.5582976857331232e-05
1051238840.0	-0.023376883240416646	-0.009796562604606152	0.018632765393704176	7.795368446750217e-06	7.222795261441206e-06	1.4563231616193661e-05
1051239040.0	-0.021662456449121237	-0.008286291267722845	0.021424781996756792	9.343251349491766e-06	7.873832601035247e-06	1.3341889598450507e-05
1051239240.0	-0.01964996149763465	-0.006655923323705792	0.02395392907783389	1.077416800399078e-05	8.422905807492498e-06	1.193571551993955e-05
1051239440.0	-0.01736478810198605	-0.004926622379571199	0.026185179827734828	1.2068561204614525e-05	8.862532069997542e-06	1.0364023864894989e-05
1051239640.0	-0.014835982117801905	-0.0031208693981170654	0.02808754169382155	1.3209021290094825e-05	9.186853418441387e-06	8.648261200505658e-06
1051239840.0	-0.012095839250832796	-0.0012621521018445492	0.029634485486894846	1.4180494076754258e-05	9.391694490545888e-06	6.81162146065617e-06
1051240040.0	-0.009179445449262857	0.0006253700703382492	0.03080431860871613	1.4970471397646179e-05	9.474593408498322e-06	4.878667368757306e-06
1051240240.0	-0.006124102044850588	0.002517217770218849	0.03158029506448656	1.5569009235605336e-05	9.434728198698394e-06	2.874882966352743e-06
1051240440.0	-0.0029688416980206966	0.004388904664665461	0.03195084782782942	1.5968829671919593e-05	9.272899063716977e-06	8.263202744274167e-07
1051240640.0	0.0002461066469550133	0.006216258509084582	0.03190961715881713	1.616526545689112e-05	8.99144367849658e-06	-1.2407776921463665e-06
1051240840.0	0.003479842096567154	0.007975729648023844	0.03145554708316922	1.6156285511215174e-05	8.594168434683525e-06	-3.300315484011662e-06
1051241040.0	0.006691309157758951	0.009644653415307403	0.030592690804041922	1.5942332879603782e-05	8.086212801572401e-06	-5.326644213710097e-06
1051241240.0	0.009839782491326332	0.01120152254588902	0.029330183286219835	1.5526289189438103e-05	7.473962909898546e-06	-7.294841907423688e-06
1051241440.0	0.012885336764156818	0.012626213021576405	0.027682032203301787	1.4913315794728987e-05	6.764932777514332e-06	-9.180940423902939e-06
1051241640.0	0.015789317898452282	0.013900227728299797	0.025666976580396295	1.4110777328824042e-05	5.967662104922056e-06	-1.0962161468341947e-05
1051241840.0	0.018514725379645824	0.015006845234893262	0.023308122530579567	1.312803954078845e-05	5.091580192129186e-06	-1.2617063248399063e-05
1051242040.0	0.021026630653068423	0.015931319096125662	0.020632734522223473	1.197637334371393e-05	4.146911805946729e-06	-1.412571737091639e-05
1051242240.0	0.023292518220841885	0.016661004163324833	0.01767188822850585	1.0668793493096018e-05	3.1445729291590396e-06	-1.546982775835204e-05
1051242440.0	0.02528268378227949	0.017185530567076057	0.014460173901170492	9.219955700245919e-06	2.0960691244908958e-06	-1.663289503994747e-05
1051242640.0	0.026970458449795842	0.0174968485662248	0.011035267729312181	7.645975529158022e-06	1.0133937848877395e-06	-1.7600262594896776e-05
1051242840.0	0.028332527610473335	0.017589344512089156	0.007437583524733782	5.964324827800738e-06	-9.106429388339166e-08	-1.8359244506882533e-05
1051243040.0	0.02934924978762865	0.017459948838222772	0.0037098824977874756	4.19370962845278e-06	-1.20461493224866e-06	-1.889926144826859e-05
1051243240.0	0.030004776897840202	0.01710811583325267	-0.00010318774729967117	2.353912122998736e-06	-2.31435626574239e-06	-1.9211860852408336e-05
1051243440.0	0.030287335514003644	0.01653590565547347	-0.0039555081166327	4.656751571019413e-07	-3.407268650335027e-06	-1.9290861501986e-05
1051243640.0	0.030189361656084657	0.015747974277473986	-0.00779995322227478	-1.449444425816182e-06	-4.4703158437187085e-06	-1.9132418628942105e-05
1051243840.0	0.02970772620756179	0.014751606155186892	-0.011588884051889181	-3.3692301713017514e-06	-5.4905563047213946e-06	-1.8735166918304458e-05
1051244040.0	0.02884373883716762	0.01355662604328245	-0.015274624805897474	-5.270966994430637e-06	-6.45523834919004e-06	-1.810023957204976e-05
1051244240.0	0.027603306341916323	0.012175389332696795	-0.018809995613992214	-7.131623760869843e-06	-7.351935323640646e-06	-1.7231397237083e-05
1051244440.0	0.025996933225542307	0.010622684843838215	-0.022148815914988518	-8.928050874601468e-06	-8.16865531305666e-06	-1.6135093119373778e-05
1051244640.0	0.024039799813181162	0.008915664860978723	-0.02524651773273945	-1.0637223567755427e-05	-8.89401582071514e-06	-1.4820558590145083e-05
1051244840.0	0.021751605439931154	0.007073664339259267	-0.02806061366572976	-1.2236453130753944e-05	-9.517350349597109e-06	-1.329979750153143e-05
1051245040.0	0.019156547263264656	0.0051180715672671795	-0.030551310628652573	-1.3703684771826374e-05	-1.0028890869762108e-05	-1.1587638255150523e-05
1051245240.0	0.016283132135868073	0.0030721232760697603	-0.032682044664397836	-1.5017763871583156e-05	-1.041991805550424e-05	-9.701696171759977e-06
1051245440.0	0.013164012227207422	0.0009606860112398863	-0.03442009980790317	-1.615878807115223e-05	-1.0682949564966293e-05	-7.662343932679505e-06
1051245640.0	0.009835635777562857	-0.0011900211684405804	-0.03573704871814698	-1.7108387964981375e-05	-1.0811877118044322e-05	-5.492569698617444e-06
1051245840.0	0.006337950471788645	-0.003352707251906395	-0.03660932608181611	-1.7850091182936012e-05	-1.08021458231633e-05	-3.2178406854654895e-06
1051246040.0	0.0027139787562191486	-0.00549933617003262	-0.037018659961177036	-1.836964247559081e-05	-1.0650898133235387e-05	-8.658826118335128e-07
1051246240.0	-0.0009906571358442307	-0.00760149210691452	-0.036952601629309356	-1.8655393744460014e-05	-1.0357139046845987e-05	1.5335970147134503e-06
1051246440.0	-0.004728291183710098	-0.009630745276808739	-0.03640473273117095	-1.8698539264505598e-05	-9.921812193169899e-06	3.949259280489059e-06
