988189456.8678	-3.427267074584961e-07	1.1641532182693481e-07	-3.8743019104003906e-07	-4.547473508864641e-13	2.7284841053187847e-12	-1.3642420526593924e-12
988189556.8678	-3.3527612686157227e-07	1.1734664440155029e-07	-3.8370490074157715e-07	0.0	2.5011104298755527e-12	-1.3642420526593924e-12
988189656.8678	-3.5762786865234375e-07	1.2759119272232056e-07	-4.0605664253234863e-07	9.094947017729282e-13	2.5011104298755527e-12	-9.094947017729282e-13
988189756.8678	-3.46451997756958e-07	1.2293457984924316e-07	-3.91155481338501e-07	0.0	2.5011104298755527e-12	-9.094947017729282e-13
988189856.8678	-3.427267074584961e-07	1.2386590242385864e-07	-3.948807716369629e-07	-4.547473508864641e-13	2.5011104298755527e-12	-1.3642420526593924e-12
988189956.8678	-3.427267074584961e-07	1.2200325727462769e-07	-3.8743019104003906e-07	9.094947017729282e-13	2.0463630789890885e-12	0.0
988190056.8678	-3.427267074584961e-07	1.2386590242385864e-07	-3.8370490074157715e-07	9.094947017729282e-13	2.2737367544323206e-12	-4.547473508864641e-13
988190156.8678	-3.3527612686157227e-07	1.2386590242385864e-07	-3.8370490074157715e-07	9.094947017729282e-13	2.5011104298755527e-12	-9.094947017729282e-13
988190256.8678	-3.427267074584961e-07	1.2759119272232056e-07	-3.948807716369629e-07	4.547473508864641e-13	2.2737367544323206e-12	-4.547473508864641e-13
988190356.8678	-3.241002559661865e-07	1.2153759598731995e-07	-3.762543201446533e-07	1.8189894035458565e-12	2.0463630789890885e-12	-4.547473508864641e-13
988190456.8678	-3.2782554626464844e-07	1.2200325727462769e-07	-3.7997961044311523e-07	1.8189894035458565e-12	2.0463630789890885e-12	-9.094947017729282e-13
988190556.8678	-3.203749656677246e-07	1.1920928955078125e-07	-3.688037395477295e-07	9.094947017729282e-13	1.8189894035458565e-12	-9.094947017729282e-13
988190656.8678	-3.3155083656311035e-07	1.2526288628578186e-07	-3.8370490074157715e-07	9.094947017729282e-13	1.8189894035458565e-12	-4.547473508864641e-13
988190756.8678	-3.2223761081695557e-07	1.210719347000122e-07	-3.7066638469696045e-07	1.8189894035458565e-12	2.0463630789890885e-12	-9.094947017729282e-13
988190856.8678	-3.296881914138794e-07	1.2293457984924316e-07	-3.7439167499542236e-07	2.2737367544323206e-12	1.8189894035458565e-12	-1.3642420526593924e-12
988190956.8678	-3.2223761081695557e-07	1.2060627341270447e-07	-3.7066638469696045e-07	2.7284841053187847e-12	1.5916157281026244e-12	-9.094947017729282e-13
988191056.8678	-3.3527612686157227e-07	1.2526288628578186e-07	-3.855675458908081e-07	2.7284841053187847e-12	1.3642420526593924e-12	4.547473508864641e-13
988191156.8678	-3.371387720108032e-07	1.2665987014770508e-07	-3.91155481338501e-07	2.2737367544323206e-12	1.8189894035458565e-12	-9.094947017729282e-13
988191256.8678	-3.2223761081695557e-07	1.2060627341270447e-07	-3.7439167499542236e-07	2.7284841053187847e-12	1.8189894035458565e-12	-4.547473508864641e-13
988191356.8678	-3.241002559661865e-07	1.2200325727462769e-07	-3.7439167499542236e-07	2.2737367544323206e-12	1.8189894035458565e-12	-1.3642420526593924e-12
988191456.8678	-3.241002559661865e-07	1.2246891856193542e-07	-3.762543201446533e-07	2.7284841053187847e-12	1.8189894035458565e-12	-2.2737367544323206e-12
988191556.8678	-3.3155083656311035e-07	1.2526288628578186e-07	-3.8743019104003906e-07	2.7284841053187847e-12	2.0463630789890885e-12	-2.2737367544323206e-12
988191656.8678	-3.203749656677246e-07	1.2200325727462769e-07	-3.762543201446533e-07	2.7284841053187847e-12	2.2737367544323206e-12	-2.2737367544323206e-12
988191756.8678	-3.166496753692627e-07	1.2153759598731995e-07	-3.762543201446533e-07	2.7284841053187847e-12	2.0463630789890885e-12	-2.2737367544323206e-12
988191856.8678	-3.2782554626464844e-07	1.2526288628578186e-07	-3.855675458908081e-07	1.8189894035458565e-12	2.0463630789890885e-12	-3.637978807091713e-12
988191956.8678	-3.203749656677246e-07	1.2200325727462769e-07	-3.762543201446533e-07	3.183231456205249e-12	2.0463630789890885e-12	-2.7284841053187847e-12
988192056.8678	-3.203749656677246e-07	1.234002411365509e-07	-3.781169652938843e-07	3.183231456205249e-12	1.8189894035458565e-12	-2.2737367544323206e-12
988192156.8678	-3.241002559661865e-07	1.2479722499847412e-07	-3.8370490074157715e-07	3.183231456205249e-12	2.0463630789890885e-12	-1.3642420526593924e-12
988192256.8678	-3.129243850708008e-07	1.2200325727462769e-07	-3.781169652938843e-07	3.183231456205249e-12	2.0463630789890885e-12	-1.3642420526593924e-12
988192356.8678	-3.1478703022003174e-07	1.2386590242385864e-07	-3.818422555923462e-07	2.7284841053187847e-12	2.0463630789890885e-12	-1.8189894035458565e-12
988192456.8678	-3.1478703022003174e-07	1.240987330675125e-07	-3.7997961044311523e-07	3.637978807091713e-12	2.0463630789890885e-12	-1.3642420526593924e-12
988192556.8678	-3.129243850708008e-07	1.2363307178020477e-07	-3.781169652938843e-07	3.183231456205249e-12	2.0463630789890885e-12	-2.2737367544323206e-12
988192656.8678	-3.110617399215698e-07	1.2456439435482025e-07	-3.7997961044311523e-07	3.637978807091713e-12	1.5916157281026244e-12	-2.2737367544323206e-12
988192756.8678	-3.110617399215698e-07	1.2386590242385864e-07	-3.7997961044311523e-07	3.637978807091713e-12	1.5916157281026244e-12	-2.2737367544323206e-12
988192856.8678	-3.129243850708008e-07	1.25030055642128e-07	-3.8463622331619263e-07	2.7284841053187847e-12	1.8189894035458565e-12	-2.2737367544323206e-12
988192956.8678	-3.073364496231079e-07	1.25030055642128e-07	-3.8277357816696167e-07	2.2737367544323206e-12	1.8189894035458565e-12	-1.8189894035458565e-12
988193056.8678	-3.073364496231079e-07	1.2549571692943573e-07	-3.8370490074157715e-07	2.2737367544323206e-12	1.8189894035458565e-12	-1.8189894035458565e-12
988193156.8678	-3.073364496231079e-07	1.253793016076088e-07	-3.8370490074157715e-07	1.3642420526593924e-12	2.0463630789890885e-12	-2.7284841053187847e-12
988193256.8678	-3.110617399215698e-07	1.262524165213108e-07	-3.8743019104003906e-07	9.094947017729282e-13	2.0463630789890885e-12	-3.183231456205249e-12
988193356.8678	-3.119930624961853e-07	1.2700911611318588e-07	-3.8929283618927e-07	9.094947017729282e-13	2.0463630789890885e-12	-2.2737367544323206e-12
988193456.8678	-3.0640512704849243e-07	1.2578675523400307e-07	-3.8370490074157715e-07	9.094947017729282e-13	1.5916157281026244e-12	-2.2737367544323206e-12
988193556.8678	-3.0919909477233887e-07	1.2648524716496468e-07	-3.8743019104003906e-07	0.0	1.8189894035458565e-12	-2.7284841053187847e-12
988193656.8678	-3.073364496231079e-07	1.2593955034390092e-07	-3.8463622331619263e-07	-4.547473508864641e-13	1.8189894035458565e-12	-3.183231456205249e-12
988193756.8678	-3.073364496231079e-07	1.2575765140354633e-07	-3.8370490074157715e-07	-1.3642420526593924e-12	1.8189894035458565e-12	-4.092726157978177e-12
988193856.8678	-3.119930624961853e-07	1.2619420886039734e-07	-3.864988684654236e-07	-3.183231456205249e-12	2.2737367544323206e-12	-5.4569682106375694e-12
988193956.8678	-3.119930624961853e-07	1.2601958587765694e-07	-3.8743019104003906e-07	-3.183231456205249e-12	2.0463630789890885e-12	-5.4569682106375694e-12
988194056.8678	-3.110617399215698e-07	1.2526288628578186e-07	-3.855675458908081e-07	-4.547473508864641e-12	1.8189894035458565e-12	-6.366462912410498e-12
988194156.8678	-3.129243850708008e-07	1.257285475730896e-07	-3.869645297527313e-07	-6.366462912410498e-12	2.2737367544323206e-13	-5.9117155615240335e-12
988194256.8678	-3.0919909477233887e-07	1.2433156371116638e-07	-3.832392394542694e-07	-1.000444171950221e-11	-2.2737367544323206e-12	-5.9117155615240335e-12
988194356.8678	-3.073364496231079e-07	1.2584496289491653e-07	-3.832392394542694e-07	-1.864464138634503e-11	-9.777068044058979e-12	-3.183231456205249e-12
988194456.8678	-2.905726432800293e-07	1.3085082173347473e-07	-3.7765130400657654e-07	-3.774403012357652e-11	-3.115019353572279e-11	7.275957614183426e-12
988194556.8678	-2.5564804673194885e-07	1.501757651567459e-07	-3.741588443517685e-07	-8.185452315956354e-11	-8.913048077374697e-11	4.001776687800884e-11
988194656.8678	-1.8440186977386475e-07	2.0884908735752106e-07	-3.878958523273468e-07	-1.7462298274040222e-10	-2.376054908381775e-10	1.3915268937125802e-10
988194756.8678	-7.35744833946228e-08	3.4691765904426575e-07	-4.614703357219696e-07	-3.310560714453459e-10	-5.675246939063072e-10	3.92901711165905e-10
988194856.8678	-2.7474015951156616e-08	5.580950528383255e-07	-6.621703505516052e-07	-5.611582309938967e-10	-1.1079919204348698e-09	8.285496733151376e-10
988194956.8678	-2.9336661100387573e-07	4.842877388000488e-07	-7.718917913734913e-07	-1.445187081117183e-09	-1.630496626603417e-09	7.726157491561025e-10
988195056.8678	-4.5588240027427673e-07	-7.718335837125778e-07	5.079709808342159e-07	-6.38419805909507e-09	-3.0174760468071327e-09	-1.2555574357975274e-09
988195156.8678	2.1904706954956055e-06	-2.357177436351776e-06	4.184839781373739e-06	-1.7875663615996018e-08	-1.0707253750297241e-08	-1.0054463928099722e-09
988195256.8678	5.24311326444149e-06	-9.271316230297089e-07	4.800385795533657e-06	-1.957050699274987e-08	-1.8534706214268226e-08	6.4769665186759084e-09
988195356.8678	-2.2849999368190765e-06	-3.3171381801366806e-06	2.0174775272607803e-06	-1.9207163859391585e-08	-1.0363692126702517e-08	-2.353317540837452e-09
988195456.8678	-1.0339776054024696e-05	-1.120823435485363e-05	4.9746595323085785e-06	-3.752438715309836e-08	-1.2897999113192782e-08	-1.2774307833751664e-08
988195556.8678	-1.2107659131288528e-05	-1.3891374692320824e-05	6.681540980935097e-06	-4.233424988342449e-08	-1.9236040316172875e-08	-9.19817466638051e-09
988195656.8678	-1.4549237675964832e-05	-1.3716984540224075e-05	4.7227367758750916e-06	-3.817513061221689e-08	-1.7305751498497557e-08	-8.339611667906865e-09
988195756.8678	-1.8388149328529835e-05	-1.430930569767952e-05	2.6067718863487244e-06	-3.615468813222833e-08	-1.4654233382316306e-08	-9.828909242060035e-09
988195856.8678	-2.2303080186247826e-05	-1.5561003237962723e-05	1.169741153717041e-06	-3.567629391909577e-08	-1.3624685379909351e-08	-1.0628809832269326e-08
988195956.8678	-2.5999383069574833e-05	-1.695379614830017e-05	4.7963112592697144e-08	-3.544437277014367e-08	-1.3326712178240996e-08	-1.0793883120641112e-08
988196056.8678	-2.955668605864048e-05	-1.8324237316846848e-05	-9.988434612751007e-07	-3.5218818084103987e-08	-1.3186877367843408e-08	-1.078524292097427e-08
988196156.8678	-3.3061252906918526e-05	-1.9657891243696213e-05	-2.0489096641540527e-06	-3.5016000765608624e-08	-1.305829755438026e-08	-1.0782059689518064e-08
988196256.8678	-3.6543700844049454e-05	-2.0965002477169037e-05	-3.112480044364929e-06	-3.485683919279836e-08	-1.2926193448947743e-08	-1.0813892004080117e-08
988196356.8678	-4.001287743449211e-05	-2.225348725914955e-05	-4.187226295471191e-06	-3.473769538686611e-08	-1.2796704140782822e-08	-1.0872099664993584e-08
988196456.8678	-4.347972571849823e-05	-2.352660521864891e-05	-5.276873707771301e-06	-3.4651748137548566e-08	-1.2675855032284744e-08	-1.0944404493784532e-08
988196556.8678	-4.6936795115470886e-05	-2.478901296854019e-05	-6.3730403780937195e-06	-3.459035724517889e-08	-1.2565408269438194e-08	-1.1022166290786117e-08
988196656.8678	-5.038874223828316e-05	-2.603931352496147e-05	-7.475726306438446e-06	-3.4547610994195566e-08	-1.2465989129850641e-08	-1.1102201824542135e-08
988196756.8678	-5.3843483328819275e-05	-2.7280766516923904e-05	-8.59145075082779e-06	-3.451850716373883e-08	-1.237663127540145e-08	-1.118132786359638e-08
988196856.8678	-5.729217082262039e-05	-2.8514303267002106e-05	-9.710900485515594e-06	-3.44994077750016e-08	-1.2296538898226572e-08	-1.1255451681790873e-08
988196956.8678	-6.0741789638996124e-05	-2.9740389436483383e-05	-1.084059476852417e-05	-3.4487129596527666e-08	-1.2224859347043093e-08	-1.1326392268529162e-08
988197056.8678	-6.419140845537186e-05	-3.095855936408043e-05	-1.19796022772789e-05	-3.448121788096614e-08	-1.2160398910054937e-08	-1.1394149623811245e-08
988197156.8678	-6.763637065887451e-05	-3.21720726788044e-05	-1.3121403753757477e-05	-3.447894414421171e-08	-1.2102475466235774e-08	-1.145645001088269e-08
988197256.8678	-7.108412683010101e-05	-3.337999805808067e-05	-1.4270655810832977e-05	-3.4479398891562596e-08	-1.2049952147208387e-08	-1.1515112419147044e-08
988197356.8678	-7.453467696905136e-05	-3.458140417933464e-05	-1.5428289771080017e-05	-3.448303687036969e-08	-1.2002431049040752e-08	-1.1570591595955193e-08
988197456.8678	-7.798243314027786e-05	-3.5779550671577454e-05	-1.6585923731327057e-05	-3.448803909122944e-08	-1.1959343737544259e-08	-1.1621978046605363e-08
988197556.8678	-8.143112063407898e-05	-3.6973971873521805e-05	-1.775100827217102e-05	-3.449440555414185e-08	-1.192006493511144e-08	-1.1671090760501102e-08
988197656.8678	-8.48798081278801e-05	-3.8164202123880386e-05	-1.89170241355896e-05	-3.450168151175603e-08	-1.1884026207553688e-08	-1.1717020242940634e-08
988197756.8678	-8.833128958940506e-05	-3.9350707083940506e-05	-2.0090490579605103e-05	-3.450986696407199e-08	-1.185111386803328e-08	-1.1759766493923962e-08
988197856.8678	-9.178556501865387e-05	-4.053441807627678e-05	-2.1267682313919067e-05	-3.451850716373883e-08	-1.182081632578047e-08	-1.1799329513451084e-08
988197956.8678	-9.523332118988037e-05	-4.171626642346382e-05	-2.24430114030838e-05	-3.452760211075656e-08	-1.1792906207119813e-08	-1.1837073543574661e-08
988198056.8678	-9.869039058685303e-05	-4.2893458157777786e-05	-2.362951636314392e-05	-3.453669705777429e-08	-1.1767099294957006e-08	-1.1872998584294692e-08
988198156.8678	-0.00010214745998382568	-4.406832158565521e-05	-2.4819746613502502e-05	-3.4546246752142906e-08	-1.1743168215616606e-08	-1.1906195140909404e-08
988198256.8678	-0.0001056082546710968	-4.524132236838341e-05	-2.6013702154159546e-05	-3.455625119386241e-08	-1.1720828752004309e-08	-1.1938027455471456e-08
988198356.8678	-0.00010905787348747253	-4.641292616724968e-05	-2.720579504966736e-05	-3.456489139352925e-08	-1.1700365121214418e-08	-1.196713128592819e-08
988198456.8678	-0.00011252425611019135	-4.758080467581749e-05	-2.8407201170921326e-05	-3.4574895835248753e-08	-1.1681208889058325e-08	-1.1994870874332264e-08
988198556.8678	-0.00011597014963626862	-4.8749614506959915e-05	-2.960115671157837e-05	-3.458444552961737e-08	-1.1663132681860588e-08	-1.2021700968034565e-08
988198656.8678	-0.00011942535638809204	-4.9915630370378494e-05	-3.0796974897384644e-05	-3.4592630981933326e-08	-1.1646420716715511e-08	-1.2046712072333321e-08
988198756.8678	-0.00012289732694625854	-5.107652395963669e-05	-3.201700747013092e-05	-3.460218067630194e-08	-1.1630561402853345e-08	-1.2070813681930304e-08
988198856.8678	-0.0001263488084077835	-5.2240677177906036e-05	-3.321841359138489e-05	-3.46103661286179e-08	-1.1615782113949535e-08	-1.2093551049474627e-08
988198956.8678	-0.00012981146574020386	-5.340157076716423e-05	-3.44347208738327e-05	-3.461900632828474e-08	-1.1601684946072055e-08	-1.211628841701895e-08
988199056.8678	-0.00013326294720172882	-5.456153303384781e-05	-3.56379896402359e-05	-3.46271917806007e-08	-1.158872464657179e-08	-1.2136297300457954e-08
988199156.8678	-0.0001367218792438507	-5.572102963924408e-05	-3.684870898723602e-05	-3.463492248556577e-08	-1.1576275937841274e-08	-1.2155851436546072e-08
988199256.8678	-0.00014021247625350952	-5.6875403970479965e-05	-3.808736801147461e-05	-3.464310793788172e-08	-1.1564338819880504e-08	-1.217540557263419e-08
988199356.8678	-0.00014366395771503448	-5.803396925330162e-05	-3.929436206817627e-05	-3.465083864284679e-08	-1.1553254353202647e-08	-1.2192685971967876e-08
988199456.8678	-0.00014713779091835022	-5.918741226196289e-05	-4.052184522151947e-05	-3.465856934781186e-08	-1.1542681477294536e-08	-1.2209966371301562e-08
988199556.8678	-0.00015058927237987518	-6.034271791577339e-05	-4.173256456851959e-05	-3.466539055807516e-08	-1.1532620192156173e-08	-1.222679202328436e-08
988199656.8678	-0.00015406496822834015	-6.149336695671082e-05	-4.2963773012161255e-05	-3.467266651568934e-08	-1.1523184184625279e-08	-1.22422534332145e-08
988199756.8678	-0.00015754438936710358	-6.264401599764824e-05	-4.419684410095215e-05	-3.467948772595264e-08	-1.1514032394188689e-08	-1.2258169590495527e-08
988199856.8678	-0.0001609940081834793	-6.379745900630951e-05	-4.54094260931015e-05	-3.4686763683566824e-08	-1.1505335351102985e-08	-1.2273631000425667e-08
988199956.8678	-0.00016445107758045197	-6.494764238595963e-05	-4.662759602069855e-05	-3.469358489383012e-08	-1.1497149898787029e-08	-1.228727342095226e-08
988200056.8678	-0.00016793981194496155	-6.609410047531128e-05	-4.787743091583252e-05	-3.470040610409342e-08	-1.148941919382196e-08	-1.2300461094127968e-08
988200156.8678	-0.00017139315605163574	-6.724707782268524e-05	-4.9095600843429565e-05	-3.470631781965494e-08	-1.1481915862532333e-08	-1.2313194019952789e-08
988200256.8678	-0.00017485767602920532	-6.839446723461151e-05	-5.0321221351623535e-05	-3.471177478786558e-08	-1.1474924122012453e-08	-1.2325472198426723e-08
988200356.8678	-0.00017835572361946106	-6.953999400138855e-05	-5.157291889190674e-05	-3.471905074547976e-08	-1.1467932381492574e-08	-1.2337750376900658e-08
988200456.8678	-0.00018180161714553833	-7.069017738103867e-05	-5.27799129486084e-05	-3.4724052966339514e-08	-1.146133854490472e-08	-1.234911906067282e-08
988200556.8678	-0.00018526986241340637	-7.183663547039032e-05	-5.401298403739929e-05	-3.472996468190104e-08	-1.145497208199231e-08	-1.2360942491795868e-08
988200656.8678	-0.0001887306571006775	-7.298216223716736e-05	-5.5246055126190186e-05	-3.4735421650111675e-08	-1.1448889836174203e-08	-1.2371401680866256e-08
988200756.8678	-0.0001922324299812317	-7.412396371364594e-05	-5.650147795677185e-05	-3.47413333656732e-08	-1.1443148650869261e-08	-1.2382315617287531e-08
988200856.8678	-0.00019570812582969666	-7.526669651269913e-05	-5.7738274335861206e-05	-3.474633558653295e-08	-1.1437634839239763e-08	-1.2391865311656147e-08
988200956.8678	-0.00019916892051696777	-7.64140859246254e-05	-5.896762013435364e-05	-3.4750883060041815e-08	-1.1432291557866847e-08	-1.2400960258673877e-08
988201056.8678	-0.00020268186926841736	-7.755029946565628e-05	-6.0245394706726074e-05	-3.475679477560334e-08	-1.1427118806750514e-08	-1.2411419447744265e-08
988201156.8678	-0.00020613521337509155	-7.869675755500793e-05	-6.145983934402466e-05	-3.4761342249112204e-08	-1.1422230272728484e-08	-1.2420514394761994e-08
988201256.8678	-0.00020963698625564575	-7.983576506376266e-05	-6.272643804550171e-05	-3.4766344469971955e-08	-1.1417341738706455e-08	-1.2429154594428837e-08
988201356.8678	-0.0002131238579750061	-8.097570389509201e-05	-6.397441029548645e-05	-3.4771346690831706e-08	-1.141285110861645e-08	-1.243779479409568e-08
988201456.8678	-0.00021658837795257568	-8.21184366941452e-05	-6.520375609397888e-05	-3.4776803659042343e-08	-1.1408246791688725e-08	-1.2445980246411636e-08
988201556.8678	-0.00022003427147865295	-8.326489478349686e-05	-6.642192602157593e-05	-3.478089638520032e-08	-1.1404040378693026e-08	-1.245462044607848e-08
988201656.8678	-0.00022354722023010254	-8.440110832452774e-05	-6.76959753036499e-05	-3.47849891113583e-08	-1.1399833965697326e-08	-1.2462805898394436e-08
988201756.8678	-0.00022701546549797058	-8.554290980100632e-05	-6.89290463924408e-05	-3.478908183751628e-08	-1.139596861321479e-08	-1.2470081856008619e-08
988201856.8678	-0.0002304762601852417	-8.66847112774849e-05	-7.016211748123169e-05	-3.4793174563674256e-08	-1.1392103260732256e-08	-1.247644831892103e-08
988201956.8678	-0.00023395568132400513	-8.782465010881424e-05	-7.139891386032104e-05	-3.479681254248135e-08	-1.1388294751668582e-08	-1.2483724276535213e-08
988202056.8678	-0.0002374686300754547	-8.895900100469589e-05	-7.267296314239502e-05	-3.4800905268639326e-08	-1.138459992944263e-08	-1.249054548679851e-08
988202156.8678	-0.00024094432592391968	-9.009893983602524e-05	-7.390603423118591e-05	-3.4804997994797304e-08	-1.1381075637473259e-08	-1.2497821444412693e-08
988202256.8678	-0.0002444609999656677	-9.123235940933228e-05	-7.518753409385681e-05	-3.4808635973604396e-08	-1.137766503234161e-08	-1.250464265467599e-08
988202356.8678	-0.0002479180693626404	-9.2371366918087e-05	-7.641687989234924e-05	-3.4811364457709715e-08	-1.1374424957466545e-08	-1.2510554370237514e-08
988202456.8678	-0.0002513714134693146	-9.351223707199097e-05	-7.763877511024475e-05	-3.481454768916592e-08	-1.137124172601034e-08	-1.2516466085799038e-08
988202556.8678	-0.00025490671396255493	-9.464193135499954e-05	-7.894262671470642e-05	-3.4819095162674785e-08	-1.1368115337972995e-08	-1.2522832548711449e-08
988202656.8678	-0.00025838613510131836	-9.577814489603043e-05	-8.019059896469116e-05	-3.482227839413099e-08	-1.1364818419679068e-08	-1.252919901162386e-08
988202756.8678	-0.00026182085275650024	-9.691808372735977e-05	-8.140131831169128e-05	-3.482591637293808e-08	-1.1362033092154888e-08	-1.2534655979834497e-08
988202856.8678	-0.00026528164744377136	-9.805522859096527e-05	-8.26418399810791e-05	-3.482909960439429e-08	-1.1359190921211848e-08	-1.2540112948045135e-08
988202956.8678	-0.00026880204677581787	-9.918585419654846e-05	-8.393079042434692e-05	-3.483228283585049e-08	-1.135651928052539e-08	-1.2545115168904886e-08
988203056.8678	-0.0002722702920436859	-0.00010032393038272858	-8.517131209373474e-05	-3.483501131995581e-08	-1.1353904483257793e-08	-1.2550572137115523e-08
988203156.8678	-0.0002757608890533447	-0.00010145828127861023	-8.643791079521179e-05	-3.4838194551412016e-08	-1.1351175999152474e-08	-1.2556483852677047e-08
988203256.8678	-0.00027923285961151123	-0.0001025935634970665	-8.768215775489807e-05	-3.484183253021911e-08	-1.1348561201884877e-08	-1.2561031326185912e-08
988203356.8678	-0.0002827085554599762	-0.00010372791439294815	-8.893013000488281e-05	-3.484501576167531e-08	-1.1346116934873862e-08	-1.2565578799694777e-08
988203456.8678	-0.00028624385595321655	-0.0001048557460308075	-9.023770689964294e-05	-3.484819899313152e-08	-1.1343558981025126e-08	-1.2571035767905414e-08
988203556.8678	-0.0002896636724472046	-0.00010599754750728607	-9.143352508544922e-05	-3.4850017982535064e-08	-1.1341342087689554e-08	-1.2574673746712506e-08
988203656.8678	-0.00029318779706954956	-0.00010712817311286926	-9.272247552871704e-05	-3.485320121399127e-08	-1.1339011507516261e-08	-1.2580130714923143e-08
988203756.8678	-0.00029671937227249146	-0.00010825600475072861	-9.401142597198486e-05	-3.48554749507457e-08	-1.133685145759955e-08	-1.2584223441081122e-08
988203856.8678	-0.0003001801669597626	-0.00010939128696918488	-9.525567293167114e-05	-3.485729394014925e-08	-1.1334520877426257e-08	-1.2587861419888213e-08
988203956.8678	-0.00030364468693733215	-0.00011052750051021576	-9.650364518165588e-05	-3.486093191895634e-08	-1.1332474514347268e-08	-1.2592408893397078e-08
988204056.8678	-0.00030710920691490173	-0.00011166185140609741	-9.774789214134216e-05	-3.4862750908359885e-08	-1.133042815126828e-08	-1.259604687220417e-08
988204156.8678	-0.0003106333315372467	-0.00011279061436653137	-9.904056787490845e-05	-3.486502464511432e-08	-1.1328552318445873e-08	-1.2599684851011261e-08
988204256.8678	-0.0003140680491924286	-0.0001139296218752861	-0.00010025873780250549	-3.486820787657052e-08	-1.1326392268529162e-08	-1.2604232324520126e-08
988204356.8678	-0.0003175400197505951	-0.00011506304144859314	-0.00010150671005249023	-3.487093636067584e-08	-1.1324402748869034e-08	-1.2608325050678104e-08
988204456.8678	-0.0003210976719856262	-0.0001161862164735794	-0.00010283291339874268	-3.48723006027285e-08	-1.132275428972207e-08	-1.261150828213431e-08
988204556.8678	-0.00032451748847961426	-0.00011732615530490875	-0.00010403990745544434	-3.487593858153559e-08	-1.1320935300318524e-08	-1.2616055755643174e-08
988204656.8678	-0.0003280341625213623	-0.00011845491826534271	-0.00010532140731811523	-3.487730282358825e-08	-1.131928684117156e-08	-1.2620148481801152e-08
988204756.8678	-0.0003315284848213196	-0.0001195855438709259	-0.00010658428072929382	-3.4879576560342684e-08	-1.1317467851768015e-08	-1.2623331713257357e-08
988204856.8678	-0.0003350377082824707	-0.00012071430683135986	-0.00010786950588226318	-3.488139554974623e-08	-1.1315876236039912e-08	-1.2626514944713563e-08
988204956.8678	-0.0003384724259376526	-0.0001218533143401146	-0.0001090802252292633	-3.488366928650066e-08	-1.1314057246636366e-08	-1.2630152923520654e-08
988205056.8678	-0.000342048704624176	-0.00012297462671995163	-0.00011042878031730652	-3.4885943023255095e-08	-1.1312579317745985e-08	-1.263333615497686e-08
988205156.8678	-0.0003454461693763733	-0.00012411456555128098	-0.00011161714792251587	-3.488821676000953e-08	-1.1311101388855604e-08	-1.2636064639082178e-08
988205256.8678	-0.000348895788192749	-0.000125247985124588	-0.00011285766959190369	-3.489139999146573e-08	-1.1309452929708641e-08	-1.2638793123187497e-08
988205356.8678	-0.0003524795174598694	-0.00012636836618185043	-0.0001142062246799469	-3.4892309486167505e-08	-1.1307861313980538e-08	-1.2641521607292816e-08
988205456.8678	-0.0003559812903404236	-0.00012749526649713516	-0.00011549144983291626	-3.4893673728220165e-08	-1.1306440228509018e-08	-1.2644250091398135e-08
988205556.8678	-0.0003594830632209778	-0.00012862496078014374	-0.00011676549911499023	-3.489549271762371e-08	-1.1304791769362055e-08	-1.2647888070205227e-08
988205656.8678	-0.0003629028797149658	-0.00012976489961147308	-0.00011796504259109497	-3.4897311707027256e-08	-1.1303370683890535e-08	-1.2650616554310545e-08
988205756.8678	-0.0003663673996925354	-0.00013089831918478012	-0.00011920928955078125	-3.489958544378169e-08	-1.1301722224743571e-08	-1.265379978576675e-08
988205856.8678	-0.00036997348070144653	-0.00013201497495174408	-0.00012058019638061523	-3.4901404433185235e-08	-1.1300471669528633e-08	-1.265652826987207e-08
988205956.8678	-0.0003734305500984192	-0.00013314932584762573	-0.00012180209159851074	-3.490322342258878e-08	-1.1299107427475974e-08	-1.2658802006626502e-08
988206056.8678	-0.0003768354654312134	-0.00013428926467895508	-0.00012301653623580933	-3.4905042411992326e-08	-1.1297800028842175e-08	-1.2661985238082707e-08
988206156.8678	-0.00038032233715057373	-0.00013542268425226212	-0.00012426823377609253	-3.4906406654044986e-08	-1.1296378943370655e-08	-1.2665623216889799e-08
988206256.8678	-0.0003839656710624695	-0.00013653282076120377	-0.00012566149234771729	-3.490731614874676e-08	-1.12952989184123e-08	-1.2667896953644231e-08
988206356.8678	-0.0003872886300086975	-0.00013768300414085388	-0.00012678653001785278	-3.490958988550119e-08	-1.1294048363197362e-08	-1.267062543774955e-08
988206456.8678	-0.00039090216159820557	-0.000138796865940094	-0.0001281648874282837	-3.4911863622255623e-08	-1.1292684121144703e-08	-1.2673353921854869e-08
988206556.8678	-0.00039442628622055054	-0.00013992004096508026	-0.00012946873903274536	-3.4914137359010056e-08	-1.1291604096186347e-08	-1.2675172911258414e-08
988206656.8678	-0.00039790570735931396	-0.00014104973524808884	-0.0001307278871536255	-3.491504685371183e-08	-1.1290524071227992e-08	-1.2677901395363733e-08
988206756.8678	-0.0004013180732727051	-0.00014218967407941818	-0.00013192743062973022	-3.4916865843115374e-08	-1.1289444046269637e-08	-1.2680175132118165e-08
988206856.8678	-0.0004047304391860962	-0.00014332588762044907	-0.00013313442468643188	-3.4918230085168034e-08	-1.128830717789242e-08	-1.2683813110925257e-08
988206956.8678	-0.00040822476148605347	-0.00014445558190345764	-0.00013440847396850586	-3.492095856927335e-08	-1.1287113466096343e-08	-1.2686541595030576e-08
988207056.8678	-0.0004117116332054138	-0.00014558713883161545	-0.0001356750726699829	-3.4921868063975126e-08	-1.1286033441137988e-08	-1.2688360584434122e-08
988207156.8678	-0.0004153400659561157	-0.0001466972753405571	-0.00013706833124160767	-3.4923232306027785e-08	-1.1285067103017354e-08	-1.2690179573837668e-08
988207256.8678	-0.00041873008012771606	-0.00014783628284931183	-0.00013826042413711548	-3.4924596548080444e-08	-1.1283816547802417e-08	-1.2693362805293873e-08
988207356.8678	-0.00042222440242767334	-0.00014896411448717117	-0.00013953447341918945	-3.492550604278222e-08	-1.1282963896519504e-08	-1.2694272299995646e-08
988207456.8678	-0.00042572617530822754	-0.0001500900834798813	-0.00014081597328186035	-3.492732503218576e-08	-1.128199755839887e-08	-1.2697000784100965e-08
988207556.8678	-0.0004292130470275879	-0.00015122070908546448	-0.00014207512140274048	-3.492732503218576e-08	-1.1281144907115959e-08	-1.2698365026153624e-08
988207656.8678	-0.00043273717164993286	-0.00015234481543302536	-0.00014338642358779907	-3.493005351629108e-08	-1.1279951195319882e-08	-1.2700638762908056e-08
988207756.8678	-0.000436246395111084	-0.00015347078442573547	-0.00014465302228927612	-3.493141775834374e-08	-1.1278871170361526e-08	-1.2703367247013375e-08
988207856.8678	-0.0004396513104438782	-0.0001546088606119156	-0.00014585256576538086	-3.493323674774729e-08	-1.1278018519078614e-08	-1.2705186236416921e-08
988207956.8678	-0.00044330209493637085	-0.00015571527183055878	-0.00014725327491760254	-3.493414624244906e-08	-1.127705218095798e-08	-1.270655047846958e-08
988208056.8678	-0.0004467815160751343	-0.00015684496611356735	-0.00014850497245788574	-3.493641997920349e-08	-1.1275972155999625e-08	-1.27092789625749e-08
988208156.8678	-0.0004502534866333008	-0.00015797559171915054	-0.00014974921941757202	-3.493687472655438e-08	-1.1275119504716713e-08	-1.2710643204627559e-08
988208256.8678	-0.0004536062479019165	-0.00015911925584077835	-0.0001508966088294983	-3.493823896860704e-08	-1.127421001001494e-08	-1.2713371688732877e-08
988208356.8678	-0.0004571005702018738	-0.0001602470874786377	-0.00015216320753097534	-3.49396032106597e-08	-1.1273300515313167e-08	-1.271564542548731e-08
988208456.8678	-0.0004607290029525757	-0.00016135815531015396	-0.0001535564661026001	-3.494096745271236e-08	-1.1272447864030255e-08	-1.2717464414890856e-08
988208556.8678	-0.0004642978310585022	-0.00016247574239969254	-0.0001548975706100464	-3.4941422200063244e-08	-1.1271822586422786e-08	-1.2718828656943515e-08
988208656.8678	-0.00046772509813308716	-0.00016361195594072342	-0.00015611201524734497	-3.494324118946679e-08	-1.1270799404883292e-08	-1.2721102393697947e-08
988208756.8678	-0.00047125667333602905	-0.00016473140567541122	-0.00015740841627120972	-3.494460543151945e-08	-1.126994675360038e-08	-1.272337613045238e-08
988208856.8678	-0.0004747733473777771	-0.00016585644334554672	-0.00015868991613388062	-3.494551492622122e-08	-1.1269094102317467e-08	-1.2724740372505039e-08
988208956.8678	-0.00047826021909713745	-0.0001669870689511299	-0.00015994906425476074	-3.494596967357211e-08	-1.1268298294453416e-08	-1.2727014109259471e-08
988209056.8678	-0.0004816502332687378	-0.0001681232824921608	-0.00016114115715026855	-3.494687916827388e-08	-1.1267616173427086e-08	-1.2727923603961244e-08
988209156.8678	-0.0004850998520851135	-0.00016925670206546783	-0.00016236305236816406	-3.4949152905028313e-08	-1.1266934052400757e-08	-1.2730652088066563e-08
988209256.8678	-0.0004887506365776062	-0.00017036497592926025	-0.00016376376152038574	-3.4950062399730086e-08	-1.1266195087955566e-08	-1.2732016330119222e-08
988209356.8678	-0.0004920437932014465	-0.00017151609063148499	-0.00016486644744873047	-3.495097189443186e-08	-1.1265285593253793e-08	-1.2734290066873655e-08
988209456.8678	-0.000495515763759613	-0.00017264485359191895	-0.00016611814498901367	-3.495188138913363e-08	-1.1264717159065185e-08	-1.2734744814224541e-08
988209556.8678	-0.0004990547895431519	-0.00017376430332660675	-0.00016745179891586304	-3.4952790883835405e-08	-1.1263807664363412e-08	-1.2736563803628087e-08
988209656.8678	-0.0005024969577789307	-0.00017489679157733917	-0.00016868114471435547	-3.4954155125888065e-08	-1.1263239230174804e-08	-1.2737928045680746e-08
988209756.8678	-0.0005060732364654541	-0.00017601437866687775	-0.00017002969980239868	-3.495506462058984e-08	-1.1262557109148474e-08	-1.2739292287733406e-08
988209856.8678	-0.0005095899105072021	-0.00017713569104671478	-0.00017133355140686035	-3.495688360999338e-08	-1.1261818144703284e-08	-1.2740656529786065e-08
988209956.8678	-0.0005131959915161133	-0.00017825141549110413	-0.0001726970076560974	-3.495733835734427e-08	-1.1261192867095815e-08	-1.2741566024487838e-08
988210056.8678	-0.0005164965987205505	-0.0001793988049030304	-0.00017381459474563599	-3.4959157346747816e-08	-1.1260340215812903e-08	-1.2743385013891384e-08
988210156.8678	-0.0005200803279876709	-0.00018051452934741974	-0.00017517060041427612	-3.49596120940987e-08	-1.1259658094786573e-08	-1.274520400329493e-08
988210256.8678	-0.0005235746502876282	-0.00018163956701755524	-0.00017643719911575317	-3.4960521588800475e-08	-1.1259089660597965e-08	-1.274656824534759e-08
988210356.8678	-0.0005271434783935547	-0.00018275529146194458	-0.0001777857542037964	-3.4961885830853134e-08	-1.1258293852733914e-08	-1.2748387234751135e-08
988210456.8678	-0.0005305781960487366	-0.000183887779712677	-0.00017901510000228882	-3.496234057820402e-08	-1.1257668575126445e-08	-1.2750206224154681e-08
988210556.8678	-0.0005340352654457092	-0.00018501654267311096	-0.00018026679754257202	-3.496370482025668e-08	-1.1257100140937837e-08	-1.2752025213558227e-08
988210656.8678	-0.0005377009510993958	-0.0001861192286014557	-0.00018168985843658447	-3.4965523809660226e-08	-1.1256474863330368e-08	-1.275293470826e-08
988210756.8678	-0.0005412548780441284	-0.00018724054098129272	-0.00018300116062164307	-3.4966433304362e-08	-1.125596327256062e-08	-1.2754298950312659e-08
988210856.8678	-0.0005447119474411011	-0.00018837116658687592	-0.00018423795700073242	-3.496734279906377e-08	-1.1255281151534291e-08	-1.2755208445014432e-08
988210956.8678	-0.0005480274558067322	-0.00018952228128910065	-0.00018536299467086792	-3.496779754641466e-08	-1.1254599030507961e-08	-1.2756572687067091e-08
988211056.8678	-0.0005516186356544495	-0.00019063428044319153	-0.00018671900033950806	-3.4968252293765545e-08	-1.1254030596319353e-08	-1.2757482181768864e-08
988211156.8678	-0.0005550608038902283	-0.00019176676869392395	-0.00018794089555740356	-3.496916178846732e-08	-1.1253575848968467e-08	-1.2758391676470637e-08
988211256.8678	-0.000558510422706604	-0.00019289739429950714	-0.00018918514251708984	-3.4970980777870864e-08	-1.1252836884523276e-08	-1.276066541322507e-08
988211356.8678	-0.0005622655153274536	-0.00019398890435695648	-0.00019069015979766846	-3.497143552522175e-08	-1.125238213717239e-08	-1.2761574907926843e-08
988211456.8678	-0.0005655661225318909	-0.00019513629376888275	-0.0001918002963066101	-3.497234501992352e-08	-1.125170001614606e-08	-1.2762939149979502e-08
988211556.8678	-0.0005690976977348328	-0.00019625388085842133	-0.00019312649965286255	-3.497370926197618e-08	-1.1251188425376313e-08	-1.2764758139383048e-08
988211656.8678	-0.0005726143717765808	-0.00019737519323825836	-0.00019440799951553345	-3.4973254514625296e-08	-1.1250847364863148e-08	-1.276566763408482e-08
988211756.8678	-0.0005760565400123596	-0.00019850768148899078	-0.0001956447958946228	-3.4974618756677955e-08	-1.12503357740934e-08	-1.2766577128786594e-08
988211856.8678	-0.00057944655418396	-0.00019964948296546936	-0.00019681453704833984	-3.4975982998730615e-08	-1.1249710496485932e-08	-1.2767941370839253e-08
988211956.8678	-0.0005828961730003357	-0.00020077824592590332	-0.00019804388284683228	-3.497689249343239e-08	-1.1249255749135045e-08	-1.2768850865541026e-08
988212056.8678	-0.0005865544080734253	-0.0002018846571445465	-0.00019947439432144165	-3.49764377460815e-08	-1.1248744158365298e-08	-1.2770215107593685e-08
988212156.8678	-0.0005901455879211426	-0.00020300038158893585	-0.00020082294940948486	-3.4977347240783274e-08	-1.124811888075783e-08	-1.2771124602295458e-08
988212256.8678	-0.0005933791399002075	-0.0002041589468717575	-0.00020187348127365112	-3.497825673548505e-08	-1.124749360315036e-08	-1.2772034096997231e-08
988212356.8678	-0.0005972087383270264	-0.00020524300634860992	-0.0002034306526184082	-3.4978711482835934e-08	-1.1247038855799474e-08	-1.2772943591699004e-08
988212456.8678	-0.0006007254123687744	-0.00020636245608329773	-0.0002047419548034668	-3.4979620977537706e-08	-1.1246640951867448e-08	-1.2774307833751664e-08
988212556.8678	-0.0006039366126060486	-0.00020752288401126862	-0.00020578503608703613	-3.498053047223948e-08	-1.124601567425998e-08	-1.2775672075804323e-08
988212656.8678	-0.0006076693534851074	-0.00020861998200416565	-0.0002072751522064209	-3.498053047223948e-08	-1.1245447240071371e-08	-1.2776581570506096e-08
988212756.8678	-0.0006109625101089478	-0.0002097729593515396	-0.00020836293697357178	-3.498280420899391e-08	-1.1244935649301624e-08	-1.2777945812558755e-08
988212856.8678	-0.000614650547504425	-0.00021087191998958588	-0.00020980089902877808	-3.498280420899391e-08	-1.1244537745369598e-08	-1.2778855307260528e-08
988212956.8678	-0.0006178766489028931	-0.00021203234791755676	-0.0002108439803123474	-3.49832589563448e-08	-1.1244026154599851e-08	-1.2780219549313188e-08
988213056.8678	-0.0006213709712028503	-0.00021315552294254303	-0.00021213293075561523	-3.4983713703695685e-08	-1.1243571407248965e-08	-1.278112904401496e-08
988213156.8678	-0.0006250292062759399	-0.000214260071516037	-0.00021357089281082153	-3.4983713703695685e-08	-1.12432303467358e-08	-1.2782038538716733e-08
988213256.8678	-0.000628344714641571	-0.00021540559828281403	-0.00021469593048095703	-3.498416845104657e-08	-1.124260506912833e-08	-1.2783402780769393e-08
988213356.8678	-0.0006319582462310791	-0.00021651573479175568	-0.0002160593867301941	-3.498553269309923e-08	-1.1242150321777444e-08	-1.2784767022822052e-08
988213456.8678	-0.0006356239318847656	-0.0002176128327846527	-0.00021748989820480347	-3.498598744045012e-08	-1.124186610468314e-08	-1.2785676517523825e-08
988213556.8678	-0.0006392002105712891	-0.00021872855722904205	-0.00021883100271224976	-3.498598744045012e-08	-1.1241525044169975e-08	-1.2786131264874712e-08
988213656.8678	-0.0006426423788070679	-0.000219857320189476	-0.0002200603485107422	-3.498598744045012e-08	-1.1241070296819089e-08	-1.2786586012225598e-08
988213756.8678	-0.0006461217999458313	-0.00022098608314990997	-0.0002213120460510254	-3.4987351682502776e-08	-1.1240558706049342e-08	-1.2788405001629144e-08
988213856.8678	-0.0006495565176010132	-0.00022212043404579163	-0.0002225339412689209	-3.498826117720455e-08	-1.1240274488955038e-08	-1.2788405001629144e-08
988213956.8678	-0.0006530582904815674	-0.0002232436090707779	-0.00022380053997039795	-3.498780642985366e-08	-1.123976289818529e-08	-1.278885974898003e-08
988214056.8678	-0.0006564706563949585	-0.00022437423467636108	-0.00022500008344650269	-3.498917067190632e-08	-1.1239364994253265e-08	-1.2789314496330917e-08
988214156.8678	-0.0006601661443710327	-0.00022547878324985504	-0.00022642314434051514	-3.499098966130987e-08	-1.1238739716645796e-08	-1.2790678738383576e-08
988214256.8678	-0.0006634443998336792	-0.00022662989795207977	-0.0002275332808494568	-3.499189915601164e-08	-1.1238512342970353e-08	-1.279158823308535e-08
988214356.8678	-0.0006670653820037842	-0.00022773630917072296	-0.00022893399000167847	-3.49932633980643e-08	-1.1238057595619466e-08	-1.279158823308535e-08
988214456.8678	-0.0006703287363052368	-0.00022888928651809692	-0.00023002177476882935	-3.499371814541519e-08	-1.123765969168744e-08	-1.2792497727787122e-08
988214556.8678	-0.0006738901138305664	-0.00023000873625278473	-0.00023136287927627563	-3.499553713481873e-08	-1.1237204944336554e-08	-1.2793407222488895e-08
988214656.8678	-0.000677645206451416	-0.0002311021089553833	-0.00023286044597625732	-3.4996446629520506e-08	-1.1236807040404528e-08	-1.2793861969839782e-08
988214756.8678	-0.0006810426712036133	-0.00023224204778671265	-0.0002340376377105713	-3.499690137687139e-08	-1.1236465979891364e-08	-1.2794316717190668e-08
988214856.8678	-0.0006844550371170044	-0.0002333763986825943	-0.0002352297306060791	-3.499735612422228e-08	-1.1236295449634781e-08	-1.2795226211892441e-08
988214956.8678	-0.0006877928972244263	-0.00023452192544937134	-0.00023636966943740845	-3.499826561892405e-08	-1.1235840702283895e-08	-1.2797045201295987e-08
988215056.8678	-0.0006913840770721436	-0.000235632061958313	-0.0002377331256866455	-3.499872036627494e-08	-1.123555648518959e-08	-1.2797499948646873e-08
988215156.8678	-0.0006951987743377686	-0.0002367161214351654	-0.00023926794528961182	-3.50000846083276e-08	-1.1235101737838704e-08	-1.2798864190699533e-08
988215256.8678	-0.0006983280181884766	-0.00023788586258888245	-0.00024023652076721191	-3.500099410302937e-08	-1.123476067732554e-08	-1.2800228432752192e-08
988215356.8678	-0.0007022172212600708	-0.0002389606088399887	-0.00024187564849853516	-3.500144885038026e-08	-1.1234476460231235e-08	-1.2800683180103078e-08
988215456.8678	-0.0007053911685943604	-0.0002401266247034073	-0.0002428591251373291	-3.500144885038026e-08	-1.1234249086555792e-08	-1.2801592674804851e-08
988215556.8678	-0.0007091760635375977	-0.00024121440947055817	-0.00024437904357910156	-3.500235834508203e-08	-1.1233794339204906e-08	-1.2803411664208397e-08
988215656.8678	-0.0007123798131942749	-0.00024237297475337982	-0.0002453997731208801	-3.5002813092432916e-08	-1.1233737495786045e-08	-1.2803411664208397e-08
988215756.8678	-0.0007162392139434814	-0.00024345144629478455	-0.0002469867467880249	-3.50032678397838e-08	-1.1233282748435158e-08	-1.2803866411559284e-08
988215856.8678	-0.0007195323705673218	-0.00024460628628730774	-0.00024806708097457886	-3.500372258713469e-08	-1.1232884844503133e-08	-1.2804775906261057e-08
988215956.8678	-0.0007230937480926514	-0.0002457182854413986	-0.000249423086643219	-3.5004177334485576e-08	-1.123271431424655e-08	-1.2805230653611943e-08
988216056.8678	-0.0007264614105224609	-0.00024685636162757874	-0.00025059282779693604	-3.5005541576538235e-08	-1.1232145880057942e-08	-1.2806594895664603e-08
988216156.8678	-0.0007297992706298828	-0.0002480018883943558	-0.00025172531604766846	-3.500599632388912e-08	-1.1231747976125916e-08	-1.2807959137717262e-08
988216256.8678	-0.0007332563400268555	-0.00024912692606449127	-0.0002529919147491455	-3.500645107124001e-08	-1.1231463759031612e-08	-1.2809323379769921e-08
988216356.8678	-0.0007370859384536743	-0.0002502109855413437	-0.0002545267343521118	-3.500645107124001e-08	-1.1231122698518448e-08	-1.2809778127120808e-08
988216456.8678	-0.0007406622171401978	-0.00025132298469543457	-0.0002558976411819458	-3.500736056594178e-08	-1.1231065855099587e-08	-1.2811142369173467e-08
988216556.8678	-0.0007442235946655273	-0.00025244057178497314	-0.0002572089433670044	-3.500781531329267e-08	-1.1230667951167561e-08	-1.2812506611226127e-08
988216656.8678	-0.0007477700710296631	-0.0002535581588745117	-0.00025850534439086914	-3.500872480799444e-08	-1.1230270047235535e-08	-1.2813870853278786e-08
988216756.8678	-0.000750809907913208	-0.0002547409385442734	-0.0002593696117401123	-3.50100890500471e-08	-1.1230042673560092e-08	-1.2814325600629672e-08
988216856.8678	-0.0007546544075012207	-0.00025582313537597656	-0.000260964035987854	-3.5010543797397986e-08	-1.1229644769628067e-08	-1.2815235095331445e-08
988216956.8678	-0.0007581710815429688	-0.00025694817304611206	-0.00026223063468933105	-3.50100890500471e-08	-1.1229303709114902e-08	-1.2816599337384105e-08
988217056.8678	-0.0007616877555847168	-0.0002580638974905014	-0.00026351213455200195	-3.5010543797397986e-08	-1.1229019492020598e-08	-1.2817054084734991e-08
988217156.8678	-0.0007648169994354248	-0.0002592373639345169	-0.00026448071002960205	-3.501236278680153e-08	-1.1228678431507433e-08	-1.281841832678765e-08
988217256.8678	-0.0007683038711547852	-0.0002603568136692047	-0.00026573240756988525	-3.501236278680153e-08	-1.122845105783199e-08	-1.2817963579436764e-08
988217356.8678	-0.0007717609405517578	-0.00026149116456508636	-0.00026695430278778076	-3.501281753415242e-08	-1.1228223684156546e-08	-1.2818873074138537e-08
988217456.8678	-0.0007758140563964844	-0.0002625454217195511	-0.0002687424421310425	-3.501372702885419e-08	-1.122776893680566e-08	-1.281978256884031e-08
988217556.8678	-0.0007789283990859985	-0.00026371516287326813	-0.0002696812152862549	-3.5014636523555964e-08	-1.1227371032873634e-08	-1.282114681089297e-08
988217656.8678	-0.0007822364568710327	-0.00026486068964004517	-0.0002707540988922119	-3.501509127090685e-08	-1.1227143659198191e-08	-1.2822056305594742e-08
988217756.8678	-0.0007857978343963623	-0.0002659764140844345	-0.00027208030223846436	-3.501554601825774e-08	-1.1226802598685026e-08	-1.2822056305594742e-08
988217856.8678	-0.0007893890142440796	-0.00026709213852882385	-0.0002734065055847168	-3.501554601825774e-08	-1.1226688911847305e-08	-1.2822511052945629e-08
988217956.8678	-0.000793159008026123	-0.00026817433536052704	-0.0002749413251876831	-3.501554601825774e-08	-1.1226291007915279e-08	-1.2823420547647402e-08
988218056.8678	-0.0007964372634887695	-0.00026932545006275177	-0.00027604401111602783	-3.5016000765608624e-08	-1.1226120477658696e-08	-1.2823420547647402e-08
988218156.8678	-0.000799715518951416	-0.00027047842741012573	-0.00027711689472198486	-3.501645551295951e-08	-1.1225779417145532e-08	-1.2823875294998288e-08
988218256.8678	-0.000803634524345398	-0.0002715475857257843	-0.0002787858247756958	-3.501736500766128e-08	-1.122566573030781e-08	-1.2823875294998288e-08
