1051160040.0	-680115.5851790947	187293.02177610213	3022637.345486988	1513.6310065311943	917.5378347659666	280.9958482782914
1051160240.0	-373562.8851088587	369158.7881040452	3058742.0358602074	1548.5177253620218	899.1133568649652	79.6412190756464
1051160440.0	-62073.15368133195	546145.5313814085	3054421.1606425173	1562.9442622669867	868.8020287130195	-122.80291417596541
1051160640.0	250237.07800067106	715914.126016151	3009731.111895849	1556.7144729094944	827.0140320581722	-323.5942594904676
1051160840.0	559241.381633784	876223.8837065987	2925274.940647075	1529.925602952309	774.3222539334106	-520.0155882324016
1051161040.0	860861.9777565887	1024964.216802412	2802193.130214987	1482.9660915755474	711.4530411846034	-709.4167067753647
1051161240.0	1151127.3207695226	1160184.1798515234	2642146.107031094	1416.50818491157	639.2742722776227	-889.2549578051252
1051161440.0	1426227.7061937286	1280119.3818813148	2447288.872025287	1331.4955966001296	558.7810488858903	-1057.1333736831107
1051161640.0	1682567.9450215634	1383215.8289195923	2220238.302653117	1229.126591435049	471.0793717924724	-1210.835694517803
1051161840.0	1916816.2375037235	1468150.3340214808	1964033.8217341304	1110.832987315254	377.36821127481255	-1348.3575814111375
1051162040.0	2125948.48765878	1533847.2171718946	1682092.2496253864	978.2556652343325	278.9204097677936	-1467.9334936225612
1051162240.0	2307287.42486494	1579491.1062179091	1378157.7475747978	833.2172434473831	177.06286381615462	-1568.0588490761345
1051162440.0	2458536.034299599	1604535.7388255224	1056247.8207364804	677.6926087868369	73.15642388337704	-1647.5072424078737
1051162640.0	2577804.937830068	1608708.750981178	720596.3792740634	513.7780058128094	-31.424073744588505	-1705.342645649883
1051162840.0	2663633.505595403	1592012.5168398542	375594.8567275645	343.65936524657354	-135.3092663532812	-1740.9266566109652
1051163040.0	2715004.610901048	1554721.175404465	25732.35916206093	169.5805105158775	-237.1538866849156	-1753.92098328717
1051163240.0	2731353.062942434	1497374.0399100545	-324464.22966443567	-6.188180189339649	-335.65427307277986	-1744.2854550381305
1051163440.0	2712567.860027606	1420765.6348717364	-670489.3283276829	-181.38015404274466	-429.5645514935575	-1712.2719302872674
1051163640.0	2658988.4981822968	1325932.6431936112	-1007916.1440037586	-353.76168701770786	-517.7113312621188	-1658.4145252671851
1051163840.0	2571395.645141467	1214138.0717862402	-1332451.874417148	-521.1591784346728	-599.0068114896852	-1583.5166194264768
1051164040.0	2450996.5475838534	1086852.959572775	-1639990.0273030945	-681.4844897138195	-672.4602458739175	-1488.6351023546108
1051164240.0	2299405.58073048	945735.9577491041	-1926659.3514931872	-832.7581604298165	-737.1877571787965	-1375.062317212087
1051164440.0	2118620.375485219	792611.1101547542	-2188868.9624016304	-973.1304063934984	-792.4205287734593	-1244.3061300421084
1051164640.0	1910993.9710564476	629444.1532292692	-2423349.326968842	-1100.8998655212517	-837.5114282717857	-1098.068516689087
1051164840.0	1679203.4427329535	458317.6419551885	-2627188.8469795794	-1214.5301063242557	-871.9401375844328	-938.2230131383063
1051165040.0	1426215.44765934	281405.1920750254	-2797865.84383133	-1312.6639503572706	-895.3168749155559	-766.791324570919
1051165240.0	1155249.1185822845	100945.1112621652	-2933275.8017061143	-1394.1356839815894	-907.3847980897722	-585.919336669468
1051165440.0	869736.7190631628	-80786.32579137936	-3031753.7697530515	-1457.9812469448043	-908.021176007214	-397.8527226985233
1051165640.0	573282.4558483162	-261501.72005272875	-3092091.8579321704	-1503.4464866239384	-897.2374070875012	-204.91229417145345
1051165840.0	269619.8269818646	-438929.2848955959	-3113551.786678031	-1529.993558710248	-875.1779514697953	-9.469203587656013
1051166040.0	-37432.13043974904	-610839.2651123109	-3095872.4689632026	-1537.3055392626627	-842.1182287272312	186.07992357897027
1051166240.0	-344013.3398577925	-775069.8350871045	-3039272.616408441	-1525.289291215349	-798.4615161824173	379.337872537232
1051166440.0	-646267.5852481285	-929552.2783318505	-2944448.3707296965	-1494.0766024946738	-744.7348658128575	567.9316954363413
1051166640.0	-940387.4652320688	-1072335.252528379	-2812565.970082852	-1444.0235848524694	-681.5840414137921	749.5374988092334
1051166840.0	-1222659.0499990815	-1201607.943074436	-2645249.4688606644	-1375.708294367474	-609.7674632958767	921.9051119534527
1051167040.0	-1489505.8792574084	-1315721.9043903046	-2444563.5412781984	-1289.9265083343987	-530.1491364314799	1082.8825670382826
1051167240.0	-1737531.9240613622	-1413211.3826185942	-2212991.415614591	-1187.6855709730785	-443.6905306453332	1230.4402933442384
1051167440.0	-1963563.1160998866	-1492811.906743988	-1953408.0090400933	-1070.1962040335707	-351.4413790953087	1362.694891345935
1051167640.0	-2164687.0262479656	-1553476.928648357	-1669048.3640652564	-938.862169848839	-254.5293647024459	1477.932308867163
1051167840.0	-2338290.2516258927	-1594392.2874182859	-1363471.5279722228	-795.2676754513967	-154.1486739946384	1574.6301932319486
1051168040.0	-2482093.049156383	-1614988.2706604372	-1040520.0668570935	-641.1624185518244	-51.54741443848631	1651.4791426205293
1051168240.0	-2594180.7360055977	-1614949.0470353763	-704275.4663314105	-478.444200672013	51.98608511069868	1707.4025295629226
1051168440.0	-2673031.3658870677	-1594219.2510683788	-359009.74109407427	-309.13907027936676	155.13804090161878	1741.5745229055594
1051168640.0	-2717539.187636159	-1553007.5148359668	-9133.65440631528	-135.37900954427198	256.58496130167237	1753.4358952135005
1051168840.0	-2727033.401330079	-1491786.7624997091	340857.96583325684	40.62275820191419	355.0102462764157	1742.707174136782
1051169040.0	-2701291.7499483456	-1411291.113754747	686443.2377685631	216.59868846077555	449.1214659678411	1709.3986824706408
1051169240.0	-2640548.5231934795	-1312509.2816271263	1023131.8954219508	390.2558273395073	537.6680979688247	1653.8170159150577
1051169440.0	-2545496.6061297446	-1196674.3988064786	1346524.8620437433	559.3063897285203	619.4594564955094	1576.5675327937406
1051169640.0	-2417283.279532301	-1065250.2644446448	1652373.8906196076	721.4995869885208	693.3825036126696	1478.552478295857
1051169840.0	-2257499.5711656376	-919914.069127142	1936640.3665209492	874.6541987046336	758.4191958858445	1360.9644380935724
1051170040.0	-2068163.0665085097	-762535.7279840123	2195552.31545616	1016.6913028071071	813.6629922649768	1225.274912011727
1051170240.0	-1851694.2115033937	-595154.0285256354	2425658.629415573	1145.6665119097088	858.3341334125461	1073.2179157501114
1051170440.0	-1610886.27542922	-419949.8781285754	2623879.5181590356	1259.801016418728	891.793301419721	906.7686537922915
1051170640.0	-1348869.284659965	-239217.0131101043	2787552.217029961	1357.510711545818	913.5532835983196	728.1174542829058
1051170840.0	-1069068.3827144112	-55330.60371652867	2914471.035348331	1437.4326894916662	923.2882956186102	539.6393101303578
1051171040.0	-775157.2128640643	129285.74625561663	3002920.9137447374	1498.4484119738959	920.8406674813352	343.85952218087175
1051171240.0	-471007.05061600724	312194.05329982133	3051703.7723513185	1539.7029424005152	906.2246593548979	143.41608177641928
1051171440.0	-160632.52869826442	490976.47045764496	3060157.0719164466	1560.6197098351886	879.6272507634131	-58.980446803808746
1051171640.0	151865.1086809265	663269.6521191351	3028164.172241827	1560.9103949877301	841.4058325797549	-260.5886860421695
1051171840.0	462356.2170997539	826798.3484607394	2956156.251075528	1540.5796665112632	792.0828225867864	-458.678923362756
1051172040.0	766741.3841396216	979407.6239967592	2845105.7349182684	1499.9246471484987	732.3373173675313	-650.5753544486439
1051172240.0	1061009.4295355545	1119093.1261703784	2696511.3836792316	1439.529146017233	662.993981189865	-833.6971466090187
1051172440.0	1341293.7430245008	1244028.8781496743	2512375.356171407	1360.252847440987	585.0094518228979	-1005.5974228184077
1051172640.0	1603925.9823345956	1352592.1328886156	2295172.7558245314	1263.215790332992	499.4566099102365	-1163.9993473274724
1051172840.0	1845486.2335091527	1443384.9002227061	2047814.3092722094	1149.7785981825516	407.5071095626566	-1306.8286035695526
1051173040.0	2062848.8384732732	1515251.8419464272	1773602.9593767424	1021.5190224697564	310.4126012422484	-1432.2416877474739
1051173240.0	2253223.2153461743	1567294.3178407294	1476185.2549929714	880.2054378599875	209.48509300607904	-1538.6495891516965
1051173440.0	2414189.1297884164	1598880.4548215284	1159498.490167714	727.767973731352	106.07689315820137	-1624.736582630956
1051173640.0	2543726.014740455	1609651.1982921094	827714.5850049256	566.2679833309624	1.5605577961676058	-1689.474011572531
1051173840.0	2640236.0755031346	1599522.3863175183	485181.71014184353	397.8665407956099	-102.69076701340877	-1732.1290838526986
1051174040.0	2702561.051965784	1568682.9608501191	136364.63908772412	224.79262057529448	-205.32226364836927	-1752.2688322866281
1051174240.0	2729992.635390626	1517589.4940135279	-214215.22892215577	49.311557765257916	-305.01532995577674	-1749.7595004448322
1051174440.0	2722276.6499393177	1446957.2601715191	-562039.2941307905	-126.3056835024314	-400.5042001250133	-1724.7617012717976
1051174640.0	2679611.2065431955	1357748.1256204203	-902649.8242301858	-299.8119878282972	-490.59112298090855	-1677.7217583608947
1051174840.0	2602639.1172953025	1251155.5573257194	-1231705.9460108366	-469.01195287467976	-574.1599777774027	-1609.359678158438
1051175040.0	2492434.921807141	1128587.0707962841	-1545036.933202187	-631.7878668405469	-650.1882597939308	-1520.6542172468999
1051175240.0	2350486.923351807	991644.4460095752	-1838692.2557375918	-786.1236077132194	-717.7574140752604	-1412.8255046767815
1051175440.0	2178674.663285473	842102.0406453911	-2108987.9458193234	-930.1263474792734	-776.0615342068473	-1287.3156582826625
1051175640.0	1979242.2789636608	681883.5233337883	-2352548.920709215	-1062.0460090416504	-824.414473350146	-1145.7677996577297
1051175840.0	1754768.1953218374	513037.3378480267	-2566346.978860516	-1180.2924765358202	-862.2554366632103	-990.003828752129
1051176040.0	1508131.5958913718	337711.19384555885	-2747734.253320806	-1283.4506002309995	-889.1531379321643	-822.0012696149325
1051176240.0	1242476.1077860084	158125.8624657795	-2894471.9634792474	-1370.29306511512	-904.8086093267287	-643.8694470891093
1051176440.0	961171.1195992756	-23451.462726984777	-3004754.353069536	-1439.7912080579358	-909.0567525259222	-457.8252034100834
1051176640.0	667771.1335363365	-204733.99606422283	-3077227.739319209	-1491.1238730625707	-901.866713085609	-266.16831634165845
1051176840.0	365973.5355758951	-383442.15331508167	-3111004.626196327	-1523.684388850752	-883.3411490046838	-71.2567389434762
1051177040.0	59575.15184249667	-557330.0932203133	-3105672.8551865323	-1537.0857394441025	-853.7144502222374	124.5182529205582
1051177240.0	-247572.05284185655	-724211.801531491	-3061299.7815889483	-1531.163978251219	-813.3499494963295	318.75694431651056
1051177440.0	-551605.7859369721	-881986.5184525931	-2978431.474825488	-1505.9799113198449	-762.7361480198482	509.0760504820228
1051177640.0	-848698.4018062798	-1028663.3133661863	-2858086.9497362846	-1461.8190478176314	-702.4819624354294	693.1335307815441
1051177840.0	-1135101.6908671153	-1162384.6105110617	-2701747.4443735825	-1399.189787464896	-633.3109847906175	868.6533010310143
1051178040.0	-1407191.1253559503	-1281448.4662894143	-2511340.7704903292	-1318.8197875844899	-556.0547345420242	1033.4497820221022
1051178240.0	-1661509.1898812333	-1384329.393762995	-2289220.7777503277	-1221.650428685223	-471.64487301804644	1185.4521965648562
1051178440.0	-1894807.4067710899	-1469697.5234930282	-2038141.9935099208	-1108.8292790573182	-381.10434673975783	1322.7284931509005
1051178640.0	-2104086.6450631768	-1536435.8832120541	-1761229.5284458764	-981.7004476649752	-285.53742751793374	1443.508732807229
1051178840.0	-2286635.2794620832	-1583655.57306441	-1461944.3756184403	-841.7927124828626	-186.1186249769147	1546.207728688139
1051179040.0	-2440064.7436819784	-1610708.6096111084	-1144044.2776408698	-690.8053199503879	-84.08046159000229	1629.4466777105763
1051179240.0	-2562342.0035689254	-1617198.2118326486	-811540.3938568613	-530.5913717233093	19.299878321079255	1692.0734727910633
1051179440.0	-2651818.461752248	-1602986.3073642973	-468650.06660013436	-363.13874828781246	122.71498594835934	1733.181336113696
1051179640.0	-2707254.79992967	-1568198.048494751	-119746.06186093159	-190.5485656292789	224.84267742455134	1752.1253718102107
1051179840.0	-2727841.269876538	-1513223.146250856	230697.2565691788	-15.011220709164673	324.36234087003083	1748.5366041435861
1051180040.0	-2713212.962376499	-1438713.8581576154	578160.2714853707	161.21984709565115	419.972022276411	1722.333048481634
1051180240.0	-2663459.6166855837	-1345579.5016698367	918136.3361702386	335.8564701680575	510.40604471485625	1673.7273605754351
1051180440.0	-2579129.5835633883	-1234977.4110801083	1246191.149368391	506.60584577221965	594.4529084808967	1603.230628024183
1051180640.0	-2461227.6233649394	-1108300.3106909916	1558022.4693699214	671.2020200196642	670.9731753760447	1511.6519086788373
1051180840.0	-2311206.307376093	-967160.1404207036	1849519.2822566056	827.4382845380389	738.9170012476961	1400.093185437506
1051181040.0	-2130950.8947052886	-813368.4404285718	2116819.481719701	973.1999242340278	797.3409501216508	1269.9394954258098
1051181240.0	-1922757.676753315	-648913.4768524633	2356365.080192202	1106.4966831429626	845.4237036129963	1122.8441024159272
1051181440.0	-1689305.9136084889	-475934.3688593881	2564953.9575264393	1225.494261469094	882.4802732948384	960.7087113512861
1051181640.0	-1433623.627646608	-296692.5549902633	2739787.1674665394	1328.544125511918	907.9743332624836	785.6588682054461
1051181840.0	-1159047.6642330375	-113541.01099063587	2878510.865978553	1414.2109072987087	921.5283163711965	600.0148408335814
1051182040.0	-869178.5721244016	71108.30140653382	2979251.999994696	1481.296695119198	922.9309606837929	406.2584295348999
1051182240.0	-567830.9909655481	254818.21822850924	3040646.999621979	1528.861570819387	912.142051581662	206.99630160176548
1051182440.0	-258980.35417152772	435160.8091776519	3061862.849030583	1556.239833779682	889.2941776974319	4.920573935390349
1051182640.0	53293.183153700884	609751.8571733071	3042610.0671360483	1563.0514621156913	854.6914022134933	-197.23252587143136
1051182840.0	364862.6046446846	776284.7622248009	2983147.3034432917	1549.2084940581553	808.8048411809643	-396.7250133183739
1051183040.0	671612.6460129982	932563.2579035313	2884277.4405014305	1514.9161603597474	752.2652328114954	-590.8595676171082
1051183240.0	969498.1075531918	1076532.3545260956	2747335.2850387217	1460.6687544635774	685.85267139945	-777.0210673376092
1051183440.0	1254600.825070586	1206306.966295108	2574167.117419787	1387.2403829891616	610.4837619883571	-952.7163233671405
1051183640.0	1523184.3019687422	1320197.7381920589	2367102.5461934186	1295.670886822666	527.1965229316688	-1115.6111612870839
1051183840.0	1771745.0768323021	1416733.6597403775	2128919.274437675	1187.2473553679688	437.1334197412079	-1263.5641064305175
1051184040.0	1997059.9968196475	1494681.1336457501	1862801.5216889577	1063.4817671492817	341.5229527298165	-1394.6560511440593
1051184240.0	2196228.6827268596	1553059.2542120481	1572292.9551802706	926.0853743958407	241.66024177202036	-1507.2154275967694
1051184440.0	2366710.601159823	1591151.139649332	1261245.0642158515	776.9405047974309	138.88705405973937	-1599.8385626328784
1051184640.0	2506356.296972659	1608511.2503800793	933761.9607380844	618.0704795580904	34.57170616998627	-1671.4050453976736
1051184840.0	2613432.4791563703	1604968.7089844123	594142.6080650868	451.6083443096387	-69.91075781156822	-1721.0880860900938
1051185040.0	2686640.7902392484	1580626.7137739875	246821.47039864317	279.76508110369883	-173.19775213603714	-1748.359978590483
1051185240.0	2725130.218215808	1535858.2050296073	-103691.45878659183	104.79791956761555	-273.9573899300041	-1752.992895682944
1051185440.0	2728503.227168738	1471297.9992366678	-452870.34689079074	-71.02070177797977	-370.90552534176595	-1735.0553395699988
1051185640.0	2696815.7852198635	1387831.6514464947	-796232.1002456358	-245.43305182761193	-462.8214025285332	-1694.9046404676637
1051185840.0	2630571.5544323134	1286581.339068231	-1129393.0829969402	-416.22451381797373	-548.5617740936593	-1633.1759419589844
1051186040.0	2530710.5760067077	1168889.0824148378	-1448123.3201122398	-581.2501825327694	-627.0734053898434	-1550.768134547442
1051186240.0	2398592.8357257624	1036297.6291194186	-1748397.6206094814	-738.459435198757	-697.4039292622596	-1448.827200681313
1051186440.0	2235977.130061904	890529.3323930782	-2026443.148418225	-885.9183367121251	-758.7110568245705	-1328.727418426089
1051186640.0	2044995.674268171	733463.3485410459	-2278783.054879833	-1021.8298077660164	-810.2701828323358	-1192.0508404682603
1051186840.0	1828124.9021867805	567111.4688445913	-2502275.8662619283	-1144.5515411878062	-851.4804487737889	-1040.5654239977732
1051187040.0	1588152.905791885	393592.8865327427	-2694150.390053709	-1252.6116962618305	-881.8693430371575	-876.2021389917113
1051187240.0	1328143.953132663	215108.18273041878	-2852035.964205407	-1344.7224326706487	-901.0959259215434	-701.0313310708743
1051187440.0	1051400.5088624926	33912.79747061077	-2973987.9235421875	-1419.7913652254394	-908.9527686167984	-517.238563661745
1051187640.0	761423.1643209654	-147709.7655890543	-3058508.197592567	-1476.931028574077	-905.3666905824373	-327.10011549894807
1051187840.0	461868.8663679508	-327474.76810172736	-3104560.9848181433	-1515.466438769738	-890.3983701424883	-132.95826592748602
1051188040.0	156507.81777273986	-503122.8806582713	-3111583.470938959	-1534.9408274429861	-864.240889797915	62.803536068951374
1051188240.0	-150820.59146356635	-672446.4328992313	-3079491.5752804764	-1535.1196060430332	-827.2172619904197	257.7855512043278
1051188440.0	-456252.4716822374	-833315.069364728	-3008680.7206387687	-1515.9925940379435	-779.7769640800748	449.5966281338681
1051188640.0	-755944.3939907331	-983700.6143823399	-2900021.6310546375	-1477.7745180195843	-722.4914943501727	635.8790393851863
1051188840.0	-1046118.2760522731	-1121700.9500519168	-2754851.1701809047	-1420.903760335791	-656.0489451123808	814.3332315110838
1051189040.0	-1323105.8386859465	-1245562.7092129854	-2574958.242712987	-1346.039308190205	-581.2475755881686	982.7424333684726
1051189240.0	-1583392.266347762	-1353702.5807517336	-2362564.794666909	-1254.0558291393293	-498.9883572575472	1138.9970438854987
1051189440.0	-1823658.6876216612	-1444727.0185031374	-2120301.967034797	-1146.0367785898848	-410.26645878000477	1281.118689078587
1051189640.0	-2040823.0714753312	-1517450.1382993546	-1851181.483218276	-1023.2654312178328	-316.1616372844853	1407.283798680936
1051189840.0	-2232079.112745531	-1570909.5815402446	-1558562.3850337625	-887.2137230501654	-217.8275085343683	1515.8465072297847
1051190040.0	-2394932.6579837534	-1604380.1192781825	-1246113.2760178219	-739.5287959546775	-116.47968075480523	1605.3606349608604
1051190240.0	-2527235.2025993764	-1617384.7695680622	-917770.2847820142	-582.0171528900466	-13.382756082638036	1674.6004529516383
1051190440.0	-2627213.974616353	-1609703.2041206488	-577691.0252634203	-416.62636152340343	90.1637703113964	1722.5798876404926
1051190640.0	-2693498.111904412	-1581377.2294701014	-230204.90423950402	-245.42428627077936	192.840650701773	1748.569775492286
1051190840.0	-2725140.441098743	-1532713.144175402	120239.79192672434	-70.57588437529913	293.3249636355441	1752.1127428082232
1051191040.0	-2721634.3801353825	-1464280.7980795947	469131.5117630568	105.6823305266929	390.3069866659353	1733.0352622220016
1051191240.0	-2682925.514704293	-1376909.2131249113	811953.1441007819	281.06997547748847	482.5076723535465	1691.456429916584
1051191440.0	-2609417.443831575	-1271678.6680640143	1144241.1137723157	453.29236762174475	568.6964898002677	1627.7930193124766
1051191640.0	-2501971.5525075034	-1149909.201552932	1461645.081068123	620.0716168083508	647.7093484916041	1542.76040055091
1051191840.0	-2361900.450251389	-1013145.5489620516	1759987.3816030663	779.1787911808569	718.4662801427435	1437.3689722092417
1051192040.0	-2190954.913280686	-863138.5966218271	2035321.2802442918	928.4666194415049	779.9885205235696	1312.9158327929492
1051192240.0	-1991304.2830134672	-701823.5113645209	2283987.0683038	1065.90211766927	831.4146097834971	1170.9715236300322
1051192440.0	-1765510.4023638526	-531294.7808088716	2502665.0116573405	1189.5984685915341	872.0151192468414	1013.3617992071567
1051192640.0	-1516495.309998628	-353778.47805674764	2688424.1624809196	1297.8454422180828	901.2056171341575	842.144521434702
1051192840.0	-1247503.0567564561	-171602.14016919563	2838766.0815438353	1389.1376331351	918.557506578081	659.5819249685691
1051193040.0	-962056.1523712366	12837.280384834863	2951662.5828076974	1462.1998047067175	923.8064071047997	468.1086544336099
1051193240.0	-663907.288587351	197106.87149615673	3025586.707282661	1516.008675538932	916.8578048376553	270.2961232157386
1051193440.0	-356987.1106687313	378772.0562817013	3059536.2568781143	1549.810558566516	897.7897653232837	68.81387913647161
1051193640.0	-45348.917396939796	555431.1255851045	3053049.367913022	1563.1343657887483	866.8525832883156	-133.61122317003606
1051193840.0	266888.7452199077	724749.3902552148	3006211.773071485	1555.7996178342853	824.4653320922154	-334.2371569943058
1051194040.0	575600.5732818162	884492.3370892184	2919655.583698242	1527.9192413085805	771.2093677612819	-530.3492264445705
1051194240.0	876713.0260328618	1032557.1924660611	2794549.614331687	1479.8970910965247	707.8189335281137	-719.3019827535322
1051194440.0	1166261.8303891844	1167002.3355380103	2632581.4607239203	1412.4202915156782	635.1690960242775	-898.5596215213052
1051194640.0	1440447.4548004232	1286074.0567851216	2435931.7237873697	1326.446641337429	554.2613193208501	-1065.7339873389526
1051194840.0	1695687.6013572277	1388230.2253540303	2207240.9379390175	1223.1874655743165	466.20704422694865	-1218.6194041027256
1051195040.0	1928665.8538191414	1472160.506846339	1949569.9071384042	1104.0864149674114	372.2096849570939	-1355.2236684344984
1051195240.0	2136375.72918169	1536802.8586157523	1666354.270786065	970.7948071937946	273.5454819204007	-1473.7946827722762
1051195440.0	2316159.506177665	1581356.1185111508	1361354.2113549793	825.144168656108	171.54365762636442	-1572.8423558060997
1051195640.0	2465741.339898984	1605288.5917478015	1038600.2746091755	669.1166709635373	67.56631335501926	-1651.1555526950822
1051195840.0	2583254.3116377634	1608342.6258502533	702336.3015950191	504.81416241658934	-37.0115208724989	-1707.8140279843597
1051196040.0	2667261.201468723	1590535.242485916	356960.4708468374	334.4264742191429	-140.82130874494797	-1742.1954133434688
1051196240.0	2716768.9030147274	1552154.9651773635	6965.422277640151	160.19963739222496	-242.5195765057077	-1753.977454496042
1051196440.0	2731236.521069795	1493755.0416849146	-343121.6151443918	-15.595415930556031	-340.8053569924728	-1743.135792910915
1051196640.0	2710577.300101247	1416143.3083163914	-688797.837122786	-190.69316881725712	-434.4362956697507	-1709.9376655574122
1051196840.0	2655154.622971671	1320368.980238461	-1025642.244762688	-362.86243918881127	-522.2432634324701	-1654.931949497599
1051197040.0	2565772.393414346	1207706.6773227078	-1349370.7066260353	-529.9335752443759	-603.1433761435208	-1578.9360079584685
1051197240.0	2443660.172736723	1079638.0099540148	-1655888.1089182438	-689.8236841999029	-676.151370997555	-1483.019802668788
1051197440.0	2290453.481636984	937831.054747676	-1941337.0927783314	-840.5597315043232	-740.389333199697	-1368.4877264441975
1051197640.0	2108169.703312137	784118.0477300399	-2202142.96603484	-980.2994188074367	-795.0948020225358	-1236.8585836536804
1051197840.0	1899180.0361473407	620471.613861805	-2435054.458663414	-1107.3498093769967	-839.6273125252987	-1089.84410801238
1051198040.0	1666177.9454886832	448979.83850568015	-2637180.064549384	-1220.183718070445	-873.473448046243	-929.3263608975238
1051198240.0	1412144.5567867958	271820.4702085489	-2806019.7757758643	-1317.4539187986384	-896.2504893858389	-757.3343027156574
1051198440.0	1140311.4192712775	91234.52652155324	-2939492.0689816084	-1398.005245778803	-907.7087500818097	-576.0197781119373
1051198640.0	854121.0527133844	-90500.44310609502	-3035956.0464528636	-1460.8846764136651	-907.7326842744313	-387.6331059711359
1051198840.0	557185.6720187017	-271097.1998827959	-3094228.6681690146	-1505.3494844363736	-896.3408454702429	-194.498419739188
1051199040.0	253244.46737393166	-448285.54069435847	-3113597.036111209	-1530.8735434331877	-873.6847622310477	1.011135340725195
1051199240.0	-53880.19684220034	-619838.6943319809	-3093825.710232196	-1537.1518446375385	-840.0467816855743	196.49827232027985
1051199440.0	-360327.31182429043	-783599.1861956341	-3035159.0483189425	-1524.1032707799868	-795.8369150357142	389.56644576724335
1051199640.0	-662242.1360198493	-937503.9738616914	-2938318.571496819	-1491.8716416846266	-741.5887021428439	577.8447054238112
1051199840.0	-955821.1423055669	-1079608.6576723144	-2804495.3653804767	-1440.8250191973016	-677.9540960329527	759.0124786781433
1051200040.0	-1237356.648932456	-1208110.5692038278	-2635337.5359675833	-1371.5532309273444	-605.6973539040457	930.8242308383826
1051200240.0	-1503280.771750425	-1321370.5366106736	-2432932.751359131	-1284.863546212219	-525.687910046937	1091.133932709736
1051200440.0	-1750208.319618498	-1417933.1201400384	-2199785.9172277893	-1181.7744156949027	-438.8921990160547	1237.9192361164041
1051200640.0	-1974978.2354696917	-1496545.104482925	-1938792.0574117214	-1063.5071699192029	-346.3643953262726	1369.305220909361
1051200840.0	-2174693.163627869	-1556172.0281543348	-1653204.5025861005	-931.4755642940739	-249.23603969296295	1483.5875332071812
1051201040.0	-2346756.7014316735	-1596012.5250036812	-1346598.530805567	-787.2730594012659	-148.70453199348464	1579.2546861180133
1051201240.0	-2488907.8720993646	-1615510.2505746463	-1022830.6545227979	-632.6577384341213	-46.0204881091062	1655.0092434235755
1051201440.0	-2599252.338430183	-1614363.1677428905	-685993.8096447852	-469.5347887346361	57.52601826874846	1709.7875565413945
1051201640.0	-2676289.865936418	-1592529.9732341152	-340368.77284871554	-299.936512658211	160.6202771262578	1742.7776787788769
1051201840.0	-2718937.541976032	-1550233.460557163	9627.787380689826	-125.99988447060545	261.9387383800677	1753.4350420102442
1051202040.0	-2726548.267005473	-1487960.636706426	359498.1345655567	50.0582659158775	360.165652491772	1741.4954531639687
1051202240.0	-2698924.057595205	-1406459.4405693233	704720.581383283	225.96828623984305	454.0103795860309	1706.9849549929359
1051202440.0	-2636323.7403744096	-1306731.950844685	1040808.2277286956	399.43671186607645	542.225144148549	1650.2261009301496
1051202640.0	-2539464.673070272	-1190024.0205261868	1363368.5595028538	568.1769221749602	623.6229660926117	1571.8402202769971
1051202840.0	-2409518.2040208955	-1057811.3332082322	1668163.0677515364	729.9410216125827	697.0954561964783	1472.745299545056
1051203040.0	-2248098.6748132226	-911781.9426393168	1951165.9798978516	882.552435406636	761.6301275513578	1354.149179346199
1051203240.0	-2057245.8808512418	-753815.42949946	2208621.1440178268	1023.9386302942002	816.326847664391	1217.537863265152
1051203440.0	-1839401.0294267756	-585958.8861603582	2437096.0779038826	1152.163305051677	860.4130409806749	1064.6588535340716
1051203640.0	-1597376.370885736	-410400.0185356047	2633532.1909674644	1265.457349484359	893.2572511398736	897.4995642791272
1051203840.0	-1334318.821389725	-229437.73097938235	2795290.211849469	1362.247848505704	914.3806879156216	718.2610112491591
1051204040.0	-1053668.0403630368	-45450.63223574724	2920189.9097184567	1441.184413621365	923.4664162729745	529.3271305129316
1051204240.0	-759109.5662053485	139136.03568598116	3006543.2829664606	1501.1621596617279	920.3658940605561	333.23022986954334
1051204440.0	-454523.74420548964	321884.4913315583	3053180.504075521	1541.3407103268155	905.1026291579298	132.6132174080064
1051204640.0	-143931.29490126137	500378.93762303406	3059468.0508907503	1561.1587104078658	877.8728039564329	-69.81062635745843
1051204840.0	168563.5359959335	672259.9010762167	3025318.6179021886	1560.343441853454	839.0428014172284	-271.29947043497265
1051205040.0	478831.238045951	835257.7677581274	2951192.5805655415	1538.9152797847673	789.1436584166867	-469.125423199484
1051205240.0	782775.6610741214	987224.9116929622	2838090.974322602	1497.1868763210637	728.8625639883692	-660.6167362646041
1051205440.0	1076391.9521314355	1126165.8438137532	2687540.140361873	1435.7571168891993	659.0316076249621	-843.1987788073579
1051205640.0	1355822.7762652023	1250264.8586414002	2501568.3747141305	1355.5000474392834	580.6140614952346	-1014.4328864236869
1051205840.0	1617411.8471558595	1357910.7194767825	2282675.0887975646	1257.5491138195812	494.6885463504348	-1172.0522705948013
1051206040.0	1857753.8747689915	1447717.9981425684	2033793.1416230176	1143.2771794905682	402.43148102859425	-1313.9942860735378
1051206240.0	2073740.1409780865	1518544.7688411016	1758245.1313519033	1014.2728891615182	305.0982478987224	-1438.428487168208
1051206440.0	2262599.035508665	1569506.4438710173	1459694.5330541467	872.3140199246933	204.00352059882954	-1543.7800521380775
1051206640.0	2421931.017826374	1599985.6281106698	1142092.6382562963	719.3385060744698	100.50119647131976	-1628.7483094098175
1051206840.0	2549737.6098297182	1609637.9558746426	809622.2897687119	557.4138389973128	-4.035644288772752	-1692.3202519660101
1051207040.0	2644444.163676426	1598393.9549200325	466639.4134574772	388.7055310481155	-108.23436518822096	-1733.779069700655
1051207240.0	2704916.283539083	1566457.0555065807	117613.32955712816	215.44529542625676	-210.74164356767724	-1752.7078576542674
1051207440.0	2730469.905084059	1514297.9256260311	-232933.21664238413	39.899537080919785	-310.24129531311286	-1748.988766222807
1051207640.0	2720875.1484777913	1442645.365622535	-580483.4270467637	-135.66132235032575	-405.47082250416014	-1722.797944731783
1051207840.0	2676354.1572674974	1352474.0359138104	-920584.4250542449	-308.9922443239005	-495.23651066464737	-1674.596690884857
1051208040.0	2597573.2151371795	1244989.3205012456	-1248903.1176145417	-477.9013429431111	-578.4269586175549	-1605.1192557617692
1051208240.0	2485629.494883087	1121609.6470725958	-1561279.3225298538	-640.2757553949712	-654.0249758802771	-1515.357768773845
1051208440.0	2342032.839455397	983946.5928302922	-1853775.6311491663	-794.1054261063632	-721.1178282019016	-1406.5447418170663
1051208640.0	2168683.004788059	833783.1051123152	-2122723.5665197386	-937.5046915269518	-778.9058499693821	-1280.133590026806
1051208840.0	1967842.8101755043	673050.1589985623	-2364765.681239919	-1068.7316164233243	-826.7094720919287	-1137.777571675694
1051209040.0	1742107.6463450266	503802.1620888957	-2576893.315477578	-1186.205084862812	-863.9747354256783	-981.307505647794
1051209240.0	1494371.7865454697	328191.4011669175	-2756479.802402548	-1288.5196888830594	-890.2773730760427	-812.7085752702981
1051209440.0	1227791.9344418813	148441.8081061443	-2901308.964871465	-1374.4584850913598	-905.3255506176023	-634.0964755439198
1051209640.0	945748.426845387	-33177.69543606814	-3009598.7934979154	-1443.0037046079842	-908.9613522712032	-447.69311007954803
1051209840.0	651804.4916442642	-214380.03201927588	-3080020.2327152393	-1493.3455058193945	-901.1610944301603	-255.80199698861978
1051210040.0	349663.9438332472	-392886.75382828247	-3111711.029057139	-1524.8888536556274	-882.0345368040869	-60.7835017981897
1051210240.0	43127.687070273445	-566454.5648626564	-3104284.616001969	-1537.2585951262365	-851.8230470825678	134.97001807737902
1051210440.0	-263950.6238042919	-732901.3748485683	-3057834.0240162993	-1530.3027803968894	-810.8967586643652	329.0590973640253
1051210640.0	-567709.4112630843	-890131.686015052	-2972930.814778793	-1504.0942536414846	-759.7507438937716	519.1020302487219
1051210840.0	-864324.1486846636	-1036161.116683606	-2850619.0469937646	-1458.9305102180056	-699.0002086071249	702.7596801679362
1051211040.0	-1150052.1295978802	-1169139.8652434966	-2692404.289805737	-1395.331788393405	-629.3746987878809	877.7601851295725
1051211240.0	-1421276.6740433392	-1287374.914964275	-2500237.7106824596	-1314.0373369103572	-551.7112978701051	1041.923495271819
1051211440.0	-1674550.3993509482	-1389350.7748864766	-2276495.279740068	-1215.9997761738798	-466.94678475873445	1193.1856533571854
1051211640.0	-1906637.1642716392	-1473748.5455854218	-2023952.1536755704	-1102.3774527372925	-376.1087189006008	1329.6226942527132
1051211840.0	-2114552.274123991	-1539463.091954334	-1745752.3313428299	-974.5246760135977	-280.30542057528226	1449.4739975716373
1051212040.0	-2295600.512074539	-1585618.099486139	-1445373.7108268263	-833.979724532114	-180.71482265573442	1551.1648803953162
1051212240.0	-2447411.5398573563	-1611578.7871487713	-1126588.7254915072	-682.4505181979442	-78.57218489024883	1633.3281666525354
1051212440.0	-2567972.1924382346	-1616962.0502172047	-793420.7942492876	-521.7978741880696	24.843316503075705	1694.8244190436885
1051212640.0	-2655655.177844686	-1601643.8117303087	-450096.8889868404	-354.01629820803504	128.22308255901444	1734.7604715038617
1051212840.0	-2709243.6882410874	-1565763.3729091878	-100996.59877993954	-181.21231016656552	230.2445922903287	1752.5058585779798
1051213040.0	-2727951.4339546496	-1509724.5720963916	249401.8453811088	-5.580363555306052	329.5877936906127	1747.7067064192572
1051213240.0	-2711437.6310321675	-1434193.5895173268	596578.0325196581	170.62351019233998	424.9522237739108	1720.296632141364
1051213440.0	-2659816.5071940017	-1340093.2720726633	936027.6763737286	345.1101193660111	515.0746496133726	1670.5041974870974
1051213640.0	-2573660.942419235	-1228593.8986801102	1263322.0297732593	515.5872901500655	598.7469755276888	1598.8564822951032
1051213840.0	-2453999.929834364	-1101100.3621412034	1574167.5925146975	679.7914123042842	674.8341173636537	1506.1783853688887
1051214040.0	-2302309.6302294643	-959235.8073063063	1864465.2242720758	835.5198695317298	742.2915061131642	1393.5873263408682
1051214240.0	-2120497.898546107	-804821.8360546381	2130367.7173927915	980.6637887506525	800.1818528416118	1262.4831119114249
1051214440.0	-1910882.2811498195	-639855.4653187239	2368334.8479524665	1113.2404718896407	847.6907879266596	1114.5328418231336
1051214640.0	-1676161.6155964353	-466483.1025517003	2575184.9113272526	1231.4248210197243	884.1409823903788	951.6508608468738
1051214840.0	-1419381.5058626414	-286971.8807087631	2748141.7641084637	1333.579037555553	909.0043695381255	775.9739080208291
1051215040.0	-1143894.0906730928	-103678.76873923826	2884876.4396299142	1418.2798728923115	921.9121122636908	589.8317670435454
1051215240.0	-853312.6649871632	80982.05960537083	2983542.4805087056	1484.3427338310978	922.6620053211345	395.71387459049913
1051215440.0	-551461.848913104	264573.0594252788	3042804.237648051	1530.8420024196519	911.2230615808204	196.23248824531004
1051215640.0	-242324.11830385483	444667.7685019685	3061857.518699041	1557.1270154136025	887.7371046504153	-5.91685552741783
1051215840.0	70016.38853979942	618885.2717347798	3040442.1260067504	1562.8332604788443	852.5172740939978	-207.99675807458195
1051216040.0	381431.7980897927	784924.0568256864	2978845.999126703	1547.8884796741743	806.043439828405	-407.2703401157976
1051216240.0	687809.1255340539	940594.6504047753	2877900.8635107214	1512.5135192695573	748.9546145565796	-601.0436389750874
1051216440.0	985108.5416018689	1083850.4505912818	2738969.4776110617	1457.2179210453708	682.0385425301085	-786.7070705482594
1051216640.0	1269420.2430948403	1212816.2159992885	2563924.7578491294	1382.7904058061104	606.2187248782881	-961.7750411524617
1051216840.0	1537018.9330075956	1325813.7305011556	2355121.23726448	1290.2845469240337	522.5392120628478	-1123.9228660297797
1051217040.0	1784414.9891301151	1421384.234982709	2115359.4725077474	1181.0000629840363	432.14754939348495	-1271.0202539494996
1051217240.0	2008401.4971791084	1498307.2986264795	1847844.1495640127	1056.4602679333912	336.2762996925317	-1401.1607447535048
1051217440.0	2206096.4409484076	1555615.8893680435	1556136.7469890239	918.386300085388	236.22358702592416	-1512.6866312192572
1051217640.0	2374979.4721296965	1592607.4924108286	1244103.6939024855	768.6688053010496	133.33310701693367	-1604.2090500328493
1051217840.0	2512922.8204453797	1608851.213514029	915861.0075619745	609.3377740428434	28.97403383513816	-1674.623080730836
1051218040.0	2618216.044725818	1604190.8869825476	575716.4126869222	442.5312279676857	-75.47877634883285	-1723.117838542103
1051218240.0	2689584.4621307175	1578744.2841868587	228109.93388999978	270.46342210740335	-178.66392798426665	-1749.1816805880555
1051218440.0	2726201.2211277178	1532898.5849415397	-122446.08315047823	95.39317751659263	-279.2516684589728	-1752.6027597691009
1051218640.0	2727693.1002670433	1467302.3297679957	-471426.62267150544	-80.4071085806972	-375.96086012487973	-1733.4652533991132
1051218840.0	2694140.216417025	1382854.115236708	-814352.4955509795	-254.68130737495144	-467.57455038291243	-1692.1416624397536
1051219040.0	2626069.9111987604	1280688.3271477094	-1146846.9393982796	-425.2178754197476	-552.9540054262435	-1629.2816218008768
1051219240.0	2524445.152151761	1162158.2277525424	-1464689.6702494735	-589.8763481943571	-631.0511267929829	-1545.7976837525466
1051219440.0	2390647.8358792267	1028816.7245001736	-1763867.826917882	-746.6117980188432	-700.9192176881637	-1442.8485372829025
1051219640.0	2226457.415057869	882395.1502076515	-2040623.3401892104	-893.4971208510342	-761.7221066411006	-1321.8201092792985
1051219840.0	2034025.29137896	724780.3796514212	-2291496.3453156482	-1028.7430838679763	-812.7416685904058	-1184.3049622509927
1051220040.0	1815845.4242977418	557990.5970056634	-2513364.3351895325	-1150.7161218361443	-853.3838075932026	-1032.0803617130157
1051220240.0	1574721.6032782597	384150.01399909373	-2703476.821453172	-1257.9539140696254	-883.1829811599463	-867.0853380604163
1051220440.0	1313731.821533048	205462.82173641873	-2859485.3306482607	-1349.1788049613988	-901.805354224977	-691.3970163277887
1051220640.0	1036190.1745710657	24186.64131902939	-2979468.6120253038	-1423.3091499698094	-909.0506717706779	-507.2064358687682
1051220840.0	745606.6895656434	-157394.27899599558	-3061952.9731234107	-1479.4686763746502	-904.8529341349767	-316.79403351058687
1051221040.0	445645.4738140763	-336995.8882520967	-3105927.689513007	-1516.9939452990973	-889.279949189383	-122.5049204952179
1051221240.0	140081.55428578117	-512360.96055801696	-3110855.4574129484	-1535.4399899274806	-862.5318220966224	73.27595259223202
1051221440.0	-167243.23297157494	-681285.3184392669	-3076677.8738279613	-1534.5841862406317	-824.9384274931365	268.14867623538714
1051221640.0	-472464.95375306153	-841643.451331997	-3003815.9402284287	-1514.4283887848844	-776.955891940843	459.7232589846584
1051221840.0	-771742.5409639624	-991413.3326410196	-2893165.594603458	-1475.1993369223148	-719.1620975785144	645.6444599677188
1051222040.0	-1061302.66651301	-1128700.2393746916	-2746088.2850387543	-1417.347308669465	-652.2512022599968	823.6165330312032
1051222240.0	-1337484.1647436204	-1251759.3760535785	-2564396.6078947233	-1341.5429716412712	-577.027158225491	991.4278254571357
1051222440.0	-1596781.6396744235	-1359017.0999554344	-2350335.047218229	-1248.6723558059782	-494.3962015783849	1146.9751511455506
1051222640.0	-1835887.8711631624	-1449090.538599239	-2106555.87110784	-1139.8298527368606	-405.3582795151588	1288.2878261014823
1051222840.0	-2051734.6145896423	-1520805.3836649144	-1836090.2670463491	-1016.3091327738928	-310.9973822524788	1413.5512142907448
1051223040.0	-2241531.366310539	-1573211.6394329877	-1542314.833096409	-879.5918668323676	-212.47075264412422	1521.1295861435692
1051223240.0	-2402801.6448616832	-1605597.0995781347	-1228913.5863196494	-731.3341451872628	-110.99695912474928	1609.5880423417636
1051223440.0	-2533416.3178709527	-1617498.3251163778	-899835.7043456304	-573.3505028233789	-7.8428371626436295	1677.7132046239328
1051223640.0	-2631623.4893405423	-1608708.899874099	-559249.280640422	-407.59549089299435	95.69066914274059	1724.5323262060342
1051223840.0	-2696074.453960299	-1579284.749371113	-211491.44801974526	-236.1427769809573	198.28370067046603	1749.3304304235023
1051224040.0	-2725845.22706495	-1529546.32573271	138984.69307133404	-61.16181312140867	298.61360863677083	1751.6650509930325
1051224240.0	-2720453.173290407	-1460077.4862129644	487665.8171610493	115.10782103692871	395.3718648485139	1731.3781245994032
1051224440.0	-2679868.286200952	-1371720.9268806498	830036.1720725672	290.38421359480503	487.28156369523094	1688.6045799550627
1051224640.0	-2604518.716994917	-1265570.0763650713	1161636.7275663156	462.3727812254403	573.1152756467791	1623.7771803064786
1051224840.0	-2495290.214074902	-1142957.407190338	1478124.883396255	628.797431374541	651.7129666969222	1537.6272111603294
1051225040.0	-2353519.21721603	-1005439.1835152392	1775333.869667092	787.4327708693834	721.9996574315121	1431.1806634008428
1051225240.0	-2180979.4497615173	-854776.7328344374	2049330.9102560321	936.1368202558604	783.0024621566632	1305.749644345538
1051225440.0	-1979861.9681438252	-692914.4035889612	2296473.176733629	1072.8836180862309	833.8666256951471	1162.9188545375362
1051225640.0	-1752748.7573966228	-521954.44832839456	2513460.5400132095	1195.7950403966222	873.8701656650121	1004.5270934671714
1051225840.0	-1502580.1004418815	-344129.1502367998	2697384.133494606	1303.1711228779473	902.4367333902924	832.6438985695363
1051226040.0	-1232616.093107465	-161770.5863041704	2845769.7773292223	1393.5181610929694	919.1463284077618	649.5415728396617
1051226240.0	-946392.8206022533	22721.510158195444	2956615.379888552	1465.5738806306351	923.7435402325691	457.6630100692865
1051226440.0	-647673.8486306963	206913.2649255138	3028421.5293097002	1518.329015819512	916.143045963469	259.5858750361901
1051226640.0	-340397.8074320345	388370.9858891517	3060214.6132239387	1551.0447121821014	896.4321616613054	57.983830688545474
1051226840.0	-28622.95401679213	564695.6909231461	3051561.9549202914	1563.2652718557015	864.8703263739885	-144.41438246659038
1051227040.0	283530.3183559713	733557.2223589785	3002578.624231652	1554.8258884647653	821.8854864503402	-344.8671248738765
1051227240.0	591937.9979357969	892727.3325689919	2913925.765094534	1525.8551624525455	768.0674399685195	-540.6623535798759
1051227440.0	892530.9475026893	1040111.1462709039	2786800.4718944514	1476.7723424383273	704.158291950912	-729.1594805104152
1051227640.0	1181352.3254935415	1173776.443917569	2622917.4358118186	1408.279394793279	631.0402558219847	-907.8296631451733
1051227840.0	1454612.9237377841	1291980.2652725559	2424482.762932801	1321.3481542281545	549.7211109572876	-1074.2936581573347
1051228040.0	1708743.474848634	1393192.4005393444	2194160.530929426	1217.2029451608655	461.3176865622187	-1226.3564620693646
1051228240.0	1940443.0723344125	1476115.4151290737	1935032.7946571992	1097.299180447037	367.03778588214254	-1362.0380833463762
1051228440.0	2146722.9574272116	1539700.9398254466	1650553.8683955595	963.2985356981437	268.1609904012858	-1479.599930346422
1051228640.0	2324945.053087786	1583162.047066415	1344499.8005433541	817.0413606873137	166.0187909582348	-1577.5664510633928
1051228840.0	2472854.7618055856	1605981.6227024673	1020914.0139073572	660.517023006201	61.974482461257516	-1654.74181532434
1051229040.0	2588607.683783415	1607916.7275798365	684050.1114454025	495.83288383515776	-42.59676700068082	-1710.2215801495965
1051229240.0	2670790.0502922097	1588999.0217597298	338312.8450965442	325.18258375852525	-146.32730073122022	-1743.3994174101288
1051229440.0	2718432.7984270407	1549531.3938351134	-11801.782942737596	150.8142716920223	-247.87548845388224	-1753.9691041278359
1051229640.0	2731019.3340568324	1490080.997022038	-361766.3675837138	-25.00065315482682	-345.9431036468373	-1741.9220757555565
1051229840.0	2708487.1362949857	1411468.9415468944	-707081.0460540155	-199.9977925949258	-439.2913531119528	-1707.540919214443
1051230040.0	2651223.447239545	1314756.9290485396	-1043330.7711274587	-371.94858439277925	-526.7554066020441	-1651.389234645137
1051230240.0	2560055.363996645	1201231.1395836796	-1366240.2315885136	-538.6873978751171	-607.2573292965512	-1574.2983234800538
1051230440.0	2436234.7060323954	1072383.696183672	-1671725.831710145	-698.13665219133	-679.8173697222238	-1477.3511674951612
1051230640.0	2281418.070458879	929892.0369675431	-1955944.2335688982	-848.3297984310238	-743.5635987158087	-1361.8641517767346
1051230840.0	2097642.5123953233	775596.5220460921	-2215337.054125709	-987.4320773913552	-797.7399301622263	-1229.3669574591415
1051231040.0	1887297.2990135092	611476.5934874367	-2446671.3904629694	-1113.7590245937242	-841.7125810101954	-1081.5810113752168
1051231240.0	1653092.1865746253	439625.79313787224	-2647075.919439263	-1225.792741892416	-874.9750464526006	-920.3968331859325
1051231440.0	1398022.6621701228	262225.92674691003	-2814072.3810974667	-1322.1959901744071	-897.1516765534842	-747.8505697485496
1051231640.0	1125332.5785053154	81520.6451633417	-2945602.3079322176	-1401.8241803562164	-907.9999437199632	-566.099954775152
1051231840.0	838474.5933416724	-100211.30428570863	-3040048.904710371	-1463.7353508182682	-907.4114872028263	-377.39988216893954
1051232040.0	541068.8073923356	-280682.9195908368	-3096254.0166092627	-1507.1982196826705	-895.4120123696232	-184.07773630370917
1051232240.0	236859.9775414707	-457625.65674861363	-3113530.1481124745	-1531.698391357999	-872.1601100286123	11.491416026610162
1051232440.0	-70326.33208058703	-628815.8026260753	-3091667.5128644356	-1536.942780194491	-837.9450458355278	206.90969762790337
1051232640.0	-376628.3090468349	-792100.305629402	-3030936.1072906298	-1522.8622917217028	-793.1835530392153	399.78130357144755
1051232840.0	-678192.8150057734	-945421.866743617	-2932082.8101872355	-1489.6127756887877	-738.4156447507412	587.7373521362397
1051233040.0	-971220.3249176957	-1086843.0951053814	-2796323.5187319564	-1437.5742369711406	-674.2994457516656	768.4606621651815
1051233240.0	-1252009.5309859207	-1214569.5308188885	-2625330.3405622016	-1367.3482623608447	-601.6050297397439	939.7104050326501
1051233440.0	-1517001.2480740598	-1326971.3337457161	-2421213.873765688	-1279.753595351747	-521.2072369324052	1099.34655940917
1051233640.0	-1762821.2415619257	-1422603.4312236158	-2186500.6237775823	-1175.819769283784	-434.0774401197352	1245.354067676758
1051233840.0	-1986321.5789864569	-1500223.9110194063	-1924105.6300333922	-1056.7786936037085	-341.2742254900013	1375.8665553468622
1051234040.0	-2184620.0848587113	-1558810.4393898272	-1637300.4072718325	-924.0540804205331	-243.93295862132751	1489.189430732731
1051234240.0	-2355137.455526137	-1597574.4791432845	-1329676.3477428635	-779.248600720053	-143.25421655114826	1583.822133442132
1051234440.0	-2495631.5699685453	-1615973.080397201	-1005103.781931454	-624.1286730516986	-40.491084186902356	1658.4792494448075
1051234640.0	-2604228.515351103	-1613718.01869283	-667686.9569001596	-460.6068133666381	63.0646623848892	1712.1101604254518
1051234840.0	-2679449.8355693957	-1590782.0626333873	-321715.2625077182	-290.72151365779837	166.09743212930167	1743.916849135093
1051235040.0	-2720235.5095518003	-1547402.1675387681	28388.884585812077	-116.61466922480932	267.28366418170083	1753.3694440723168
1051235240.0	-2725962.176323523	-1484079.413879003	378125.00295877765	59.49336086700218	365.3085090943415	1740.2190597835686
1051235440.0	-2696456.1481683566	-1401575.5403172208	722971.7681196409	235.33089970106414	458.8831678561278	1704.5074770495673
1051235640.0	-2632000.7936515147	-1300905.9615666668	1058445.8166178856	408.6040597426834	546.7626632427817	1646.573213618686
1051235840.0	-2533337.9302288555	-1183329.2110092884	1380161.3678638884	577.0274762324399	627.7637718830534	1567.0535637876394
1051236040.0	-2401662.9423602056	-1050332.8066830386	1683889.8192948874	738.3562401376008	700.7828029087882	1466.882235977263
1051236240.0	-2238613.4352592155	-903615.6057994668	1965618.4034396745	890.4185161388342	764.8128731215826	1347.282292307211
1051236440.0	-2046251.3454151843	-745066.7857904619	2221606.9456838337	1031.1482520850832	818.9603021946524	1209.754192423273
1051236640.0	-1827038.5544858836	-576741.6668204651	2448441.733605726	1158.6173217019268	862.4597372666873	1056.0588632664253
1051236840.0	-1583806.1896683164	-400834.66904954717	2643085.50651872	1271.0663973846356	894.687616661364	888.1958532250177
1051237040.0	-1319717.9367895368	-219649.77461176508	2802922.6002601767	1366.9338292825407	915.1735989896832	708.376777724051
1051237240.0	-1038227.8368806785	-35568.935964499935	2925798.3390226862	1444.8818141236598	923.6096172833337	518.9944169611678
1051237440.0	-743033.1770987287	148981.0643918983	3010051.853369485	1503.8191743805717	919.8562677478851	322.5879774022207
1051237640.0	-438023.21650401835	331562.7460142572	3054541.6201403453	1542.9201356862113	903.9463077825918	121.8051685423038
1051237840.0	-127224.60049421873	509762.4601376185	3058663.162715749	1561.6385861539413	876.0851155645148	-80.63813278937135
1051238040.0	185255.59071351442	681224.7015346442	3022358.514491418	1559.7174217607462	836.6480502449407	-281.9997639663099
1051238240.0	495288.14870495006	843685.5842586982	2946117.2285163393	1537.1927217583057	786.1747434164848	-479.5537753342926
1051238440.0	798780.3516203085	995004.8782633991	2830968.905163618	1494.3926503060413	725.3604442961258	-670.6325919281808
1051238640.0	1091733.8349743378	1133196.037214992	2678467.3999621547	1431.9311373750882	655.04462825981	-852.6678961817627
1051238840.0	1370300.692555262	1256453.697737196	2490667.0577511466	1350.6965453297973	576.1971564647822	-1023.2293392628649
1051239040.0	1630836.8371481458	1363178.194633393	2270091.489952719	1251.8356696333442	489.90233943792055	-1180.0602723786155
1051239240.0	1869951.7332522592	1451996.7124135115	2019695.5626563446	1136.7335459204407	397.3413067334584	-1321.109802009386
1051239440.0	2084553.718846095	1521780.7773244965	1742821.389255255	1006.9896356990262	299.7731162190244	-1444.5606076836914
1051239640.0	2271890.255432269	1571659.8824042259	1443149.218940738	864.391035395045	198.51504957816172	-1548.8521096892107
1051239840.0	2429582.5793353063	1601031.1271969078	1124644.1794494267	710.8833964773246	94.92253574033562	-1632.6987287117845
1051240040.0	2555654.3666178123	1609564.8402436657	791499.8687258473	548.540258058811	-9.630877257152715	-1695.1031317209988
1051240240.0	2648554.1633079015	1597206.233260429	448079.79680803313	379.53147949950295	-113.77311657255318	-1735.3645011873516
1051240440.0	2707171.466696143	1564173.2085535598	98857.65880877592	206.09142244167012	-216.1524055821059	-1753.0819918695015
1051240640.0	2730846.467843973	1510950.5038648222	-251642.6240488966	30.4874737877146	-315.4550256149126	-1748.1536464270655
1051240840.0	2719373.5766813415	1438280.4103293305	-598906.2214349457	-145.01057155025967	-410.42178988086675	-1720.771125136466
1051241040.0	2672998.9467376038	1347150.3390943103	-938485.2724896846	-318.15983142988557	-499.8630593447399	-1671.4106648055201
1051241240.0	2592412.2952795345	1238777.5405231353	-1266054.6165101894	-486.77201048652614	-582.6721864576574	-1600.8207178990833
1051241440.0	2478733.376053494	1114591.2974704565	-1577464.7581959376	-648.7391629981752	-657.8373242975061	-1510.00673648516
1051241640.0	2333493.506458739	976212.921956995	-1868791.5425145624	-802.057361624761	-724.4515839591533	-1400.213559464108
1051241840.0	2158612.5800640825	825433.8841008759	-2136382.103923401	-944.8481626252093	-781.7215607325438	-1272.905838916332
1051242040.0	1956372.0107355115	664192.3949710127	-2376896.7384865424	-1075.3778215406344	-828.9742790385997	-1129.7469059506489
1051242240.0	1729384.058476399	494548.75279418076	-2587346.423173223	-1192.0742649718213	-865.6626270982574	-972.5764319384892
1051242440.0	1480557.9818314037	318659.7463354868	-2765125.7728751614	-1293.5418632210099	-891.369365162075	-803.3871911707649
1051242640.0	1213063.4498861225	138752.39185561097	-2908041.281716728	-1378.5740751526546	-905.8097964478062	-624.3011792132298
1051242840.0	930291.6309752109	-42902.73775065695	-3014334.7409842038	-1446.1640511753221	-908.8331886028514	-437.54529063560614
1051243040.0	635814.357508044	-224018.34998526706	-3082701.7619727007	-1495.5132837380668	-900.4230265909857	-245.42671299249707
1051243240.0	333341.7489161708	-402317.2094081872	-3112305.359228506	-1526.0383885010453	-880.6961665742697	-50.30815312586747
1051243440.0	26678.659410677643	-575558.6398963811	-3102784.5694288732	-1537.3760849681953	-849.9009458565588	145.41702123079014
1051243640.0	-280319.69453618396	-741564.5478599044	-3054258.095170624	-1529.386424623297	-808.4142875272255	339.3496656465286
1051243840.0	-583792.5792138892	-898244.7677924581	-2967322.9731296184	-1502.1542893722478	-756.7378213342038	529.1097242784656
1051244040.0	-879918.7152388444	-1043621.5341628344	-2843048.2744375584	-1455.9891553226764	-695.4930257350762	712.3610353615974
1051244240.0	-1164961.0258678698	-1175852.8831172215	-2682963.85379295	-1391.4230886320643	-625.4153811896796	886.8360293491044
1051244440.0	-1435310.8028901648	-1293254.7842112612	-2489044.174857073	-1309.2069133546934	-547.3475126761366	1050.3602552523332
1051244640.0	-1687530.9165109573	-1394321.7970908058	-2263687.254872935	-1210.3044679425325	-462.2312911709069	1200.8766442331173
1051244840.0	-1918397.6770873396	-1477746.0415557895	-2009688.7930097086	-1095.8848493015357	-371.0988603773382	1336.469384427724
1051245040.0	-2124940.9351867447	-1542434.2628142675	-1730211.576255964	-967.312532996703	-275.0625571407078	1455.3872387672138
1051245240.0	-2304481.9838822526	-1587522.7681551652	-1428750.2950105332	-826.1352571295599	-175.30370241832526	1556.0660900754879
1051245440.0	-2454668.8054867904	-1612390.0080440694	-1109091.9486794728	-674.069567163916	-73.06025484299148	1637.150447292822
1051245640.0	-2573508.186358164	-1616666.575149392	-775272.0799023894	-512.9839408250136	30.386658970687122	1697.5135960496689
1051245840.0	-2659394.210491367	-1600242.4004188285	-431527.14422909584	-344.87944699295423	133.72729429240223	1736.2760291671607
1051246040.0	-2711132.6379828434	-1563270.9373701666	-82243.39920871271	-171.86794054996756	235.6388399663713	1752.8217514781416
1051246240.0	-2727960.680725839	-1506170.1454170302	268097.2187225445	3.8521439636942167	334.80185290913954	1746.8120223389597
1051246440.0	-2709561.707343561	-1429620.1112693008	614973.6718664571	180.02226446352867	429.91741170985324	1718.1960820557367
