988189456.8678	20195417.86747651	-5093326.662972416	20265584.728258893	-3100.923535942103	1198.343172552375	-3574.8476495396267
988189506.8678	20040364.262529396	-5033407.633519052	20086834.894682072	-3101.221529788544	1198.4181724209893	-3575.1465065029206
988189556.8678	19885295.626567002	-4973484.828889885	19908069.995309044	-3101.524799634819	1198.4941827291323	-3575.4503015715763
988189606.8678	19730211.692286327	-4913558.198087815	19729289.780173678	-3101.8334864243343	1198.5712225504951	-3575.7591578516335
988189656.8678	19575112.18521194	-4853627.689151691	19550493.993052457	-3102.1477361473967	1198.649311374575	-3576.073202560048
988189706.8678	19419996.823438026	-4793693.2491353415	19371682.37125468	-3102.4677000682536	1198.728469113956	-3576.392567196911
988189756.8678	19264865.317358732	-4733754.824086237	19192854.64540381	-3102.7935349644454	1198.8087161113892	-3576.7173877263554
988189806.8678	19109717.36938629	-4673812.359023818	19014010.539209563	-3103.125403379258	1198.8900731466256	-3577.0478047666456
988189856.8678	18954552.673656084	-4613865.79791747	18835149.769230247	-3103.4634738881164	1198.9725614429447	-3577.383963790013
988189906.8678	18799370.9157181	-4553915.083664207	18656272.044624843	-3103.80792137982	1199.0562026733169	-3577.7260153328084
988189956.8678	18644171.77221391	-4493960.15806602	18477377.06689435	-3104.158927353587	1199.1410189661278	-3578.0741152166024
988190006.8678	18488954.91053834	-4434000.961806994	18298464.52961171	-3104.5166802329527	1199.2270329103908	-3578.4284247808937
988190056.8678	18333719.988485083	-4374037.434430147	18119534.118139885	-3104.881375697645	1199.3142675603538	-3578.7891111281383
988190106.8678	18178466.65387514	-4314069.514314071	17940585.509337284	-3105.2532170346385	1199.4027464394035	-3579.1563473818633
988190156.8678	18023194.5441673	-4254097.138649394	17761618.371249966	-3105.632415509687	1199.4924935431584	-3579.5303129586823
988190206.8678	17867903.286049448	-4194120.2434151084	17582632.362789907	-3106.0191907607377	1199.5835333416203	-3579.9111938550805
988190256.8678	17712592.49500963	-4134138.763354826	17403627.133398484	-3106.413771214742	1199.6758907802493	-3580.2991829499115
988190306.8678	17557261.77488568	-4074152.6319529978	17224602.322694458	-3106.816394529478	1199.7695912798044	-3580.6944803236056
988190356.8678	17401910.717392046	-4014161.781411183	17045557.560105544	-3107.2273080621644	1199.8646607347732	-3581.0972935951754
988190406.8678	17246538.901622552	-3954166.1426244373	16866492.464482676	-3107.6467693667537	1199.9611255101952	-3581.5078382781608
988190456.8678	17091145.893527463	-3894165.6451579006	16687406.64369595	-3108.0750467219727	1200.0590124366563	-3581.9263381567707
988190506.8678	16935731.24536337	-3834160.2172236866	16508299.694211246	-3108.512419692333	1200.1583488032093	-3582.3530256835497
988190556.8678	16780294.49511415	-3774149.7856581863	16329171.200646399	-3108.959179724524	1200.2591623479425	-3582.7881424000043
988190606.8678	16624835.16588116	-3714134.2758999066	16150020.735305715	-3109.4156307818093	1200.3614812458852	-3583.2319393817356
988190656.8678	16469352.765240695	-3654113.611967988	15970847.85769162	-3109.8820900192604	1200.4653340939008	-3583.6846777097494
988190706.8678	16313846.784566619	-3594087.716441558	15791652.113992002	-3110.35888850291	1200.5707498921795	-3584.146628969718
988190756.8678	16158316.698315851	-3534056.51044011	15612433.036541894	-3110.8463719761676	1200.677758021888	-3584.618075781148
988190806.8678	16002761.963274296	-3474019.913605101	15433190.14325789	-3111.3449016771533	1200.7863882184836	-3585.0993123585154
988190856.8678	15847182.01776053	-3413977.844083003	15253922.93704365	-3111.854855210894	1200.896670540143	-3585.590645106636
988190906.8678	15691576.280784434	-3353930.2185100727	15074630.905164754	-3112.3766274807126	1201.0086353306792	-3586.092393252688
988190956.8678	15535944.15115766	-3293876.951999124	14895313.518590957	-3112.910631683509	1201.1223131762474	-3586.6048895175118
988191006.8678	15380285.00655267	-3233817.958128636	14715970.231303869	-3113.457300374078	1201.2377348550574	-3587.128480829031
988191056.8678	15224598.202506658	-3173753.148934567	14536600.479567809	-3114.0170866040617	1201.3549312792006	-3587.663529080858
988191106.8678	15068883.071366588	-3113682.434905306	14357203.681161573	-3114.5904651416836	1201.4739334275976	-3588.210411939409
988191156.8678	14913138.921171056	-3053605.724980205	14177779.234568527	-3115.177933778965	1201.5947722689396	-3588.76952370313
988191206.8678	14757365.034464464	-2993522.926552251	13998326.518122366	-3115.7800147337825	1201.7174786733594	-3589.3412762177422
988191256.8678	14601560.66703854	-2933433.945475468	13818844.889105627	-3116.3972561548244	1201.8420833113944	-3589.9260998517284
988191306.8678	14445725.04659587	-2873338.6860777116	13639333.682797823	-3117.0302337382927	1201.968616538627	-3590.524444536666
988191356.8678	14289857.371329604	-2813237.0511796367	13459792.211469835	-3117.6795524660693	1202.097108264176	-3591.1367808773975
988191406.8678	14133956.808412977	-2753128.9421206824	13280219.763320936	-3118.3458484760363	1202.2275878009675	-3591.7636013374554
988191456.8678	13978022.492391782	-2693014.2587930467	13100615.601354547	-3119.0297910763143	1202.3600836954422	-3592.405421505651
988191506.8678	13822053.52347227	-2632892.8996847486	12920978.962188497	-3119.7320849163934	1202.4946235340458	-3593.062781450239
988191556.8678	13666048.965696253	-2572764.761933003	12741309.054795237	-3120.453472329455	1202.6312337234858	-3593.736247167657
988191606.8678	13510007.844994515	-2512629.741389311	12561605.059167108	-3121.1947358617044	1202.7699392413356	-3594.4264121334427
988191656.8678	13353929.147108696	-2452487.732697844	12381866.124901323	-3121.9567010061783	1202.910763353092	-3595.1338989636524
988191706.8678	13197811.815370997	-2392338.6293889	12202091.369698942	-3122.7402391603837	1203.0537272912566	-3595.8593611958254
988191756.8678	13041654.74832994	-2332182.323989462	12022279.877771586	-3123.5462708292134	1203.1988498913954	-3596.603485199393
988191806.8678	12885456.797209376	-2272018.708153147	11842430.698149202	-3124.3757690969446	1203.3461471794205	-3597.3669922263234
988191856.8678	12729216.763186628	-2211847.672812142	11662542.842881517	-3125.2297633947665	1203.4956319035143	-3598.150640613815
988191906.8678	12572933.394474242	-2151669.1083540907	11482615.2851253	-3126.1093435932667	1203.6473130031789	-3598.955228151941
988191956.8678	12416605.38318833	-2091482.904827267	11302646.95710883	-3127.0156644526546	1203.8011950067976	-3599.7815946303585
988192006.8678	12260231.361984696	-2031288.9521778657	11122636.747964235	-3127.949950467296	1203.9572773478374	-3600.6306245795367
988192056.8678	12103809.900442049	-1971087.1405237482	10942583.50141755	-3128.913501145401	1204.1155535883545	-3601.503250223417
988192106.8678	11947339.50116939	-1910877.3604695986	10762486.01332547	-3129.9076967695564	1204.27601053677	-3602.400454662028
988192156.8678	11790818.595612317	-1850659.5034691426	10582343.029046826	-3130.934004689275	1204.4386272449096	-3603.3232753043612
988192206.8678	11634245.539530229	-1790433.4622408885	10402153.240635682	-3131.9939862029705	1204.603373866997	-3604.272807573736
988192256.8678	11477618.608113319	-1730199.1312447772	10221915.28384184	-3133.0893040938367	1204.7702103606161	-3605.250208910041
988192306.8678	11320935.990705	-1669956.407228213	10041627.734903289	-3134.2217308921768	1204.9390850065176	-3606.2567030955533
988192356.8678	11164195.785091328	-1609705.1898511804	9861289.10711365	-3135.3931579459218	1205.1099327204718	-3607.2935849336222
988192406.8678	11007395.991314786	-1549445.3824016065	9680897.847146202	-3136.605605391566	1205.2826731260736	-3608.362225312279
988192456.8678	10850534.504964914	-1489176.8926138007	9500452.331114389	-3137.8612331297786	1205.4572083523324	-3609.4640766879047
988192506.8678	10693609.109892575	-1428899.6336047568	9319950.860346843	-3139.162352923687	1205.6334205139249	-3610.6006790273977
988192556.8678	10536617.470288496	-1368613.5249453888	9139391.656852959	-3140.511441753653	1205.8111688249483	-3611.773666250861
988192606.8678	10379557.122059545	-1308318.493886414	8958772.858452901	-3141.9111565805024	1205.990286288697	-3612.9847732207304
988192656.8678	10222425.463428069	-1248014.4767617323	8778092.513543429	-3143.364350690108	1206.1705758961152	-3614.2358433273866
988192706.8678	10065219.744670426	-1187701.4205957812	8597348.575468421	-3144.8740918163467	1206.351806253871	-3615.5288367257167
988192756.8678	9907937.056900278	-1127379.2849456544	8416538.896460077	-3146.4436822673415	1206.5337065490403	-3616.8658392817442
988192806.8678	9750574.319790218	-1067048.0440138157	8235661.221113702	-3148.0766813121895	1206.7159607407598	-3618.249072293245
988192856.8678	9593128.26811149	-1006707.6890732095	8054713.1793557	-3149.776930122816	1206.8982008492885	-3619.6809030531977
988192906.8678	9435595.436955795	-946358.2312536224	7873692.278860786	-3151.5485796090543	1207.079999189055	-3621.1638563297947
988192956.8678	9277972.145485021	-885999.7047465204	7692595.896870674	-3153.39612153568	1207.260859363579	-3622.7006268413784
988193006.8678	9120254.479033902	-825632.1704955265	7511421.271362423	-3155.324423369044	1207.4402058055728	-3624.294092808823
988193056.8678	8962438.269366479	-765255.7204515508	7330165.491510447	-3157.3387673698	1207.6173716037656	-3625.947330671157
988193106.8678	8804519.072859535	-704870.4824857307	7148825.487381843	-3159.4448945286204	1207.7915843073872	-3627.6636310520666
988193156.8678	8646492.146353994	-644476.6260702799	6967398.01880029	-3161.649054036003	1207.9619493377795	-3629.446516064597
988193206.8678	8488352.420378024	-584074.3688576821	6785879.663309511	-3163.9580590875985	1208.1274305617515	-3631.299758037875
988193256.8678	8330094.469402377	-523663.9843131402	6604266.803163236	-3166.3793499560393	1208.2868274898558	-3633.2273997415687
988193306.8678	8171712.478738297	-463245.8105847412	6422555.611265184	-3168.9210654123576	1208.438748450785	-3635.2337761691942
988193356.8678	8013200.207629708	-402820.26083155395	6240742.035980077	-3171.5921237589223	1208.5815789555472	-3637.323537917608
988193406.8678	7854550.9480232885	-342387.835273284	6058821.784735647	-3174.4023149460663	1208.7134442956694	-3639.5016761635375
988193456.8678	7695757.478420381	-281949.1352779403	5876790.306336866	-3177.3624054918296	1208.8321652104235	-3641.7735491839258
988193506.8678	7536812.012121616	-221504.87986846868	5694642.771918095	-3180.4842582147967	1208.935205198874	-3644.1449102885163
988193556.8678	7377706.139066384	-161055.92510827325	5512374.054468088	-3183.780969131022	1209.0196077305989	-3646.621936921416
988193606.8678	7218430.760341967	-100603.28692250795	5329978.706878624	-3187.267024265477	1209.0819212079718	-3649.2112605310413
988193656.8678	7058976.014288299	-40148.16803142943	5147450.938492811	-3190.958479594685	1209.1181090322452	-3651.919996587848
988193706.8678	6899331.192950236	20308.01018043424	4964784.590167325	-3194.8731678788045	1209.1234414990424	-3654.7557738235687
988193756.8678	6739484.647426114	80763.56985291817	4781973.107919184	-3199.030936765954	1209.0923654628523	-3657.7267613426557
988193806.8678	6579423.680424717	141216.53166350574	4599009.515308939	-3203.4539232643706	1209.0183467223421	-3660.8416916729
988193856.8678	6419134.424068369	201664.5611498175	4415886.38482784	-3208.1668704792205	1208.8936788351853	-3664.1098770183016
988193906.8678	6258601.700663306	262104.9044736521	4232595.808719554	-3213.1974933913903	1208.709250505283	-3667.541214871693
988193956.8678	6097808.86379637	322534.311318651	4049129.369895117	-3218.576901389804	1208.4542617127142	-3671.1461776252886
988194006.8678	5936737.616707988	382948.94206248166	3865478.1139173117	-3224.3400862033554	1208.1158762741602	-3674.9357787308504
988194056.8678	5775367.804437501	443344.25567381864	3681632.5234708902	-3230.526484714602	1207.6787954042923	-3678.921505097271
988194106.8678	5613677.175747024	503714.87391907134	3497582.4973437237	-3237.180626702298	1207.1247329511436	-3683.115201485546
988194156.8678	5451641.110324444	564054.4163807573	3313317.3367834566	-3244.3528775636796	1206.4317681398757	-3687.528887280478
988194206.8678	5289232.306283772	624355.2994375242	3128825.743249627	-3252.100285034807	1205.5735457186959	-3692.1744786625736
988194256.8678	5126420.422591401	684608.4906765762	2944095.8331678356	-3260.4875360939095	1204.5182862321183	-3697.0633791797636
988194306.8678	4963171.670867799	744803.2081400898	2759115.177465275	-3269.5880243879997	1203.2275607294087	-3702.205888128597
988194356.8678	4799448.351240293	804926.5512897058	2573870.876631306	-3279.4850177765124	1201.6547747669072	-3707.6103578731763
988194406.8678	4635208.327866481	864963.0475704764	2388349.6860698364	-3290.2728970283065	1199.7432967781401	-3713.2820069289505
988194456.8678	4470404.441902644	924894.0949859471	2202538.2119282847	-3302.058405939648	1197.4241573654135	-3719.221263916986
988194506.8678	4304983.863820352	984697.2772944889	2016423.20480209	-3314.9618036530587	1194.613242039873	-3725.421477240657
988194556.8678	4138887.3942330866	1044345.5246644632	1829991.9881581112	-3329.117732425891	1191.207906455651	-3731.8657765437188
988194606.8678	3972048.7344887815	1103806.089653821	1643233.0703693628	-3344.675495795529	1187.0829710028738	-3738.522817441878
988194656.8678	3804393.767640896	1163039.3076908453	1456137.004012556	-3361.7982670017523	1182.086118971546	-3745.3410893831765
988194706.8678	3635839.920302484	1221997.1154821313	1268697.5729602894	-3380.660498519976	1176.0328587042525	-3752.2414380312466
988194756.8678	3466295.7203425015	1280621.3144398467	1080913.4047306462	-3401.4424693150195	1168.7014593302406	-3759.1074891750454
988194806.8678	3295660.728532097	1338841.5963873144	892790.1176423519	-3424.320498099308	1159.8286915794279	-3765.773835404224
988194856.8678	3123826.106444417	1396573.405780494	704343.1097936374	-3449.4509359133513	1149.107866098442	-3772.0122821515447
988194906.8678	2950676.1845654747	1453715.8096341772	515601.0625001488	-3476.945812020101	1136.1916005022117	-3777.5173212056907
988194956.8678	2776091.4964492293	1510149.6960994897	326610.1378529682	-3506.8383211350165	1120.7028917913685	-3781.893501152542
988195006.8678	2599953.804377707	1565736.828642403	137438.66396581655	-3539.037843129752	1102.2590859527463	-3784.649580253435
988195056.8678	2422153.579750883	1620320.5205987326	-51818.208109599895	-3573.277692363356	1080.513409234481	-3785.206962548951
988195106.8678	2242600.1010238593	1673728.8846873322	-241034.82015425165	-3609.064832305907	1055.2164584582501	-3782.93176071788
988195156.8678	2061233.6788966653	1725781.5959228135	-430053.69375594787	-3645.648530395008	1026.2938528414327	-3777.198531448097
988195206.8678	1878038.5039612649	1776300.6695026255	-618688.2343150948	-3682.0307593320126	993.9257826781532	-3767.486298828881
988195256.8678	1693053.4873086028	1825124.745651596	-806730.7876783035	-3717.0384980038903	958.6027032220616	-3753.4927832132526
988195306.8678	1506377.8187415546	1872124.9231544358	-993966.2383457393	-3749.461030613275	921.1269123916411	-3735.2354071504365
988195356.8678	1318168.5118615697	1917218.8764425206	-1180189.490507579	-3778.2262655486884	882.5410913937648	-3713.099248031381
988195406.8678	1128629.2056534395	1960379.6862331457	-1365223.3879587965	-3802.5644036967124	843.9924959484617	-3687.8042518631964
988195456.8678	937992.2592617506	2001637.0277115544	-1548932.9793535005	-3822.105052235245	806.5712579739528	-3660.2955319412463
988195506.8678	746498.2963900086	2041070.6835654508	-1731233.0878331126	-3836.880981327175	771.1729662977482	-3631.5931941048984
988195556.8678	554377.7055633621	2078798.5946110717	-1912088.3894192968	-3847.2511583129985	738.4212744398619	-3602.6505945296144
988195606.8678	361837.21227170853	2114962.744781495	-2091507.4156010817	-3853.7822903139054	708.65741187187	-3574.2570398127377
988195656.8678	169052.52420873978	2149715.867047716	-2269533.079166764	-3857.130320528719	681.9794150262096	-3546.9957709391424
988195706.8678	-23833.687882302576	2183210.8105854136	-2446232.3038968067	-3857.948297879034	658.3050766868863	-3521.24740064638
988195756.8678	-216710.0643853415	2215593.1750343214	-2621686.5820045997	-3856.82879627322	637.4367790004337	-3497.2204216542955
988195806.8678	-409492.7435807616	2246996.953294573	-2795984.3698824234	-3854.276689892151	619.1156996947798	-3474.9918354241872
988195856.8678	-602120.759205093	2277542.518932405	-2969215.5219173995	-3850.703203909607	603.0612236202026	-3454.546700166065
988195906.8678	-794551.482312439	2307336.226893732	-3141467.551271293	-3846.43230699889	588.996463754535	-3435.8111460838986
988195956.8678	-986756.5467095104	2336471.0041502146	-3312823.341607483	-3841.712766406508	576.6629002867967	-3418.6773769274973
988196006.8678	-1178718.4268496844	2365027.4695759094	-3483359.919279613	-3836.73167647362	565.8274276365165	-3403.021289865848
988196056.8678	-1370427.6791238277	2393075.2753134537	-3653147.951501077	-3831.6272173993875	556.2845649643755	-3388.7141579009963
988196106.8678	-1561880.7797270927	2420674.4812358436	-3822251.712588111	-3826.4996717644917	547.8558454167829	-3375.6299139610896
988196156.8678	-1753078.463698572	2447876.8576207473	-3990729.3326205104	-3821.4204526414915	540.3877327778127	-3363.6493592304046
988196206.8678	-1944024.4676545998	2474727.065221532	-4158633.2015175032	-3816.4392596539246	533.7489074977655	-3352.6623165926517
988196256.8678	-2134724.588892246	2501263.6946764085	-4326010.445312834	-3811.589626805768	527.8274141392405	-3342.568467334946
988196306.8678	-2325185.987881073	2527520.1657047565	-4492903.422371603	-3806.89315892455	522.5279359663006	-3333.2773813358926
988196356.8678	-2515416.6756222444	2553525.496057838	-4659350.208334704	-3802.362732779921	517.7693235302601	-3324.708081432053
988196406.8678	-2705425.140168148	2579304.9543176144	-4825385.052430769	-3798.004897753732	513.4824230739588	-3316.7883627302967
988196456.8678	-2895220.0772143984	2604880.6116968254	-4991038.796650334	-3793.8216661630854	509.60820600660884	-3309.4540056793794
988196506.8678	-3084810.1981351865	2630271.8074245234	-5156339.254758775	-3789.8118424679383	506.09617821892596	-3302.6479671565894
988196556.8678	-3274204.095406926	2655495.540959777	-5321311.551384277	-3785.972006245845	502.9030383946531	-3296.319598299245
988196606.8678	-3463410.150393072	2680566.8026514566	-5485978.423243944	-3782.29723625686	499.99155202393194	-3290.423915162038
988196656.8678	-3652436.4722686117	2705498.852818903	-5650360.485494045	-3778.7816414272506	497.32960911056927	-3284.9209341748337
988196706.8678	-3841290.859723775	2730303.457699143	-5814476.466557338	-3775.4187481161266	494.8894365943183	-3279.7750758437787
988196756.8678	-4029980.779228448	2754991.0893476596	-5978343.414817094	-3772.201780563139	492.6469401605682	-3274.954635189532
988196806.8678	-4218513.355238183	2779571.095405875	-6141976.880417659	-3769.1238620469544	490.58115378501645	-3270.43131473313
988196856.8678	-4406895.368915502	2804051.8436524817	-6305391.075165482	-3766.1781572759837	488.67377876579076	-3266.179814562129
988196906.8678	-4595133.262829127	2828440.8454204528	-6468599.0132377725	-3763.3579713041077	486.90879700790987	-3262.1774735814984
988196956.8678	-4783233.149756253	2852744.861266315	-6631612.635111314	-3760.6568163680686	485.2721459162834	-3258.4039561203845
988197006.8678	-4971200.82420669	2876969.9917024206	-6794442.916840214	-3758.06845514111	483.7514444426381	-3254.8409784036876
988197056.8678	-5159041.775655733	2901121.7553273044	-6957099.966548175	-3755.586926735093	482.3357616594751	-3251.4720698677315
988197106.8678	-5346761.202746948	2925205.156296945	-7119593.1097627785	-3753.2065601709824	481.01542074823243	-3248.2823648183303
988197156.8678	-5534364.027930541	2949224.742756324	-7281930.9650072055	-3750.9219788341884	479.78183253680174	-3245.2584204481172
988197206.8678	-5721854.912155181	2973184.6575838802	-7444121.510878064	-3748.728098532151	478.6273537470433	-3242.3880577209966
988197256.8678	-5909238.269344434	2997088.6825812673	-7606172.145674871	-3746.620121099055	477.5451659542347	-3239.660222081454
988197306.8678	-6096518.280473025	3020940.2770586875	-7768089.740504876	-3744.5935249891186	476.5291719501494	-3237.0648613499634
988197356.8678	-6283698.907120286	3044742.6116152974	-7929880.686664057	-3742.64405392276	475.57390676707814	-3234.5928185223706
988197406.8678	-6470783.904424009	3068498.5977890203	-8091550.9379890775	-3740.7677043672493	474.674461084283	-3232.2357375032407
988197456.8678	-6657776.833391444	3092210.914146011	-8253106.048783326	-3738.960712421627	473.8264151197611	-3229.9859800743425
988197506.8678	-6844681.072548465	3115882.0292932894	-8414551.207841327	-3737.219540516979	473.025781424035	-3227.8365526338985
988197556.8678	-7031499.828925451	3139514.2222255305	-8575891.269027695	-3735.540864224417	472.26895525142106	-3225.781041444266
988197606.8678	-7218236.148390637	3163109.6003563334	-8737130.778808165	-3733.921559374457	471.55267139794233	-3223.8135552994067
988197656.8678	-7404892.925350212	3186670.115533258	-8898274.001079654	-3732.358689625481	470.87396657196746	-3221.9286746726
988197706.8678	-7591472.911839991	3210197.578293044	-9059324.93960256	-3730.849494570023	470.2301465104301	-3220.1214065327945
988197756.8678	-7777978.726037014	3233693.6705772015	-9220287.358300751	-3729.3913784315496	469.61875717553465	-3218.387144127693
988197806.8678	-7964412.860221334	3257159.9570975197	-9381164.799662052	-3727.9818993780277	469.03755946858524	-3216.721631125794
988197856.8678	-8150777.688219086	3280597.895515073	-9541960.601443665	-3726.618759459517	468.48450698256937	-3215.120929590392
988197906.8678	-8337075.472357924	3304008.845574212	-9702677.911862442	-3725.2997951634247	467.9577263863138	-3213.5813913279167
988197956.8678	-8523308.369965354	3327394.077314197	-9863319.7034285	-3724.0229685716226	467.4555000927897	-3212.099632212655
988198006.8678	-8709478.439439513	3350754.7784650726	-10023888.785562182	-3722.7863590972215	466.976250914435	-3210.672509141206
988198056.8678	-8895587.645920731	3374092.0611205907	-10184387.816118117	-3721.5881557747234	466.5185284507799	-3209.2970993143063
988198106.8678	-9081637.866590865	3397406.967769204	-10344819.311925942	-3720.426650074865	466.08099698953083	-3207.9706815817804
988198156.8678	-9267630.895625833	3420700.476753961	-10505185.658444986	-3719.3002292143074	465.6624247326618	-3206.690719619389
988198206.8678	-9453568.448825411	3443973.507223396	-10665489.118619327	-3718.2073699300668	465.2616741848822	-3205.4548467348745
988198256.8678	-9639452.167942723	3467226.9236279335	-10825731.841010109	-3717.1466326889686	464.87769356382904	-3204.260852125221
988198306.8678	-9825283.624734508	3490461.539809765	-10985915.86727372	-3716.1166563032157	464.5095091100864	-3203.106668428621
988198356.8678	-10011064.324751688	3513678.1227284893	-11146043.139047002	-3715.116152924298	464.1562181911713	-3201.9903604332935
988198406.8678	-10196795.710888593	3536877.3958598585	-11306115.504294293	-3714.14390338879	463.81698310736573	-3200.9101148215304
988198456.8678	-10382479.166707695	3560060.042300662	-11466134.72316525	-3713.1987528909867	463.4910255190776	-3199.8642308415183
988198506.8678	-10568116.019555695	3583226.707609037	-11626102.473407479	-3712.2796069588308	463.177621425565	-3198.851111811832
988198556.8678	-10753707.543485494	3606378.002406207	-11786020.355373427	-3711.3854277110445	462.8760966336144	-3197.8692573743256
988198606.8678	-10939254.961997636	3629514.5047627618	-11945889.896657025	-3710.515230374856	462.5858226623285	-3196.917256420603
988198656.8678	-11124759.450613739	3652636.762390084	-12105712.556392131	-3709.668080045115	462.3062130367278	-3195.9937806255834
988198706.8678	-11310222.139293553	3675745.2946552993	-12265489.729241563	-3708.843088666969	462.0367199285444	-3195.097578528939
988198756.8678	-11495644.11470638	3698840.5944361705	-12425222.74910278	-3708.0394122255366	461.77683110752736	-3194.2274701116467
988198806.8678	-11681026.42236685	3721923.1298306365	-12584912.892553799	-3707.256248127265	461.52606717086803	-3193.3823418205366
988198856.8678	-11866370.068644224	3744993.345734175	-12744561.382060621	-3706.492832758779	461.28397902210315	-3192.5611419987004
988198906.8678	-12051676.022653855	3768051.665296808	-12904169.38896557	-3705.7484392101264	461.05014557412267	-3191.7628766840817
988198956.8678	-12236945.218038615	3791098.4912703913	-13063738.036274005	-3705.0223751502876	460.8241716537741	-3190.986605742427
988199006.8678	-12422178.554647699	3814134.2072557453	-13223268.401255453	-3704.313980843784	460.6056860880641	-3190.2314393042734
988199056.8678	-12607376.90011956	3837159.178858266	-13382761.517873578	-3703.622627298057	460.3943399541597	-3189.496534478709
988199106.8678	-12792541.091375284	3860173.7547597983	-13542218.379058253	-3702.947714532085	460.1898049773311	-3188.7810923193715
988199156.8678	-12977671.93602825	3883178.2677138024	-13701639.938831788	-3702.2886699574565	459.9917720626832	-3188.084355020593
988199206.8678	-13162770.213715464	3906173.035470187	-13861027.114300275	-3701.644946863787	459.79994994802695	-3187.4056033237425
988199256.8678	-13347836.677355634	3929158.3616355774	-14020380.78752014	-3701.0160230009806	459.6140639665733	-3186.7441541157696
988199306.8678	-13532872.054338632	3952134.5364742475	-14179701.807249093	-3700.4013992514474	459.4338549093071	-3186.0993582036785
988199356.8678	-13717877.047650672	3975101.8376544747	-14338990.990589865	-3699.800598385886	459.25907797794184	-3185.470598250179
988199406.8678	-13902852.33693926	3998060.5309446324	-14498249.124534486	-3699.213163896743	459.0895018202788	-3184.857286857181
988199456.8678	-14087798.579521624	4021010.8708629543	-14657476.967416212	-3698.638658903918	458.9249076406181	-3184.2588647850066
988199506.8678	-14272716.411340136	4043953.1012845603	-14816675.250275517	-3698.0766651276826	458.7650883785976	-3183.6747992963305
988199556.8678	-14457606.44786798	4066887.4560090075	-14975844.678146234	-3697.5267819241762	458.6098479504892	-3183.1045826148343
988199606.8678	-14642469.284968045	4089814.1592913517	-15134985.931267284	-3696.9886253791788	458.45900054756	-3182.547730489484
988199656.8678	-14827305.499707893	4112733.4263394536	-15294099.66622509	-3696.461827456193	458.31236998662644	-3182.003780856138
988199706.8678	-15012115.651133409	4135645.4637800255	-15453186.517031355	-3695.9460351951643	458.16978910839356	-3181.4722925889173
988199756.8678	-15196900.281003585	4158550.4700957034	-15612247.096140485	-3695.4409099584336	458.0310992195851	-3180.9528443344448
988199806.8678	-15381659.914488714	4181448.6360352454	-15771281.9954107	-3694.9461267207744	457.89614957524344	-3180.4450334226453
988199856.8678	-15566395.060834114	4204340.14499878	-15930291.78701243	-3694.4613734005948	457.7647968979131	-3179.9484748483364
988199906.8678	-15751106.213991417	4227225.173399872	-16089277.02428749	-3693.9863502296057	457.6369049307198	-3179.4628003183398
988199956.8678	-15935793.853219207	4250103.891006034	-16248238.242562126	-3693.5207691584324	457.5123440216304	-3178.987657359263
988200006.8678	-16120458.443654833	4272976.461259181	-16407175.959916884	-3693.0643532958575	457.3909907364164	-3178.5227084815324
988200056.8678	-16305100.436858943	4295843.041577392	-16566090.677915998	-3692.6168363795264	457.2727274980705	-3178.067630395597
988200106.8678	-16489720.271334307	4318703.783639279	-16724982.882298797	-3692.177962276106	457.15744225061667	-3177.6221132765636
988200156.8678	-16674318.373020377	4341558.833652097	-16883853.04363552	-3691.747484509037	457.04502814543673	-3177.1858600738333
988200206.8678	-16858895.155764833	4364408.332604716	-17042701.61794964	-3691.3251658121417	456.9353832483969	-3176.758585862569
988200256.8678	-17043451.021773465	4387252.416506417	-17201529.047308743	-3690.9107777074814	456.8284102662035	-3176.3400172340807
988200306.8678	-17227986.362039514	4410091.216612477	-17360335.760385886	-3690.504100105951	456.72401629055133	-3175.9298917224523
988200356.8678	-17412501.556753553	4432924.859637359	-17519122.17299307	-3690.104920929223	456.62211255874536	-3175.5279572649256
988200406.8678	-17596996.975695025	4455753.467956335	-17677888.688588597	-3689.713035751742	456.52261422958895	-3175.1339716937555
988200456.8678	-17781472.9786063	4478577.159796249	-17836635.698759716	-3689.328247461537	456.4254401734287	-3174.747702257435
988200506.8678	-17965929.91555025	4501396.049416129	-17995363.583682068	-3688.950365938747	456.33051277533644	-3174.368925169326
988200556.8678	-18150368.1272522	4524210.24727825	-18154072.71255714	-3688.579207750784	456.23775775049165	-3173.997425181899
988200606.8678	-18334787.945426937	4547019.860210269	-18312763.444029123	-3688.214595863158	456.14710397090283	-3173.6329951849066
988200656.8678	-18519189.693091746	4569824.991558951	-18471436.126582157	-3687.8563593650383	456.0584833026724	-3173.2754358259435
988200706.8678	-18703573.68486602	4592625.741336016	-18630091.098919213	-3687.5043332086975	455.97183045307435	-3172.924555151955
988200756.8678	-18887940.227258127	4615422.206356557	-18788728.690323483	-3687.158357962033	455.8870828267694	-3172.5801682703664
988200806.8678	-19072289.618940327	4638214.480370508	-18947349.221003335	-3686.8182795734056	455.804180390535	-3172.242097028596
988200856.8678	-19256622.151012115	4661002.654187519	-19105953.002421662	-3686.4839491481107	455.7230655459343	-3171.9101697107985
988200906.8678	-19440938.107252724	4683786.815795679	-19264540.33761045	-3686.155222735802	455.6436830093928	-3171.584220750778
988200956.8678	-19625237.764363248	4706567.0504744	-19423111.52147144	-3685.8319611282695	455.56597969919113	-3171.264090460074
988201006.8678	-19809521.392198894	4729343.440901822	-19581666.84106349	-3685.514029666987	455.4899046289168	-3170.9496247702964
988201056.8678	-19993789.25399185	4752116.067257041	-19740206.575877417	-3685.2012980598824	455.4154088069562	-3170.640674988854
988201106.8678	-20178041.60656521	4774885.0073174555	-19898730.998098973	-3684.8936402068334	455.342445141633	-3170.3370975672615
988201156.8678	-20362278.700538374	4797650.336551501	-20057240.372860458	-3684.5909340334056	455.27096835163275	-3170.038753881297
988201206.8678	-20546500.780524354	4820412.128207034	-20215734.95848171	-3684.293061332386	455.2009348813762	-3169.7455100222937
988201256.8678	-20730708.085319314	4843170.453395599	-20374215.00670087	-3683.9999076126987	455.13230282102853	-3169.457236598928
988201306.8678	-20914900.848084755	4865925.381172807	-20532680.762895513	-3683.711361955295	455.0650318308557	-3169.173808548885
988201356.8678	-21099079.29652264	4888676.978615037	-20691132.466294568	-3683.4273168756627	454.99908306965654	-3168.895104959847
988201406.8678	-21283243.65304383	4911425.310892655	-20849570.350181524	-3683.1476681925947	454.9344191270205	-3168.621008899257
988201456.8678	-21467394.13493008	4934170.441339927	-21007994.642089352	-3682.872314902895	454.8710039591764	-3168.351407252376
988201506.8678	-21651530.954489954	4956912.431521827	-21166405.563987516	-3682.6011590617068	454.80880282821573	-3168.0861905681513
988201556.8678	-21835654.319208805	4979651.341297873	-21324803.33246143	-3682.3341056681834	454.74778224448613	-3167.825252912482
988201606.8678	-22019764.43189328	5002387.228883161	-21483188.15888482	-3682.071062556215	454.6879099119672	-3167.568491728453
988201656.8678	-22203861.490810398	5025120.150906745	-21641560.249585193	-3681.8119402899647	454.62915467645104	-3167.3158077031653
988201706.8678	-22387945.68982155	5047850.1624674825	-21799919.806002855	-3681.55665206396	454.5714864763635	-3167.0671046408006
988201756.8678	-22572017.2185116	5070577.317187489	-21958267.024843723	-3681.305113607524	454.51487629607163	-3166.822289341587
988201806.8678	-22756076.262313362	5093301.66726332	-22116602.098226205	-3681.0572430933157	454.459296121534	-3166.5812714863396
988201856.8678	-22940123.002627518	5116023.263514985	-22274925.21382246	-3680.8129610497845	454.40471889815893	-3166.343963526294
988201906.8678	-23124157.61693831	5138742.1554329125	-22433236.554994278	-3680.572190277343	454.351118490745	-3166.1102805779365
988201956.8678	-23308180.278925132	5161458.391222958	-22591536.300923776	-3680.33485576808	454.2984696453865	-3165.8801403225834
988202006.8678	-23492191.158570156	5184172.017849554	-22749824.62673928	-3680.100884628834	454.24674795323205	-3165.6534629104526
988202056.8678	-23676190.422262225	5206883.081077097	-22908101.703636404	-3679.87020600747	454.1959298159956	-3165.4301708689977
988202106.8678	-23860178.232897118	5229591.625509643	-23066367.698994752	-3679.642751022209	454.1459924131201	-3165.210189015288
988202156.8678	-24044154.749974366	5252297.6946290145	-23224622.77649026	-3679.418452693857	454.0969136705051	-3164.993444372226
988202206.8678	-24228120.129690766	5275001.33083136	-23382867.096203484	-3679.197245880802	454.04867223071193	-3164.7798660884064
988202256.8678	-24412074.52503064	5297702.57546228	-23541100.81472395	-3678.979067216645	454.001247424567	-3164.569385361444
988202306.8678	-24596018.085853133	5320401.468850558	-23699324.08525074	-3678.7638550503452	453.9546192440881	-3164.3619353645768
988202356.8678	-24779950.95897652	5343098.050340566	-23857537.05768953	-3678.5515493887615	453.90876831666225	-3164.1574511764043
988202406.8678	-24963873.288259707	5365792.358323416	-24015739.878746152	-3678.342091841477	453.86367588040997	-3163.9558697135935
988202456.8678	-25147785.21468105	5388484.430266901	-24173932.692016866	-3678.1354255678057	453.819323760673	-3163.7571296664105
988202506.8678	-25331686.87641454	5411174.302744292	-24332115.638075504	-3677.931495225879	453.77569434756595	-3163.5611714369425
988202556.8678	-25515578.408903524	5433862.011462035	-24490288.85455755	-3677.7302469237225	453.73277057453856	-3163.3679370798773
988202606.8678	-25699459.944932006	5456547.591286404	-24648452.47624135	-3677.5316281722203	453.6905358978943	-3163.1773702457203
988202656.8678	-25883331.61469367	5479231.076269153	-24806606.635126542	-3677.3355878399043	453.64897427721803	-3162.989416126331
988202706.8678	-26067193.54585866	5501912.4996722005	-24964751.46050978	-3677.1420761094655	453.6080701566657	-3162.8040214026737
988202756.8678	-26251045.863638215	5524591.893991416	-25122887.07905796	-3676.9510444359253	453.5678084470726	-3162.621134194671
988202806.8678	-26434888.69084732	5547269.290979522	-25281013.614878938	-3676.762445506386	453.52817450883884	-3162.440704013071
988202856.8678	-26618722.147965286	5569944.721668151	-25439131.189589906	-3676.5762332012973	453.4891541355546	-3162.262681713226
988202906.8678	-26802546.353194512	5592618.216389122	-25597239.922383517	-3676.392362557169	453.4507335383265	-3162.0870194507006
988202956.8678	-26986361.422517363	5615289.804794931	-25755339.93009181	-3676.2107897306655	453.4128993307727	-3161.913670638623
988203006.8678	-27170167.46975133	5637959.515878516	-25913431.327248055	-3676.0314719640346	453.37563851465165	-3161.7425899067057
988203056.8678	-27353964.60660244	5660627.377992322	-26071514.22614662	-3675.854367551796	453.33893846609675	-3161.5737330618476
988203106.8678	-27537752.942717113	5683293.418866681	-26229588.73690084	-3675.679435808647	453.30278692242473	-3161.407057050261
988203156.8678	-27721532.58573233	5705957.665627556	-26387654.96749909	-3675.50663703854	453.2671719694919	-3161.2425199210456
988203206.8678	-27905303.641324386	5728620.144813665	-26545713.023859024	-3675.3359325048627	453.23208202957267	-3161.0800807911523
988203256.8678	-28089066.21325615	5751280.882393007	-26703763.00988015	-3675.1672844016975	453.19750584973315	-3160.9196998116668
988203306.8678	-28272820.403422862	5773939.9037788175	-26861805.0274947	-3675.0006558260984	453.16343249067944	-3160.7613381353676
988203356.8678	-28456566.311896637	5796597.233844986	-27019839.17671693	-3674.836010751355	453.12985131605683	-3160.604957885486
988203406.8678	-28640304.036969617	5819252.896940945	-27177865.55569091	-3674.6733140011943	453.09675198217894	-3160.4505221256363
988203456.8678	-28824033.675195877	5841906.916906051	-27335884.26073676	-3674.5125312248906	453.06412442816764	-3160.2979948308516
988203506.8678	-29007755.321432084	5864559.317083488	-27493895.38639558	-3674.353628873238	453.03195886648444	-3160.147340859678
988203556.8678	-29191469.068877008	5887210.120333709	-27651899.025472913	-3674.196574175359	453.0002457738355	-3159.998525927293
988203606.8678	-29375175.00910986	5909859.349047423	-27809895.26908094	-3674.0413351163043	452.9689758824337	-3159.851516579593
988203656.8678	-29558873.232127544	5932507.025158165	-27967884.20667938	-3673.8878804154333	452.93814017160116	-3159.706280168216
988203706.8678	-29742563.826380864	5955153.170154439	-28125865.92611517	-3673.7361795055162	452.9077298596971	-3159.5627848264617
988203756.8678	-29926246.878809668	5977797.805091487	-28283840.513660975	-3673.586202512552	452.8777363963571	-3159.4209994460625
988203806.8678	-30109922.474877033	6000440.950602655	-28441808.05405253	-3673.4379202362647	452.84815145502904	-3159.280893654783
988203856.8678	-30293590.698602464	6023082.626910408	-28599768.630524922	-3673.2913041312545	452.8189669257937	-3159.1424377948047
988203906.8678	-30477251.63259419	6045722.853836987	-28757722.324847754	-3673.146326288773	452.79017490845655	-3159.0056029018674
988203956.8678	-30660905.35808056	6068361.650814723	-28915669.21735935	-3673.0029594191033	452.7617677058996	-3158.8703606851354
988204006.8678	-30844551.95494053	6090999.0368960425	-29073609.386999905	-3672.861176834524	452.7337378176821	-3158.736683507763
988204056.8678	-31028191.501733407	6113635.030763131	-29231542.911343746	-3672.72095243283	452.7060779338789	-3158.6045443681232
988204106.8678	-31211824.075727675	6136269.650737317	-29389469.866630603	-3672.582260681387	452.67878092914674	-3158.473916881686
988204156.8678	-31395449.752929106	6158902.914788161	-29547390.327796057	-3672.445076601708	452.65183985700884	-3158.3447752635043
988204206.8678	-31579068.608108092	6181534.84054225	-29705304.368501067	-3672.3093757545244	452.6252479443478	-3158.2170943112974
988204256.8678	-31762680.71482624	6204165.445291745	-29863212.06116071	-3672.1751342253383	452.5989985860991	-3158.090849389104
988204306.8678	-31946286.145462252	6226794.746002643	-30021113.47697209	-3672.042328610435	452.5730853401364	-3157.966016411478
988204356.8678	-32129884.97123714	6249422.759322809	-30179008.685941473	-3671.9109360033376	452.54750192234025	-3157.842571828213
988204406.8678	-32313477.262238745	6272049.50158975	-30336897.756910704	-3671.780933981693	452.52224220184326	-3157.720492609569
988204456.8678	-32497063.087445628	6294674.988838165	-30494780.75758284	-3671.6523005945687	452.4973001964441	-3157.5997562319903
988204506.8678	-32680642.51475033	6317299.23680727	-30652657.754547138	-3671.5250143501444	452.4726700681839	-3157.480340664286
988204556.8678	-32864215.610982038	6339922.260947896	-30810528.81330331	-3671.3990542037914	452.4483461190775	-3157.3622243542623
988204606.8678	-33047782.441928633	6362544.0764293885	-30968393.998285174	-3671.2743995465166	452.4243227869941	-3157.2453862157854
988204656.8678	-33231343.072358206	6385164.698146303	-31126253.372883625	-3671.1510301937637	452.40059464168166	-3157.1298056162664
988204706.8678	-33414897.566040013	6407784.1407248955	-31284106.999469023	-3671.0289263745585	452.37715638092794	-3157.015462364538
988204756.8678	-33598445.98576487	6430402.418529439	-31441954.93941295	-3670.908068720983	452.3540028268539	-3156.902336699126
988204806.8678	-33781988.39336508	6453019.545668341	-31599797.25310943	-3670.7884382579723	452.3311289223339	-3156.790409276889
988204856.8678	-33965524.84973377	6475635.536000104	-31757633.99999555	-3670.6700163934147	452.30852972753763	-3156.6796611620152
988204906.8678	-34149055.41484388	6498250.403139097	-31915465.238571562	-3670.5527849085515	452.286200416589	-3156.5700738153673
988204956.8678	-34332580.14776652	6520864.16046118	-32073291.026420474	-3670.4367259486676	452.26413627433766	-3156.461629084156
988205006.8678	-34516099.106688984	6543476.821109157	-32231111.42022709	-3670.3218220140507	452.2423326932384	-3156.3543091919364
988205056.8678	-34699612.348932266	6566088.397998082	-32388926.475796618	-3670.2080559512237	452.2207851703345	-3156.248096728913
988205106.8678	-34883119.93096819	6588698.903820417	-32546736.24807273	-3670.095410944436	452.19948930434145	-3156.1429746425456
988205156.8678	-35066621.90843602	6611308.351051038	-32704540.79115522	-3669.9838705074	452.1784407928257	-3156.0389262284343
988205206.8678	-35250118.336158834	6633916.751952117	-32862340.158317175	-3669.873418475272	452.15763542947764	-3155.9359351214903
988205256.8678	-35433609.26815928	6656524.118577858	-33020134.402021736	-3669.764038996865	452.1370691014719	-3155.83398528737
988205306.8678	-35617094.75767516	6679130.462779107	-33177923.57393842	-3669.655716527086	452.1167377869145	-3155.7330610141657
988205356.8678	-35800574.85717453	6701735.796207835	-33335707.72495904	-3669.5484358195904	452.09663755237153	-3155.6331469043507
988205406.8678	-35984049.618370436	6724340.130321507	-33493486.905213226	-3669.4421819196486	452.07676455047806	-3155.534227866956
988205456.8678	-36167519.09223532	6746943.476387322	-33651261.16408357	-3669.336940157212	452.0571150176228	-3155.4362891099886
988205506.8678	-36350983.329015106	6769545.845486342	-33809030.55022039	-3669.2326961401823	452.0376852717067	-3155.3393161330664
988205556.8678	-36534442.37824295	6792147.248517521	-33966795.11155613	-3669.1294357478605	452.0184717099728	-3155.2432947202715
988205606.8678	-36717896.28875258	6814747.696201609	-34124554.89531937	-3669.027145124591	451.9994708069039	-3155.148210933217
988205656.8678	-36901345.10869148	6837347.199084977	-34282309.94804861	-3668.9258106735765	451.98067911218646	-3155.0540511043077
988205706.8678	-37084788.8855336	6859945.76754331	-34440060.315605566	-3668.825419050867	451.9620932487377	-3154.9608018302024
988205756.8678	-37268227.66609195	6882543.411785235	-34597806.0431883	-3668.7259571595137	451.943709910794	-3154.86844996546
988205806.8678	-37451661.49653068	6905140.141855837	-34755547.1753439	-3668.627412143888	451.92552586205886	-3154.7769826163726
988205856.8678	-37635090.42237714	6927735.9676400805	-34913283.75598093	-3668.52977138415	451.9075379339069	-3154.6863871349697
988205906.8678	-37818514.48853342	6950330.898866155	-35071015.82838159	-3668.4330224908776	451.88974302364363	-3154.596651113197
988205956.8678	-38001933.739287816	6972924.945108733	-35228743.43521355	-3668.337153299832	451.87213809281747	-3154.507762377257
988206006.8678	-38185348.21832592	6995518.115792132	-35386466.618541546	-3668.242151866872	451.85472016558316	-3154.4197089821105
988206056.8678	-38368757.968741536	7018110.420193407	-35544185.41983863	-3668.1480064629995	451.837486327115	-3154.33247920613
988206106.8678	-38552163.033047274	7040701.867445368	-35701899.8799973	-3668.0547055695442	451.8204337220668	-3154.246061545905
988206156.8678	-38735563.453185	7063292.466539516	-35859610.0393402	-3667.9622378734734	451.8035595530785	-3154.16044471119
988206206.8678	-38918959.270535946	7085882.2263289	-36017315.9376307	-3667.8705922628264	451.78686107932697	-3154.0756176199925
988206256.8678	-39102350.52593068	7108471.155530913	-36175017.61408317	-3667.7797578222708	451.77033561511945	-3153.9915693937965
988206306.8678	-39285737.25965884	7131059.262730012	-36332715.10737306	-3667.689723828775	451.7539805285291	-3153.9082893529157
988206356.8678	-39469119.51147865	7153646.556380373	-36490408.45564669	-3667.6004797473975	451.73779324006966	-3153.825767011972
988206406.8678	-39652497.32062616	7176233.044808487	-36648097.69653089	-3667.512015227183	451.72177122140926	-3153.743992075502
988206456.8678	-39835870.72582443	7198818.736215676	-36805782.86714238	-3667.424320097163	451.7059119941216	-3153.6629544336765
988206506.8678	-40019239.76529237	7221403.638680565	-36963464.00409693	-3667.3373843624713	451.6902131284732	-3153.582644158138
988206556.8678	-40202604.47675346	7243987.760161486	-37121141.14351835	-3667.251198200543	451.67467224224526	-3153.5030514979494
988206606.8678	-40385964.8974443	7266571.108498824	-37278814.32104726	-3667.1657519574255	451.65928699958977	-3153.424166875649
988206656.8678	-40569321.06412294	7289153.691417304	-37436483.571849644	-3667.0810361441777	451.64405510991776	-3153.3459808834155
988206706.8678	-40752673.013077006	7311735.516528235	-37594148.9306253	-3666.9970414333616	451.62897432681973	-3153.2684842793237
988206756.8678	-40936020.780131735	7334316.591331685	-37751810.431615956	-3666.913758655622	451.6140424470155	-3153.191667983712
988206806.8678	-41119364.400657795	7356896.923218616	-37909468.108613364	-3666.8311787963553	451.5992573093349	-3153.115523075634
988206856.8678	-41302703.90957889	7379476.519472964	-38067121.99496713	-3666.74929299246	451.58461679372624	-3153.0400407894103
988206906.8678	-41486039.3413793	7402055.38727367	-38224772.12359236	-3666.6680925291694	451.57011882029235	-3152.9652125112634
988206956.8678	-41669370.73011124	7424633.533696664	-38382418.52697721	-3666.587568836962	451.55576134835405	-3152.8910297760453
988207006.8678	-41852698.10940198	7447210.965716802	-38540061.23719026	-3666.507713488553	451.5415423755387	-3152.817484264046
988207056.8678	-42036021.51246094	7469787.690209764	-38697700.285887636	-3666.428518195955	451.52745993689456	-3152.7445677978844
988207106.8678	-42219340.972086586	7492363.7139539	-38855335.7043201	-3666.3499748076138	451.5135121040289	-3152.672272339479
988207156.8678	-42402656.52067309	7514939.043632032	-39012967.523339935	-3666.2720753056137	451.49969698426986	-3152.600589987095
988207206.8678	-42585968.19021706	7537513.68583323	-39170595.7734077	-3666.194811802953	451.4860127198511	-3152.529512972469
988207256.8678	-42769276.01232398	7560087.647054526	-39328220.484598786	-3666.1181765408833	451.47245748711833	-3152.459033658001
988207306.8678	-42952580.01821454	7582660.933702612	-39485841.68660993	-3666.042161886315	451.4590294957576	-3152.3891445340196
988207356.8678	-43135880.23873084	7605233.5520954775	-39643459.40876554	-3665.966760329286	451.4457269880434	-3152.3198382161186
988207406.8678	-43319176.70434254	7627805.508464028	-39801073.680023864	-3665.8919644804864	451.4325482381082	-3152.2511074425533
988207456.8678	-43502469.445152774	7650376.808953656	-39958684.5289831	-3665.8177670688524	451.41949155123024	-3152.1829450717078
988207506.8678	-43685758.49090406	7672947.459625781	-40116291.9838873	-3665.7441609392067	451.4065552631408	-3152.1153440796206
988207556.8678	-43869043.87098397	7695517.466459358	-40273896.07263219	-3665.671139049963	451.39373773934915	-3152.0482975575733
988207606.8678	-44052325.61443083	7718086.835352349	-40431496.822770916	-3665.5986944708816	451.3810373744863	-3151.9817987097363
988207656.8678	-44235603.74993916	7740655.572123159	-40589094.261519596	-3665.526820380875	451.36845259166483	-3151.9158408508747
988207706.8678	-44418878.305865124	7763223.68251205	-40746688.41576281	-3665.455510065874	451.3559818418559	-3151.850417404106
988207756.8678	-44602149.310231805	7785791.172182515	-40904279.31205897	-3665.3847569167333	451.34362360328214	-3151.7855218987183
988207806.8678	-44785416.7907344	7808358.046722632	-41061866.97664554	-3665.314554427194	451.33137638082667	-3151.7211479680336
988207856.8678	-44968680.77474536	7830924.311646369	-41219451.435444206	-3665.2448961918863	451.3192387054571	-3151.657289347328
988207906.8678	-45151941.28931933	7853489.972394889	-41377032.714065954	-3665.1757759043876	451.30720913366395	-3151.5939398717983
988207956.8678	-45335198.36119805	7876055.034337806	-41534610.83781597	-3665.1071873553165	451.295286246914	-3151.531093474579
988208006.8678	-45518452.01681521	7898619.502774416	-41692185.831698485	-3665.0391244304747	451.2834686511171	-3151.4687441848055
988208056.8678	-45701702.282301106	7921183.382934915	-41849757.720421575	-3664.971581109031	451.2717549761066	-3151.4068861257247
988208106.8678	-45884949.1834873	7943746.679981579	-42007326.528401785	-3664.9045514617483	451.26014387513277	-3151.3455135128456
988208156.8678	-46068192.74591115	7966309.399009919	-42164892.27976868	-3664.8380296492455	451.24863402436944	-3151.2846206521394
988208206.8678	-46251432.994820245	7988871.545049816	-42322454.99836939	-3664.772009920307	451.23722412243234	-3151.2242019382766
988208256.8678	-46434669.95517679	8011433.123066639	-42480014.70777293	-3664.7064866102223	451.22591288990964	-3151.164251852907
988208306.8678	-46617903.65166189	8033994.137962321	-42637571.43127456	-3664.6414541391678	451.2146990689042	-3151.10476496298
988208356.8678	-46801134.10867972	8056554.594576429	-42795125.191899955	-3664.576907010621	451.2035814225875	-3151.0457359191028
988208406.8678	-46984361.350361705	8079114.497687209	-42952676.0124094	-3664.512839809817	451.1925587347634	-3150.987159453938
988208456.8678	-47167585.40057055	8101673.852012603	-43110223.91530183	-3664.449247202229	451.1816298094443	-3150.929030380636
988208506.8678	-47350806.28290418	8124232.662211248	-43267768.92281882	-3664.3861239320927	451.170793470436	-3150.8713435913023
988208556.8678	-47534024.02069969	8146790.93288346	-43425311.056948476	-3664.323464820956	451.16004856093383	-3150.8140940555036
988208606.8678	-47717238.63703717	8169348.668572192	-43582850.33942932	-3664.2612647662622	451.14939394312796	-3150.757276818804
988208656.8678	-47900450.15474342	8191905.873763971	-43740386.79175398	-3664.1995187399702	451.13882849781834	-3150.700887001335
988208706.8678	-48083658.596395686	8214462.552889822	-43897920.43517295	-3664.1382217871937	451.12835112403906	-3150.6449197964
988208756.8678	-48266863.98432527	8237018.7103261715	-44055451.2906982	-3664.077369024878	451.11796073869164	-3150.5893704691066
988208806.8678	-48450066.34062109	8259574.350395729	-44212979.37910671	-3664.0169556405044	451.1076562761871	-3150.534234355032
988208856.8678	-48633265.68713319	8282129.477368355	-44370504.720943965	-3663.9569768908227	451.0974366880962	-3150.4795068589165
988208906.8678	-48816462.04547612	8304684.095461911	-44528027.33652739	-3663.8974281006044	451.0873009428088	-3150.425183453387
988208956.8678	-48999655.437032394	8327238.208843089	-44685547.24594975	-3663.8383046614367	451.0772480252	-3150.371259677707
988209006.8678	-49182845.8829557	8349791.821628233	-44843064.46908237	-3663.7796020305236	451.06727693630546	-3150.317731136557
988209056.8678	-49366033.404174246	8372344.937884138	-45000579.025578424	-3663.721315729531	451.0573866930036	-3150.264593498841
988209106.8678	-49549218.02139388	8394897.561628826	-45158090.934876144	-3663.663441343443	451.047576327705	-3150.2118424965147
988209156.8678	-49732399.75510126	8417449.696832327	-45315600.21620187	-3663.605974519448	451.03784488804956	-3150.159473923444
988209206.8678	-49915578.62556696	8440001.347417424	-45473106.888573185	-3663.5489109658474	451.02819143661065	-3150.1074836342864
988209256.8678	-50098754.65284845	8462552.5172604	-45630610.970801905	-3663.492246450988	451.01861505060555	-3150.055867543398
988209306.8678	-50281927.85679312	8485103.21019176	-45788112.48149702	-3663.4359768022146	451.0091148216131	-3150.0046216237615
988209356.8678	-50465098.257041164	8507653.429996934	-45945611.43906761	-3663.3800979048465	450.9996898552976	-3149.95374190594
988209406.8678	-50648265.873028465	8530203.180416984	-46103107.86172573	-3663.3246057011734	450.99033927113913	-3149.9032244770497
988209456.8678	-50831430.72398945	8552752.465149295	-46260601.76748914	-3663.2694961894745	450.9810622021695	-3149.8530654797573
988209506.8678	-51014592.82895981	8575301.287848223	-46418093.17418414	-3663.2147654230544	450.97185779471505	-3149.803261111299
988209556.8678	-51197752.20677927	8597849.652125778	-46575582.09944823	-3663.1604095093035	450.96272520814466	-3149.7538076225183
988209606.8678	-51380908.87609426	8620397.56155225	-46733068.560732745	-3663.1064246087717	450.9536636146234	-3149.7047013169235
988209656.8678	-51564062.85536055	8642945.019656863	-46890552.57530552	-3663.0528069342663	450.94467219887207	-3149.6559385497685
988209706.8678	-51747214.16284583	8665492.029928379	-47048034.16025343	-3662.9995527499664	450.93575015793164	-3149.60751572715
988209756.8678	-51930362.81663227	8688038.595815716	-47205513.33248487	-3662.9466583705525	450.9268967009336	-3149.5594293051217
988209806.8678	-52113508.83461901	8710584.72072855	-47362990.10873232	-3662.894120160359	450.9181110488745	-3149.5116757888336
988209856.8678	-52296652.234524645	8733130.408037893	-47520464.5055547	-3662.84193453254	450.9093924343964	-3149.4642517316815
988209906.8678	-52479793.03388962	8755675.66107668	-47677936.53933979	-3662.7900979482524	450.90074010157167	-3149.417153734479
988209956.8678	-52662931.25007864	8778220.483140329	-47835406.22630658	-3662.7386069158556	450.89215330569226	-3149.3703784446443
988210006.8678	-52846066.900282964	8800764.8774873	-47992873.58250757	-3662.6874579901278	450.88363131306414	-3149.3239225554044
988210056.8678	-53029200.00152275	8823308.847339638	-48150338.62383107	-3662.6366477714973	450.8751734008059	-3149.277782805016
988210106.8678	-53212330.570649296	8845852.395883512	-48307801.36600341	-3662.5861729052876	450.866778856652	-3149.231955976002
988210156.8678	-53395458.62434728	8868395.526269736	-48465261.824591115	-3662.536030080982	450.8584469787597	-3149.186438894401
988210206.8678	-53578584.17913695	8890938.24161429	-48622720.0150031	-3662.486216031496	450.8501770755208	-3149.1412284290354
988210256.8678	-53761707.25137625	8913480.54499883	-48780175.95249279	-3662.43672753247	450.8419684653769	-3149.096321490795
988210306.8678	-53944827.857262984	8936022.439471178	-48937629.65216016	-3662.387561401571	450.83382047663923	-3149.05171503193
988210356.8678	-54127946.012836844	8958563.928045813	-49095081.12895384	-3662.338714497812	450.82573244731174	-3149.0074060453626
988210406.8678	-54311061.73398151	8981105.013704352	-49252530.397673085	-3662.2901837208833	450.81770372491786	-3148.9633915640106
988210456.8678	-54494175.03642668	9003645.699396027	-49409977.47296984	-3662.241966010494	450.8097336663319	-3148.919668660124
988210506.8678	-54677285.93574997	9026185.988038143	-49567422.36935056	-3662.19405834573	450.80182163761305	-3148.8762344446377
988210556.8678	-54860394.447378956	9048725.882516533	-49724865.101178244	-3662.1464577444244	450.793967013843	-3148.833086066532
988210606.8678	-55043500.586593054	9071265.385686006	-49882305.68267426	-3662.0991612625335	450.7861691789674	-3148.7902207122092
988210656.8678	-55226604.3685254	9093804.500370786	-50039744.127920225	-3662.052165993535	450.77842752564027	-3148.7476356048846
988210706.8678	-55409705.808164775	9116343.229364945	-50197180.45085983	-3662.005469067827	450.77074145507174	-3148.705328003981
988210756.8678	-55592804.92035734	9138881.575432828	-50354614.66530062	-3661.9590676521493	450.7631103768792	-3148.6632952045443
988210806.8678	-55775901.71980852	9161419.541309463	-50512046.78491578	-3661.9129589490053	450.755533708941	-3148.6215345366663
988210856.8678	-55958996.22108473	9183957.129700987	-50669476.82324586	-3661.8671401961024	450.7480108772539	-3148.5800433649183
988210906.8678	-56142088.43861515	9206494.343285026	-50826904.793700494	-3661.8216086657985	450.74054131579254	-3148.538819087796
988210956.8678	-56325178.38669343	9229031.184711099	-50984330.70956007	-3661.7763616645616	450.7331244663726	-3148.4978591371773
988211006.8678	-56508266.0794794	9251567.656601017	-51141754.58397739	-3661.731396532438	450.7257597785165	-3148.457160977784
988211056.8678	-56691351.531000696	9274103.761549257	-51299176.42997931	-3661.6867106425293	450.7184467093216	-3148.416722106666
988211106.8678	-56874434.75515444	9296639.502123335	-51456596.260468334	-3661.642301400482	450.7111847233312	-3148.376540052679
988211156.8678	-57057515.76570883	9319174.88086417	-51614014.088224195	-3661.5981662439854	450.70397329240853	-3148.336612375987
988211206.8678	-57240594.57630474	9341709.90028647	-51771429.9259054	-3661.5543026422774	450.69681189561265	-3148.2969366675666
988211256.8678	-57423671.2004573	9364244.562879067	-51928843.78605077	-3661.510708095662	450.68970001907746	-3148.2575105487213
988211306.8678	-57606745.6515574	9386778.871105267	-52086255.68108094	-3661.4673801350314	450.68263715589234	-3148.2183316706073
988211356.8678	-57789817.94287323	9409312.82740321	-52243665.62329983	-3661.4243163214023	450.67562280598605	-3148.1793977137654
988211406.8678	-57972888.08755182	9431846.434186194	-52401073.62489614	-3661.3815142454573	450.66865647601264	-3148.140706387662
988211456.8678	-58155956.0986204	9454379.693843026	-52558479.69794472	-3661.3389715270937	450.66173767923914	-3148.1022554302403
988211506.8678	-58339021.98898795	9476912.60873833	-52715883.85440806	-3661.2966858149844	450.65486593543625	-3148.0640426074815
988211556.8678	-58522085.77144659	9499445.181212883	-52873286.106137596	-3661.2546547861416	450.6480407707706	-3148.0260657129697
988211606.8678	-58705147.458673015	9521977.41358393	-53030686.464875154	-3661.212876145495	450.64126171769936	-3147.9883225674666
988211656.8678	-58888207.063229814	9544509.308145486	-53188084.942254275	-3661.17134762547	450.6345283148671	-3147.9508110184947
988211706.8678	-59071264.59756689	9567040.867168661	-53345481.5498015	-3661.1300669855777	450.62784010700403	-3147.913528939927
988211756.8678	-59254320.07402279	9589572.092901947	-53502876.29893776	-3661.089032012015	450.621196644827	-3147.8764742315875
988211806.8678	-59437373.50482605	9612102.987571515	-53660269.200979576	-3661.0482405172647	450.6145974849421	-3147.839644818855
988211856.8678	-59620424.90209645	9634633.553381518	-53817660.267140396	-3661.0076903397076	450.6080421897489	-3147.8030386522746
988211906.8678	-59803474.27784635	9657163.792514369	-53975049.50853181	-3660.967379343242	450.6015303273467	-3147.7666537071777
988211956.8678	-59986521.64398193	9679693.707131024	-54132436.93616479	-3660.9273054169066	450.595061471443	-3147.73048798331
988212006.8678	-60169567.01230443	9702223.299371269	-54289822.56095089	-3660.887466474512	450.588635201263	-3147.6945395044627
988212056.8678	-60352610.39451141	9724752.571353985	-54447206.39370344	-3660.8478604542793	450.5822511014614	-3147.6588063181134
988212106.8678	-60535651.80219793	9747281.52517742	-54604588.445138745	-3660.8084853184823	450.5759087620356	-3147.623286495072
988212156.8678	-60718691.24685776	9769810.162919447	-54761968.72587722	-3660.7693390530994	450.56960777824077	-3147.587978129134
988212206.8678	-60901728.73988456	9792338.48663784	-54919347.24644453	-3660.7304196674704	450.56334775050595	-3147.552879336737
988212256.8678	-61084764.29257303	9814866.498370523	-55076724.01727275	-3660.6917251939567	450.5571282843527	-3147.5179882566276
988212306.8678	-61267797.91612006	9837394.20013581	-55234099.048701406	-3660.6532536876107	450.5509489903144	-3147.48330304953
988212356.8678	-61450829.621625856	9859921.593932679	-55391472.35097861	-3660.6150032258497	450.5448094838576	-3147.4488218978254
988212406.8678	-61633859.420095034	9882448.681740992	-55548843.934262164	-3660.5769719081363	450.5387093853045	-3147.4145430052326
988212456.8678	-61816887.32243774	9904975.465521755	-55706213.80862053	-3660.5391578556605	450.53264831975724	-3147.3804645964947
988212506.8678	-61999913.33947072	9927501.947217345	-55863581.984033965	-3660.5015592110335	450.5266259170231	-3147.3465849170752
988212556.8678	-62182937.48191836	9950028.128751745	-56020948.47039549	-3660.46417413798	450.5206418115416	-3147.312902232854
988212606.8678	-62365959.76041377	9972554.01203077	-56178313.27751193	-3660.4270008210415	450.51469564231274	-3147.2794148298317
988212656.8678	-62548980.1854998	9995079.598942302	-56335676.41510492	-3660.390037465282	450.5087870528263	-3147.2461210138413
988212706.8678	-62731998.767630056	10017604.891356511	-56493037.89281185	-3660.3532822959965	450.5029156909931	-3147.2130191102574
988212756.8678	-62915015.517169915	10040129.891126066	-56650397.72018688	-3660.31673355843	450.4970812090766	-3147.180107463719
988212806.8678	-63098030.44439751	10062654.600086357	-56807755.906701885	-3660.280389517495	450.49128326362666	-3147.1473844378525
988212856.8678	-63281043.55950468	10085179.020055713	-56965112.46174737	-3660.2442484575013	450.48552151541384	-3147.114848415
988212906.8678	-63464054.872597985	10107703.1528356	-57122467.394633435	-3660.208308681877	450.47979562936536	-3147.082497795951
988212956.8678	-63647064.39369963	10130227.000210837	-57279820.71459067	-3660.172568512914	450.4741052745021	-3147.050330999683
988213006.8678	-63830072.13274839	10152750.563949788	-57437172.43077105	-3660.1370262914975	450.46845012387627	-3147.0183464631023
988213056.8678	-64013078.09960054	10175273.845804578	-57594522.552248865	-3660.101680376854	450.4628298545108	-3146.986542640789
988213106.8678	-64196082.30403079	10197796.847511275	-57751871.088021554	-3660.066529146297	450.45724414733985	-3146.954918004751
988213156.8678	-64379084.755733155	10220319.570790095	-57909218.047010586	-3660.0315709949787	450.4516926871497	-3146.9234710441765
988213206.8678	-64562085.46432182	10242842.017345583	-58066563.438062325	-3659.9968043356453	450.44617516252146	-3146.8922002651943
988213256.8678	-64745084.43933208	10265364.18886681	-58223907.26994884	-3659.9622275983966	450.4406912657742	-3146.861104190637
988213306.8678	-64928081.69022115	10287886.087027557	-58381249.55136877	-3659.9278392304504	450.43524069290976	-3146.830181359807
988213356.8678	-65111077.22636902	10310407.71348649	-58538590.29094813	-3659.893637695909	450.42982314355766	-3146.79943032825
988213406.8678	-65294071.057079315	10332929.069887357	-58695929.4972411	-3659.8596214755285	450.42443832092187	-3146.7688496675282
988213456.8678	-65477063.191580094	10355450.157859143	-58853267.178730845	-3659.8257890664972	450.4190859317279	-3146.7384379649984
988213506.8678	-65660053.6390247	10377970.97901626	-59010603.34383029	-3659.792138982212	450.4137656861712	-3146.708193823594
988213556.8678	-65843042.40849253	10400491.534958715	-59167938.000882864	-3659.7586697520605	450.40847729786606	-3146.6781158616136
988213606.8678	-66026029.50898987	10423011.827272283	-59325271.15816333	-3659.725379921208	450.4032204837956	-3146.648202712509
988213656.8678	-66209014.949450634	10445531.85752867	-59482602.82387847	-3659.692268050385	450.3979949642632	-3146.618453024677
988213706.8678	-66391998.738737166	10468051.627285678	-59639933.00616787	-3659.659332715678	450.39280046284364	-3146.588865461255
988213756.8678	-66574980.885640986	10490571.138087368	-59797261.71310463	-3659.6265725083294	450.3876367063358	-3146.559438699924
988213806.8678	-66757961.39888356	10513090.391464224	-59954588.952696085	-3659.593986034534	450.3825034247164	-3146.5301714327074
988213856.8678	-66940940.28711702	10535609.388933305	-60111914.732884556	-3659.56157191524	450.3774003510938	-3146.50106236578
988213906.8678	-67123917.55892491	10558128.131998403	-60269239.061548	-3659.529328785957	450.37232722166317	-3146.4721102192757
988213956.8678	-67306893.22282295	10580646.622150194	-60426561.946500726	-3659.497255296562	450.3672837756622	-3146.4433137270994
988214006.8678	-67489867.28725964	10603164.860866392	-60583883.39549407	-3659.465350111112	450.3622697553278	-3146.414671636743
988214056.8678	-67672839.76061708	10625682.849611903	-60741203.41621711	-3659.4336119076584	450.35728490585296	-3146.3861827091064
988214106.8678	-67855810.65121163	10648200.589838957	-60898522.016297266	-3659.4020393780625	450.35232897534513	-3146.3578457183116
988214156.8678	-68038779.96729454	10670718.082987268	-61055839.203301	-3659.370631227818	450.3474017147846	-3146.329659451533
988214206.8678	-68221747.71705271	10693235.330484163	-61213154.98473447	-3659.3393861758746	450.3425028779841	-3146.3016227088215
988214256.8678	-68404713.9086093	10715752.333744736	-61370469.368044145	-3659.308302954458	450.3376322215487	-3146.2737343029344
988214306.8678	-68587678.55002442	10738269.094171979	-61527782.36061746	-3659.2773803089053	450.3327895048366	-3146.245993059168
988214356.8678	-68770641.64929576	10760785.613156915	-61685093.96978339	-3659.246616997492	450.32797448992085	-3146.218397815193
988214406.8678	-68953603.21435924	10783301.892078744	-61842404.202813126	-3659.2160117912654	450.3231869415508	-3146.19094742089
988214456.8678	-69136563.25308968	10805817.932304967	-61999713.06692067	-3659.1855634738827	450.31842662711506	-3146.163640738192
988214506.8678	-69319521.77330136	10828333.735191522	-62157020.56926338	-3659.1552708414497	450.3136933166051	-3146.1364766409256
988214556.8678	-69502478.78274871	10850849.302082904	-62314326.71694261	-3659.12513270236	450.30898678257864	-3146.109454014655
988214606.8678	-69685434.28912683	10873364.634312307	-62471631.51700431	-3659.095147877141	450.30430680012444	-3146.082571756532
988214656.8678	-69868388.30007218	10895879.733201737	-62628934.97643955	-3659.0653151982956	450.2996531468272	-3146.0558287751437
988214706.8678	-70051340.82316317	10918394.600062145	-62786237.10218511	-3659.0356335101574	450.2950256027336	-3146.0292239903656
988214756.8678	-70234291.86592063	10940909.236193538	-62943537.90112405	-3659.006101668735	450.29042395031786	-3146.0027563332164
988214806.8678	-70417241.4358086	10963423.642885115	-63100837.38008626	-3658.976718541567	450.28584797444944	-3145.9764247457133
988214856.8678	-70600189.54023468	10985937.821415376	-63258135.54584899	-3658.9474830075787	450.28129746235925	-3145.9502281807318
988214906.8678	-70783136.18655075	11008451.773052236	-63415432.40513742	-3658.918393956937	450.2767722036084	-3145.9241656018667
988214956.8678	-70966081.38205345	11030965.499053154	-63572727.96462518	-3658.889450290912	450.27227199005614	-3145.8982359832958
988215006.8678	-71149025.13398476	11053479.000665229	-63730022.230934836	-3658.860650921737	450.2677966158287	-3145.8724383096433
988215056.8678	-71331967.44953258	11075992.27912533	-63887315.21063847	-3658.8319947724704	450.26334587728905	-3145.846771575849
988215106.8678	-71514908.3358312	11098505.335660195	-64044606.91025815	-3658.8034807768663	450.2589195730063	-3145.821234787038
988215156.8678	-71697847.79996186	11121018.171486545	-64201897.33626649	-3658.775107879239	450.25451750372645	-3145.7958269583905
988215206.8678	-71880785.8489533	11143530.787811195	-64359186.495087065	-3658.7468750343296	450.2501394723429	-3145.770547115014
988215256.8678	-72063722.48978223	11166043.18583116	-64516474.39309499	-3658.7187812071834	450.24578528386786	-3145.745394291822
988215306.8678	-72246657.72937389	11188555.366733748	-64673761.03661733	-3658.69082537302	450.2414547454043	-3145.720367533408
988215356.8678	-72429591.5746025	11211067.331696685	-64831046.43193364	-3658.6630065171084	450.2371476661179	-3145.6954658939267
988215406.8678	-72612524.03229183	11233579.081888199	-64988330.585276425	-3658.635323634646	450.2328638572097	-3145.6706884369723
988215456.8678	-72795455.10921559	11256090.61846713	-65145613.502831586	-3658.6077757306352	450.22860313188926	-3145.6460342354635
988215506.8678	-72978384.81209807	11278601.94258303	-65302895.190738924	-3658.580361819766	450.22436530534833	-3145.6215023715254
988215556.8678	-73161313.14761448	11301113.05537626	-65460175.655092545	-3658.5530809262964	450.22015019473434	-3145.5970919363763
988215606.8678	-73344240.12239152	11323623.957978083	-65617454.90194137	-3658.5259320839377	450.21595761912516	-3145.5728020302163
988215656.8678	-73527165.74300778	11346134.65151077	-65774732.93728951	-3658.4989143357416	450.2117873995036	-3145.5486317621157
988215706.8678	-73710090.01599419	11368645.13708768	-65932009.76709682	-3658.472026733985	450.2076393587324	-3145.5245802499066
988215756.8678	-73893012.94783461	11391155.415813366	-66089285.397279195	-3658.4452683400614	450.2035133215302	-3145.5006466200743
988215806.8678	-74075934.54496613	11413665.488783665	-66246559.8337091	-3658.418638224369	450.1994091144469	-3145.4768300076526
988215856.8678	-74258854.81377965	11436175.357085783	-66403833.08221596	-3658.392135466205	450.19532656584016	-3145.4531295561196
988215906.8678	-74441773.76062018	11458685.021798393	-66561105.148586586	-3658.365759153659	450.19126550585213	-3145.429544417293
988215956.8678	-74624691.39178737	11481194.48399171	-66718376.038565576	-3658.339508383508	450.1872257663862	-3145.4060737512314
988216006.8678	-74807607.71353595	11503703.7447276	-66875645.75785572	-3658.313382261114	450.1832071810846	-3145.3827167261315
988216056.8678	-74990522.73207614	11526212.805059645	-67032914.312118456	-3658.287379900319	450.17920958530584	-3145.3594725182334
988216106.8678	-75173436.45357403	11548721.66603324	-67190181.70697421	-3658.2615004233508	450.175232816103	-3145.3363403117205
988216156.8678	-75356348.88415204	11571230.328685677	-67347447.94800282	-3658.2357429607177	450.17127671220175	-3145.3133192986265
988216206.8678	-75539260.02988932	11593738.79404622	-67504713.04074393	-3658.2101066511154	450.1673411139795	-3145.290408678738
988216256.8678	-75722169.89682212	11616247.0631362	-67661976.99069735	-3658.1845906413273	450.16342586344405	-3145.267607659505
988216306.8678	-75905078.49094433	11638755.136969082	-67819239.80332346	-3658.1591940861344	450.15953080421303	-3145.2449154559467
988216356.8678	-76087985.81820767	11661263.01655056	-67976501.48404358	-3658.1339161482174	450.1556557814934	-3145.2223312905635
988216406.8678	-76270891.88452226	11683770.702878619	-68133762.03824031	-3658.1087559980665	450.15180064206186	-3145.1998543932473
988216456.8678	-76453796.69575691	11706278.196943624	-68291021.47125798	-3658.08371281389	450.1479652342447	-3145.177484001193
988216506.8678	-76636700.25773951	11728785.4997284	-68448279.78840293	-3658.0587857815267	450.14414940789834	-3145.155219358814
988216556.8678	-76819602.57625747	11751292.612208296	-68605536.99494389	-3658.033974094356	450.1403530143904	-3145.133059717654
988216606.8678	-77002503.65705805	11773799.535351265	-68762793.09611236	-3658.0092769532093	450.1365759065808	-3145.1110043363065
988216656.8678	-77185403.5058487	11796306.270117952	-68920048.09710294	-3657.984693566286	450.13281793880293	-3145.08905248033
988216706.8678	-77368302.12829751	11818812.81746174	-69077302.00307368	-3657.9602231490685	450.12907896684544	-3145.0672034221657
988216756.8678	-77551199.53003348	11841319.178328851	-69234554.81914642	-3657.9358649242395	450.1253588479346	-3145.0454564410607
988216806.8678	-77734095.71664695	11863825.353658397	-69391806.55040716	-3657.9116181215977	450.12165744071575	-3145.0238108229833
988216856.8678	-77916990.69368993	11886331.344382454	-69549057.20190631	-3657.8874819779776	450.11797460523655	-3145.0022658605494
988216906.8678	-78099884.46667643	11908837.151426138	-69706306.7786591	-3657.8634557371693	450.1143102029293	-3144.9808208529435
988216956.8678	-78282777.04108284	11931342.775707677	-69863555.28564595	-3657.839538649839	450.1106640965939	-3144.9594751058403
988217006.8678	-78465668.42234825	11953848.218138466	-70020802.72781257	-3657.815729973452	450.10703615038125	-3144.9382279313345
988217056.8678	-78648558.61587475	11976353.47962314	-70178049.11007057	-3657.792028972194	450.10342622977686	-3144.9170786478644
988217106.8678	-78831447.62702788	11998858.561059648	-70335294.4372976	-3657.768434916899	450.09983420158426	-3144.896026580137
988217156.8678	-79014335.46113682	12021363.463339306	-70492538.71433768	-3657.7449470849683	450.0962599339091	-3144.8750710590593
988217206.8678	-79197222.1234948	12043868.18734687	-70649781.94600156	-3657.721564760302	450.09270329614367	-3144.8542114216652
988217256.8678	-79380107.61935946	12066372.733960595	-70807024.13706696	-3657.6982872332233	450.08916415895067	-3144.833447011047
988217306.8678	-79562991.95395303	12088877.104052305	-70964265.29227893	-3657.675113800409	450.0856423942486	-3144.812777176285
988217356.8678	-79745875.13246275	12111381.298487445	-71121505.4163501	-3657.652043764815	450.08213787519605	-3144.79220127238
988217406.8678	-79928757.16004126	12133885.318125155	-71278744.51396102	-3657.62907643561	450.07865047617696	-3144.771718660187
988217456.8678	-80111638.0418067	12156389.163818322	-71435982.58976041	-3657.6062111281053	450.0751800727861	-3144.7513287063475
988217506.8678	-80294517.78284316	12178892.83641364	-71593219.64836547	-3657.5834471636854	450.0717265418145	-3144.731030783225
988217556.8678	-80477396.38820094	12201396.336751675	-71750455.69436218	-3657.5607838697415	450.06828976123495	-3144.7108242688387
988217606.8678	-80660273.86289686	12223899.665666923	-71907690.73230553	-3657.538220579605	450.0648696101882	-3144.6907085468038
988217656.8678	-80843150.21191461	12246402.823987858	-72064924.76671986	-3657.515756632484	450.0614659689692	-3144.6706830062644
988217706.8678	-81026025.44020492	12268905.812537005	-72222157.80209906	-3657.493391373396	450.0580787190129	-3144.650747041835
988217756.8678	-81208899.55268593	12291408.632130988	-72379389.84290694	-3657.471124153106	450.05470774288113	-3144.6309000535366
988217806.8678	-81391772.55424348	12313911.283580584	-72536620.89357743	-3657.448954328062	450.0513529242494	-3144.61114144674
988217856.8678	-81574644.44973134	12336413.767690783	-72693850.95851484	-3657.4268812603336	450.0480141478936	-3144.5914706321023
988217906.8678	-81757515.24397157	12358916.085260838	-72851080.04209411	-3657.4049043175514	450.04469129967697	-3144.571887025511
988217956.8678	-81940384.9417547	12381418.237084333	-73008308.14866118	-3657.383022872847	450.0413842665377	-3144.552390048025
988218006.8678	-82123253.54784009	12403920.22394921	-73165535.28253314	-3657.3612363047923	450.038092936476	-3144.5329791258177
988218056.8678	-82306121.06695616	12426422.046637848	-73322761.44799852	-3657.3395439973388	450.03481719854204	-3144.5136536901214
988218106.8678	-82488987.50380063	12448923.7059271	-73479986.64931752	-3657.317945339764	450.03155694282344	-3144.4944131771686
988218156.8678	-82671852.86304086	12471425.202588351	-73637210.89072229	-3657.2964397266087	450.02831206043356	-3144.475257028143
988218206.8678	-82854717.14931405	12493926.537387567	-73794434.17641717	-3657.2750265576246	450.02508244349923	-3144.456184689119
988218256.8678	-83037580.36722745	12516427.711085344	-73951656.51057892	-3657.253705237717	450.02186798514913	-3144.4371956110117
