988189456.8678	20195417.86747651	-5093326.662972416	20265584.728258893	-3100.923535942103	1198.343172552375	-3574.8476495396267
988189556.8678	19885295.626567006	-4973484.828889886	19908069.995309032	-3101.52479963482	1198.4941827291327	-3575.450301571576
988189656.8678	19575112.18521194	-4853627.689151693	19550493.993052438	-3102.147736147398	1198.6493113745753	-3576.0732025600464
988189756.8678	19264865.31735873	-4733754.82408624	19192854.645403787	-3102.7935349644467	1198.808716111389	-3576.7173877263544
988189856.8678	18954552.67365607	-4613865.797917475	18835149.769230217	-3103.463473888118	1198.9725614429447	-3577.383963790012
988189956.8678	18644171.772213902	-4493960.158066026	18477377.06689432	-3104.1589273535883	1199.1410189661276	-3578.074115216601
988190056.8678	18333719.988485076	-4374037.434430153	18119534.11813985	-3104.881375697647	1199.3142675603535	-3578.7891111281365
988190156.8678	18023194.54416729	-4254097.138649398	17761618.371249937	-3105.632415509689	1199.4924935431584	-3579.5303129586805
988190256.8678	17712592.495009623	-4134138.7633548314	17403627.13339846	-3106.4137712147444	1199.6758907802491	-3580.2991829499097
988190356.8678	17401910.71739204	-4014161.781411189	17045557.560105518	-3107.2273080621676	1199.8646607347728	-3581.097293595174
988190456.8678	17091145.893527456	-3894165.645157907	16687406.643695923	-3108.0750467219764	1200.0590124366556	-3581.92633815677
988190556.8678	16780294.495114144	-3774149.7856581933	16329171.200646367	-3108.959179724527	1200.259162347942	-3582.7881424000034
988190656.8678	16469352.765240684	-3654113.6119679953	15970847.857691588	-3109.8820900192645	1200.4653340939003	-3583.684677709749
988190756.8678	16158316.698315836	-3534056.5104401167	15612433.036541864	-3110.8463719761726	1200.677758021888	-3584.6180757811467
988190856.8678	15847182.017760515	-3413977.8440830098	15253922.93704362	-3111.8548552108996	1200.8966705401438	-3585.5906451066344
988190956.8678	15535944.151157644	-3293876.9519991316	14895313.51859093	-3112.910631683515	1201.1223131762486	-3586.604889517511
988191056.8678	15224598.202506637	-3173753.1489345743	14536600.479567781	-3114.0170866040685	1201.354931279202	-3587.663529080859
988191156.8678	14913138.921171036	-3053605.724980211	14177779.234568499	-3115.177933778972	1201.5947722689402	-3588.7695237031307
988191256.8678	14601560.667038515	-2933433.9454754735	13818844.8891056	-3116.3972561548308	1201.842083311395	-3589.926099851728
988191356.8678	14289857.37132958	-2813237.051179643	13459792.211469807	-3117.6795524660756	1202.0971082641768	-3591.136780877396
988191456.8678	13978022.49239176	-2693014.2587930523	13100615.601354519	-3119.029791076322	1202.3600836954427	-3592.405421505648
988191556.8678	13666048.965696229	-2572764.7619330087	12741309.054795207	-3120.453472329462	1202.6312337234856	-3593.7362471676543
988191656.8678	13353929.147108674	-2452487.73269785	12381866.124901295	-3121.9567010061846	1202.9107633530919	-3595.1338989636492
988191756.8678	13041654.748329913	-2332182.3239894677	12022279.877771558	-3123.546270829219	1203.198849891395	-3596.6034851993904
988191856.8678	12729216.763186604	-2211847.6728121466	11662542.84288149	-3125.2297633947724	1203.4956319035139	-3598.150640613811
988191956.8678	12416605.38318831	-2091482.9048272716	11302646.9571088	-3127.015664452661	1203.801195006797	-3599.7815946303544
988192056.8678	12103809.900442027	-1971087.1405237524	10942583.501417516	-3128.913501145408	1204.1155535883538	-3601.503250223414
988192156.8678	11790818.595612295	-1850659.5034691473	10582343.029046794	-3130.9340046892817	1204.4386272449087	-3603.3232753043585
988192256.8678	11477618.60811329	-1730199.131244782	10221915.283841807	-3133.089304093844	1204.7702103606155	-3605.250208910038
988192356.8678	11164195.785091298	-1609705.1898511853	9861289.107113618	-3135.3931579459295	1205.1099327204704	-3607.293584933619
988192456.8678	10850534.504964883	-1489176.8926138056	9500452.331114357	-3137.861233129787	1205.4572083523315	-3609.4640766879006
988192556.8678	10536617.470288463	-1368613.5249453937	9139391.656852925	-3140.511441753662	1205.8111688249476	-3611.7736662508564
988192656.8678	10222425.463428037	-1248014.4767617376	8778092.513543395	-3143.364350690118	1206.1705758961145	-3614.2358433273816
988192756.8678	9907937.056900242	-1127379.2849456598	8416538.896460047	-3146.4436822673515	1206.5337065490394	-3616.8658392817397
988192856.8678	9593128.268111452	-1006707.6890732155	8054713.179355671	-3149.7769301228254	1206.8982008492872	-3619.6809030531927
988192956.8678	9277972.14548498	-885999.7047465264	7692595.896870644	-3153.396121535689	1207.2608593635775	-3622.700626841374
988193056.8678	8962438.269366436	-765255.7204515571	7330165.491510416	-3157.338767369809	1207.617371603764	-3625.9473306711516
988193156.8678	8646492.146353954	-644476.6260702863	6967398.01880026	-3161.6490540360114	1207.9619493377777	-3629.4465160645923
988193256.8678	8330094.469402336	-523663.98431314674	6604266.803163206	-3166.3793499560484	1208.2868274898537	-3633.2273997415637
988193356.8678	8013200.207629667	-402820.2608315606	6240742.03598005	-3171.5921237589323	1208.5815789555452	-3637.323537917604
988193456.8678	7695757.4784203395	-281949.13527794724	5876790.30633684	-3177.3624054918405	1208.8321652104214	-3641.7735491839226
988193556.8678	7377706.139066341	-161055.92510828032	5512374.054468062	-3183.7809691310335	1209.019607730597	-3646.6219369214123
988193656.8678	7058976.014288254	-40148.1680314366	5147450.938492784	-3190.958479594697	1209.1181090322432	-3651.9199965878447
988193756.8678	6739484.64742607	80763.5698529109	4781973.107919156	-3199.0309367659656	1209.09236546285	-3657.726761342652
988193856.8678	6419134.424068323	201664.5611498102	4415886.384827811	-3208.166870479232	1208.893678835182	-3664.109877018297
988193956.8678	6097808.863796323	322534.3113186438	4049129.369895089	-3218.5769013898166	1208.454261712711	-3671.146177625284
988194056.8678	5775367.804437454	443344.25567381154	3681632.523470862	-3230.526484714616	1207.6787954042886	-3678.921505097267
988194156.8678	5451641.110324394	564054.4163807505	3313317.3367834273	-3244.352877563694	1206.431768139873	-3687.5288872804754
988194256.8678	5126420.422591346	684608.4906765696	2944095.833167805	-3260.487536093924	1204.5182862321176	-3697.0633791797627
988194356.8678	4799448.351240229	804926.5512896983	2573870.8766312716	-3279.4850177765225	1201.654774766913	-3707.610357873179
988194456.8678	4470404.441902562	924894.0949859341	2202538.211928245	-3302.0584059396438	1197.424157365439	-3719.2212639169998
988194556.8678	4138887.394232966	1044345.52466443	1829991.9881580675	-3329.117732425849	1191.2079064557315	-3731.865776543766
988194656.8678	3804393.7676406996	1163039.3076907527	1456137.0040125246	-3361.7982670016245	1182.0861189717707	-3745.3410893833234
988194756.8678	3466295.720342191	1280621.3144396148	1080913.4047306892	-3401.4424693147453	1168.7014593307877	-3759.1074891754447
988194856.8678	3123826.106444053	1396573.4057800507	704343.1097938784	-3449.450935912861	1149.107866099517	-3772.012282152376
988194956.8678	2776091.496449126	1510149.6960991162	326610.13785332016	-3506.8383211336645	1120.702891792948	-3781.8935011533117
988195056.8678	2422153.579750938	1620320.5205996055	-51818.20811051927	-3573.2776923571064	1080.5134092374185	-3785.2069625476906
988195156.8678	2061233.6788940728	1725781.595925257	-430053.6937605275	-3645.648530377333	1026.2938528520074	-3777.198531447075
988195256.8678	1693053.4873029504	1825124.7456525948	-806730.7876834862	-3717.0384979845458	958.60270324043	-3753.492783219692
988195356.8678	1318168.511863392	1917218.876445875	-1180189.490509977	-3778.2262655297313	882.5410914039903	-3713.09924802904
988195456.8678	937992.2592715682	2001637.0277227527	-1548932.979358845	-3822.105052198047	806.5712579867088	-3660.2955319285343
988195556.8678	554377.7055749178	2078798.5946249324	-1912088.3894263448	-3847.251158270998	738.4212744589502	-3602.650594520477
988195656.8678	169052.52422270842	2149715.8670613985	-2269533.079171869	-3857.130320490846	681.979415043398	-3546.995770930873
988195756.8678	-216710.06436756195	2215593.17504859	-2621686.5820076014	-3856.8287962373456	637.4367790150008	-3497.2204216445552
988195856.8678	-602120.7591834262	2277542.518947919	-2969215.5219189753	-3850.703203874201	603.0612236337578	-3454.546700155538
988195956.8678	-986756.5466841768	2336471.0041671153	-3312823.341607949	-3841.712766371328	576.6629003000647	-3418.677376916814
988196056.8678	-1370427.679094961	2393075.275331719	-3653147.9515005066	-3831.6272173644315	556.2845649775118	-3388.7141578903274
988196156.8678	-1753078.4636662267	2447876.857640341	-3990729.332618902	-3821.4204526067374	540.3877327908265	-3363.6493592197444
988196256.8678	-2134724.588856445	2501263.694697306	-4326010.445310175	-3811.5896267711732	527.8274141521267	-3342.5684673242586
988196356.8678	-2515416.675582999	2553525.49608002	-4659350.208330983	-3802.3627327454456	517.7693235430204	-3324.708081421311
988196456.8678	-2895220.077171715	2604880.611720277	-4991038.796645539	-3793.8216661286956	509.6082060192511	-3309.4540056685687
988196556.8678	-3274204.09536081	2655495.540984487	-5321311.551378397	-3785.972006211517	502.90303840718724	-3296.3195982883594
988196656.8678	-3652436.472219068	2705498.852844861	-5650360.485487074	-3778.7816413929654	497.32960912300604	-3284.9209341638693
988196756.8678	-4029980.7791754785	2754991.0893748556	-5978343.414809022	-3772.201780528884	492.64694017291725	-3274.9546351784925
988196856.8678	-4406895.368859108	2804051.8436809084	-6305391.075156304	-3766.1781572417476	488.67377877806126	-3266.1798145510174
988196956.8678	-4783233.149696437	2852744.861295965	-6631612.635101021	-3760.656816333845	485.27214592848344	-3258.4039561092036
988197056.8678	-5159041.775592495	2901121.7553581703	-6957099.966536758	-3755.586926700876	482.3357616716117	-3251.4720698564843
988197156.8678	-5534364.027863882	2949224.742788401	-7281930.964994661	-3750.921978799974	479.7818325488812	-3245.258420436809
988197256.8678	-5909238.269274354	2997088.6826145486	-7606172.145661193	-3746.620121064841	477.54516596626235	-3239.660222070088
988197356.8678	-6283698.907046785	3044742.611649778	-7929880.686649239	-3742.6440538885436	475.57390677905903	-3234.5928185109497
988197456.8678	-6657776.83331452	3092210.914181688	-8253106.048767364	-3738.960712387405	473.8264151316995	-3229.9859800628706
988197556.8678	-7031499.828845106	3139514.222262399	-8575891.269010583	-3735.54086419019	472.2689552633207	-3225.781041432747
988197656.8678	-7404892.925266443	3186670.115571315	-8898274.001061391	-3732.3586895912467	470.8739665838316	-3221.928674661036
988197756.8678	-7777978.725949821	3233693.670616443	-9220287.358281333	-3729.3913783973076	469.61875718736616	-3218.387144116087
988197856.8678	-8150777.688128469	3280597.8955554958	-9541960.601423088	-3726.618759425266	468.48450699437103	-3215.1209295787457
988197956.8678	-8523308.369871307	3327394.0773557997	-9863319.703406753	-3724.022968537363	467.4555001045638	-3212.0996322009723
988198056.8678	-8895587.645823257	3374092.061163369	-10184387.816095209	-3721.588155740455	466.51852846252854	-3209.2970993025892
988198156.8678	-9267630.895524932	3420700.4767979123	-10505185.658420905	-3719.300229180029	465.6624247443868	-3206.690719607638
988198256.8678	-9639452.167838397	3467226.9236730575	-10825731.840984851	-3717.146632654681	464.8776935755321	-3204.2608521134393
988198356.8678	-10011064.324643932	3513678.122774783	-11146043.139020564	-3715.1161528900006	464.15621820285384	-3201.990360421482
988198456.8678	-10382479.166596508	3560060.0423481227	-11466134.723137632	-3713.198752856679	463.4910255307412	-3199.86423082968
988198556.8678	-10753707.543370876	3606378.002454834	-11786020.355344621	-3711.385427676727	462.8760966452601	-3197.86925736246
988198656.8678	-11124759.45049569	3652636.762439875	-12105712.556362137	-3709.668080010789	462.3062130483569	-3195.9937806136923
988198756.8678	-11495644.114584902	3698840.594487123	-12425222.749071598	-3708.039412191202	461.77683111914075	-3194.2274700997314
988198856.8678	-11866370.068519311	3744993.3457862884	-12744561.382028248	-3706.4928327244356	461.28397903370194	-3192.5611419867614
988198956.8678	-12236945.217910271	3791098.491323665	-13063738.036240436	-3705.022375115937	460.8241716653591	-3190.986605730466
988199056.8678	-12607376.899987785	3837159.1789126964	-13382761.517838812	-3703.622627263698	460.39433996573155	-3189.4965344667276
988199156.8678	-12977671.935893042	3883178.26776939	-13701639.938795824	-3702.28866992309	459.9917720742428	-3188.084355008593
988199256.8678	-13347836.677216984	3929158.36169232	-14020380.787482977	-3701.0160229666058	459.6140639781212	-3186.744154103751
988199356.8678	-13717877.047508582	3975101.8377123717	-14338990.990551494	-3699.8005983515045	459.2590779894786	-3185.470598238144
988199456.8678	-14087798.579376096	4021010.8709220043	-14657476.967376638	-3698.6386588695295	458.92490765214427	-3184.2588647729544
988199556.8678	-14457606.447719013	4066887.4560692096	-14975844.678105455	-3697.5267818897814	458.6098479620055	-3183.1045826027657
988199656.8678	-14827305.499555485	4112733.426400806	-15294099.666183103	-3696.4618274217905	458.3123699981333	-3182.0037808440547
988199756.8678	-15196900.28084774	4158550.470158206	-15612247.09609729	-3695.4409099240243	458.03109923108303	-3180.952844322346
988199856.8678	-15566395.06067483	4204340.145062432	-15930291.78696802	-3694.4613733661795	457.7647969094024	-3179.948474836223
988199956.8678	-15935793.853056483	4250103.891070833	-16248238.242516505	-3693.5207691240093	457.5123440331115	-3178.987657347135
988200056.8678	-16305100.436692772	4295843.041643338	-16566090.677869162	-3692.616836345097	457.2727275095438	-3178.067630383456
988200156.8678	-16674318.372850765	4341558.83371919	-16883853.043587472	-3691.7474844746016	457.04502815690256	-3177.18586006168
988200256.8678	-17043451.021600414	4387252.416574655	-17201529.047259487	-3690.9107776730402	456.8284102776623	-3176.340017221915
988200356.8678	-17412501.556577064	4432924.859706744	-17519122.17294259	-3690.104920894776	456.6221125701973	-3175.527957252748
988200456.8678	-17781472.978426363	4478577.159866779	-17836635.698708016	-3689.328247427084	456.42544018487416	-3174.747702245246
988200556.8678	-18150368.127068818	4524210.247349924	-18154072.712504227	-3688.5792077163255	456.2377577619307	-3173.9974251696985
988200656.8678	-18519189.692904927	4569824.99163177	-18471436.126528017	-3687.8563593305735	456.05848331410544	-3173.275435813732
988200756.8678	-18887940.227067854	4615422.206430519	-18788728.69026812	-3687.158357927563	455.8870828381967	-3172.580168258144
988200856.8678	-19256622.15081839	4661002.654262622	-19105953.00236508	-3686.4839491136354	455.72306555735594	-3171.9101696985663
988200956.8678	-19625237.764166072	4706567.050550646	-19423111.52141363	-3685.8319610937892	455.5659797106074	-3171.264090447832
988201056.8678	-19993789.25379123	4752116.067334428	-19740206.575818382	-3685.2012980253967	455.4154088183674	-3170.640674976603
988201156.8678	-20362278.700334303	4797650.33663003	-20057240.37280019	-3684.5909339989157	455.27096836303906	-3170.038753869037
988201256.8678	-20730708.0851118	4843170.453475268	-20374215.00663938	-3683.9999075782052	455.13230283243007	-3169.457236586659
988201356.8678	-21099079.296311673	4888676.978695848	-20691132.466231853	-3683.4273168411646	454.99908308105347	-3168.89510494757
988201456.8678	-21467394.13471567	4934170.441421878	-21007994.64202541	-3682.8723148683916	454.87100397056884	-3168.3514072400912
988201556.8678	-21835654.31899094	4979651.341380963	-21324803.33239626	-3682.334105633676	454.7477822558743	-3167.8252529001893
988201656.8678	-22203861.49058908	5025120.150990976	-21641560.249518793	-3681.8119402554535	454.6291546878351	-3167.3158076908644
988201756.8678	-22572017.218286823	5070577.317272858	-21958267.024776097	-3681.3051135730097	454.51487630745186	-3166.8222893292786
988201856.8678	-22940123.00239928	5116023.263601491	-22274925.213753603	-3680.812961015266	454.40471890953535	-3166.3439635139794
988201956.8678	-23308180.278693438	5161458.3913106015	-22591536.30085368	-3680.334855733558	454.29846965675915	-3165.8801403102625
988202056.8678	-23676190.42202707	5206883.081165877	-22908101.703565072	-3679.8702059729426	454.1959298273647	-3165.4301708566704
988202156.8678	-24044154.749735758	5252297.694718932	-23224622.7764177	-3679.4184526593262	454.0969136818708	-3164.9934443598913
988202256.8678	-24412074.52478858	5297702.575553333	-23541100.81465016	-3678.9790671821106	454.00124743592926	-3164.569385349103
988202356.8678	-24779950.958731018	5343098.050432756	-23857537.05761451	-3678.5515493542234	453.9087683280212	-3164.157451164057
988202456.8678	-25147785.214432105	5388484.430360227	-24173932.69194061	-3678.135425533264	453.8193237720288	-3163.7571296540577
988202556.8678	-25515578.408651125	5433862.011556496	-24490288.854480054	-3677.730246889177	453.7327705858911	-3163.3679370675186
988202656.8678	-25883331.614437815	5479231.07636475	-24806606.63504781	-3677.335587805356	453.64897428856756	-3162.9894161139655
988202756.8678	-26251045.863378905	5524591.894088149	-25122887.078978	-3676.9510444013745	453.5678084584193	-3162.6211341823
988202856.8678	-26618722.147702526	5569944.721766017	-25439131.189508706	-3676.5762331667443	453.4891541468986	-3162.26268170085
988202956.8678	-26986361.422251146	5615289.8048939295	-25755339.930009373	-3676.2107896961093	453.4128993421141	-3161.913670626242
988203056.8678	-27353964.606332768	5660627.378092455	-26071514.226062957	-3675.8543675172364	453.33893847743536	-3161.5737330494608
988203156.8678	-27721532.585459195	5705957.665728823	-26387654.967414185	-3675.5066370039776	453.2671719808279	-3161.2425199086533
988203256.8678	-28089066.212979563	5751280.882495406	-26703763.009794008	-3675.167284367132	453.19750586106665	-3160.9196997992703
988203356.8678	-28456566.311616592	5796597.233948518	-27019839.17662956	-3674.836010716786	453.1298513273879	-3160.6049578730835
988203456.8678	-28824033.674912374	5841906.917010713	-27335884.26064814	-3674.5125311903194	453.06412443949625	-3160.2979948184443
988203556.8678	-29191469.068590052	5887210.120439503	-27651899.025383055	-3674.1965741407853	453.0002457851618	-3159.998525914881
988203656.8678	-29558873.23183713	5932507.02526509	-27967884.20658828	-3673.887880380858	452.9381401829252	-3159.7062801557995
988203756.8678	-29926246.8785158	5977797.805199544	-28283840.513568636	-3673.586202477973	452.87773640767904	-3159.4209994336416
988203856.8678	-30293590.698305137	6023082.627019596	-28599768.63043134	-3673.2913040966737	452.81896693711354	-3159.14243778238
988203956.8678	-30660905.357779767	6068361.650925044	-28915669.21726452	-3673.002959384519	452.76176771721725	-3158.8703606727063
988204056.8678	-31028191.501429163	6113635.030874581	-29231542.911247667	-3672.7209523982438	452.7060779451945	-3158.60454435569
988204156.8678	-31395449.75262141	6158902.914900742	-29547390.32769874	-3672.4450765671177	452.6518398683226	-3158.344775251067
988204256.8678	-31762680.714515086	6204165.445405457	-29863212.061062153	-3672.175134190745	452.598998597411	-3158.0908493766633
988204356.8678	-32129884.97092253	6249422.759437652	-30179008.685841676	-3671.9109359687413	452.54750193365027	-3157.8425718157678
988204456.8678	-32497063.08712756	6294674.988954138	-30494780.757481795	-3671.6523005599693	452.4973002077523	-3157.599756219541
988204556.8678	-32864215.61066051	6339922.261064997	-30810528.81320101	-3671.399054169189	452.44834613038387	-3157.3622243418095
988204656.8678	-33231343.07203321	6385164.6982645355	-31126253.372780085	-3671.1510301591597	452.40059465298634	-3157.12980560381
988204756.8678	-33598445.98543642	6430402.418648804	-31441954.939308167	-3670.908068686378	452.3540028381568	-3156.9023366866663
988204856.8678	-33965524.849401854	6475635.536120599	-31757633.99988951	-3670.670016358808	452.30852973883884	-3156.6796611495533
988204956.8678	-34332580.14743113	6520864.160582806	-32073291.026313182	-3670.4367259140595	452.2641362856373	-3156.4616290716904
988205056.8678	-34699612.34859342	6566088.39812084	-32388926.47568808	-3670.208055916613	452.2207851816326	-3156.248096716444
988205156.8678	-35066621.90809373	6611308.3511749245	-32704540.791045435	-3669.9838704727863	452.1784408041221	-3156.0389262159615
988205256.8678	-35433609.267813526	6656524.118702873	-33020134.401910704	-3669.7640389622493	452.13706911276677	-3155.8339852748945
988205356.8678	-35800574.856825314	6701735.79633398	-33335707.724846754	-3669.5484357849737	452.0966375636649	-3155.633146891873
988205456.8678	-36167519.09188263	6746943.476514596	-33651261.16397005	-3669.3369401225937	452.0571150289145	-3155.436289097508
988205556.8678	-36534442.37788679	6792147.248645922	-33966795.11144136	-3669.12943571324	452.0184717212631	-3155.2432947077878
988205656.8678	-36901345.108331844	6837347.199214507	-34282309.947932586	-3668.9258106389557	451.9806791234752	-3155.054051091821
988205756.8678	-37268227.66572885	6882543.4119158955	-34597806.04307104	-3668.7259571248915	451.9437099220811	-3154.86844995297
988205856.8678	-37635090.42201058	6927735.96777187	-34913283.755862415	-3668.5297713495256	451.9075379451926	-3154.6863871224773
988205956.8678	-38001933.738917775	6972924.945241652	-35228743.43509379	-3668.337153265206	451.87213810410174	-3154.5077623647626
988206056.8678	-38368757.96836804	7018110.420327452	-35544185.4197176	-3668.1480064283714	451.8374863383981	-3154.332479193632
988206156.8678	-38735563.45280804	7063292.466674691	-35859610.03921792	-3667.9622378388444	451.80355956436034	-3154.160444698689
988206256.8678	-39102350.525550246	7108471.155667215	-36175017.61395964	-3667.7797577876395	451.77033562640014	-3153.991569381294
988206356.8678	-39469119.51109476	7153646.556517802	-36490408.455521904	-3667.6004797127644	451.7377932513493	-3153.8257669994673
988206456.8678	-39835870.72543709	7198818.736354234	-36805782.86701635	-3667.424320062528	451.7059120054001	-3153.6629544211696
988206556.8678	-40202604.47636267	7243987.760301173	-37121141.14339107	-3667.251198165905	451.67467225352254	-3153.50305148544
988206656.8678	-40569321.06372868	7289153.691558118	-37436483.57172113	-3667.081036109539	451.64405512119396	-3153.3459808709035
988206756.8678	-40936020.77973402	7334316.591473625	-37751810.4314862	-3666.913758620982	451.61404245829056	-3153.1916679711976
988206856.8678	-41302703.909177706	7379476.519616031	-38067121.99483612	-3666.7492929578184	451.5846168050001	-3153.0400407768934
988206956.8678	-41669370.7297066	7424633.533840858	-38382418.526844956	-3666.5875688023184	451.55576135962673	-3152.891029763527
988207056.8678	-42036021.512052834	7469787.6903550895	-38697700.28575412	-3666.4285181613095	451.5274599481661	-3152.7445677853643
988207156.8678	-42402656.520261504	7514939.043778486	-39012967.523205176	-3666.2720752709665	451.4996969955404	-3152.600589974573
988207256.8678	-42769276.011908956	7560087.647202106	-39328220.48446277	-3666.118176506235	451.47245749838794	-3152.459033645476
988207356.8678	-43135880.238312356	7605233.5522441855	-39643459.408628285	-3665.966760294636	451.445726999312	-3152.319838203592
988207456.8678	-43502469.44473083	7650376.809103491	-39958684.5288446	-3665.817767034201	451.4194915624979	-3152.1829450591795
988207556.8678	-43869043.87055856	7695517.46661032	-40273896.07249241	-3665.6711390153114	451.3937377506158	-3152.048297545043
988207656.8678	-44235603.74951027	7740655.5722752465	-40589094.26137855	-3665.5268203462215	451.3684526029305	-3151.9158408383423
988207756.8678	-44602149.30979943	7785791.172335731	-40904279.31191667	-3665.384756882078	451.3436236145467	-3151.785521886184
988207856.8678	-44968680.77430953	7830924.31180071	-41219451.43530066	-3665.244896157229	451.3192387167207	-3151.6572893347916
988207956.8678	-45335198.36075876	7876055.034493272	-41534610.837671176	-3665.107187320658	451.29528625817665	-3151.53109346204
988208056.8678	-45701702.28185835	7921183.383091509	-41849757.720275536	-3664.9715810743705	451.27175498736824	-3151.4068861131836
988208156.8678	-46068192.74546492	7966309.39916764	-42164892.2796214	-3664.8380296145842	451.24863403563023	-3151.2846206395966
988208256.8678	-46434669.95472708	8011433.123225487	-42480014.707624406	-3664.70648657556	451.22591290116964	-3151.164251840361
988208356.8678	-46801134.10822653	8056554.594736403	-42795125.19175017	-3664.5769069759567	451.20358143384664	-3151.045735906554
988208456.8678	-47167585.40011389	8101673.852173702	-43110223.91515079	-3664.449247167563	451.1816298207026	-3150.929030368085
988208556.8678	-47534024.02023956	8146790.933045686	-43425311.05679618	-3664.3234647862882	451.16004857219133	-3150.8140940429507
988208656.8678	-47900450.15427982	8191905.873927322	-43740386.79160041	-3664.199518705302	451.13882850907487	-3150.70088698878
988208756.8678	-48266863.983858205	8237018.710490649	-44055451.29054339	-3664.077368990208	451.1179607499474	-3150.5893704565497
988208856.8678	-48633265.68666267	8282129.477533957	-44370504.720787905	-3663.956976856151	451.097436699351	-3150.4795068463577
988208956.8678	-48999655.4365584	8327238.209009816	-44685547.245792456	-3663.8383046267645	451.07724803645397	-3150.3712596651458
988209056.8678	-49366033.40369679	8372344.93805199	-45000579.025419876	-3663.7213156948583	451.0573867042568	-3150.26459348628
988209156.8678	-49732399.754620336	8417449.697001304	-45315600.21604207	-3663.6059744847735	451.03784489930206	-3150.1594739108805
988209256.8678	-50098754.65236407	8462552.517430507	-45630610.970640846	-3663.4922464163124	451.01861506185725	-3150.055867530833
988209356.8678	-50465098.25655331	8507653.430168163	-45945611.4389053	-3663.38009787017	450.9996898665486	-3149.9537418933737
988209456.8678	-50831430.72349813	8552752.465321647	-46260601.76732557	-3663.2694961547973	450.98106221341965	-3149.8530654671895
988209556.8678	-51197752.206284486	8597849.652299251	-46575582.099283405	-3663.1604094746253	450.96272521939414	-3149.7538076099495
988209656.8678	-51564062.8548623	8642945.019831462	-46890552.57513945	-3663.052806899587	450.9446722101209	-3149.6559385371993
988209756.8678	-51930362.81613055	8688038.595991438	-47205513.332317546	-3662.946658335871	450.9268967121818	-3149.559429292551
988209856.8678	-52296652.23401946	8733130.408214739	-47520464.50538613	-3662.841934497857	450.909392445644	-3149.46425171911
988209956.8678	-52662931.24956998	8778220.483318295	-47835406.226136744	-3662.7386068811716	450.89215331693913	-3149.3703784320714
988210056.8678	-53029200.00101063	8823308.847518725	-48150338.623659976	-3662.6366477368124	450.87517341205216	-3149.2777827924424
988210156.8678	-53395458.6238317	8868395.526449947	-48465261.824418746	-3662.5360300462967	450.85844699000535	-3149.186438881825
988210256.8678	-53761707.2508572	8913480.545180168	-48780175.95231915	-3662.436727497783	450.8419684766219	-3149.0963214782173
988210356.8678	-54127946.01231431	8958563.928228274	-49095081.128778934	-3662.338714463124	450.82573245855605	-3149.007406032783
988210456.8678	-54494175.03590069	9003645.699579615	-49409977.472793676	-3662.241965975805	450.8097336775757	-3148.919668647542
988210556.8678	-54860394.4468495	9048725.882701244	-49724865.101000816	-3662.1464577097354	450.79396702508615	-3148.833086053948
988210656.8678	-55226604.367992476	9093804.500556618	-50039744.12774154	-3662.0521659588435	450.77842753688276	-3148.7476355923
988210756.8678	-55592804.919820935	9138881.575619783	-50354614.66512068	-3661.9590676174566	450.7631103881211	-3148.6632951919587
988210856.8678	-55958996.220544845	9183957.12988907	-50669476.82306467	-3661.867140161409	450.74801088849523	-3148.5800433523327
988210956.8678	-56325178.38615009	9229031.184900304	-50984330.70937762	-3661.7763616298685	450.73312447761333	-3148.4978591245904
988211056.8678	-56691351.530453876	9274103.761739586	-51299176.42979559	-3661.6867106078353	450.71844672056164	-3148.4167220940776
988211156.8678	-57057515.765158534	9319174.881055623	-51614014.088039204	-3661.598166209291	450.70397330364807	-3148.3366123633964
988211256.8678	-57423671.199903525	9364244.563071644	-51928843.78586451	-3661.5107080609664	450.6897000303165	-3148.25751053613
988211356.8678	-57789817.942316	9409312.827596907	-52243665.62311232	-3661.4243162867065	450.67562281722456	-3148.179397701173
988211456.8678	-58155956.0980597	9454379.694037847	-52558479.697755955	-3661.338971492397	450.6617376904771	-3148.1022554176457
988211556.8678	-58522085.77088245	9499445.18140883	-52873286.10594757	-3661.2546547514435	450.648040782008	-3148.0260657003737
988211656.8678	-58888207.06266219	9544509.308342556	-53188084.94206299	-3661.1713475907704	450.6345283261041	-3147.9508110058964
988211756.8678	-59254320.073451705	9589572.093100138	-53502876.29874521	-3661.089031977314	450.6211966560636	-3147.8764742189887
988211856.8678	-59620424.90152189	9634633.553580832	-53817660.26694659	-3661.007690305005	450.608042200985	-3147.803038639674
988211956.8678	-59986521.643403895	9679693.70733146	-54132436.93596972	-3660.9273053822035	450.5950614826785	-3147.7304879707085
988212056.8678	-60352610.3939299	9724752.571555547	-54447206.39350709	-3660.8478604195757	450.5822511126964	-3147.6588063055115
988212156.8678	-60718691.246272765	9769810.163122134	-54761968.72567961	-3660.7693390183954	450.5696077894752	-3147.5879781165327
988212256.8678	-61084764.291984566	9814866.498574331	-55076724.017073885	-3660.6917251592517	450.55712829558655	-3147.5179882440248
988212356.8678	-61450829.62103392	9859921.59413761	-55391472.35077849	-3660.6150031911443	450.544809495091	-3147.4488218852216
988212456.8678	-61816887.32184234	9904975.465727812	-55706213.80841913	-3660.539157820954	450.5326483309902	-3147.3804645838895
988212556.8678	-62182937.481319495	9950028.128958924	-56020948.47019281	-3660.4641741032724	450.52064182277405	-3147.312902220248
988212656.8678	-62548980.184897475	9995079.599150605	-56335676.41490097	-3660.3900374305736	450.50878706405825	-3147.2461210012343
988212756.8678	-62915015.516564116	10040129.891335493	-56650397.71998168	-3660.3167335237204	450.497081220308	-3147.180107451111
988212856.8678	-63281043.558895394	10085179.020266263	-56965112.461540915	-3660.244248422791	450.4855215266447	-3147.1148484023906
988212956.8678	-63647064.39308688	10130227.000422508	-57279820.71438295	-3660.1725684782036	450.4741052857325	-3147.0503309870724
988213056.8678	-64013078.09898434	10175273.84601737	-57594522.552039884	-3660.1016803421435	450.46282986574084	-3146.9865426281776
988213156.8678	-64379084.75511348	10220319.571004009	-57909218.04680034	-3660.0315709602687	450.45169269837936	-3146.923471031564
988213256.8678	-64745084.43870893	10265364.189081846	-58223907.269737326	-3659.962227563687	450.44069127700345	-3146.8611041780237
988213356.8678	-65111077.225742385	10310407.713702647	-58538590.29073536	-3659.893637661198	450.42982315478645	-3146.799430315636
988213456.8678	-65477063.190949984	10355450.158076415	-58853267.17851681	-3659.8257890317855	450.4190859429563	-3146.738437952382
988213556.8678	-65843042.40785895	10400491.535177106	-59167938.00066756	-3659.7586697173488	450.40847730909394	-3146.6781158489966
988213656.8678	-66209014.948813595	10445531.85774818	-59482602.82366189	-3659.6922680156717	450.3979949754907	-3146.6184530120595
988213756.8678	-66574980.885000475	10490571.138308002	-59797261.71288679	-3659.626572473616	450.38763671756294	-3146.5594386873054
988213856.8678	-66940940.28647303	10535609.389155064	-60111914.73266547	-3659.5615718805248	450.3774003623206	-3146.5010623531607
988213956.8678	-67306893.22217546	10580646.622373074	-60426561.94628037	-3659.497255261846	450.36728378688866	-3146.4433137144797
988214056.8678	-67672839.75996612	10625682.849835906	-60741203.41599549	-3659.43361187294	450.3572849170791	-3146.3861826964876
988214156.8678	-68038779.96664008	10670718.083212394	-61055839.20307811	-3659.370631193099	450.3474017260103	-3146.3296594389135
988214256.8678	-68404713.90795138	10715752.333970988	-61370469.36782001	-3659.308302919737	450.33763223277384	-3146.2737342903133
988214356.8678	-68770641.64863439	10760785.61338429	-61685093.96955799	-3659.246616962769	450.3279745011456	-3146.218397802572
988214456.8678	-69136563.25242485	10805817.932533465	-61999713.066694	-3659.1855634391595	450.3184266383394	-3146.163640725571
988214556.8678	-69502478.78208041	10850849.302312525	-62314326.71671467	-3659.125132667636	450.3089867938026	-3146.1094540020326
988214656.8678	-69868388.29940042	10895879.73343248	-62628934.97621033	-3659.065315163571	450.29965315805083	-3146.0558287625204
988214756.8678	-70234291.86524539	10940909.236425404	-62943537.90089356	-3659.006101634009	450.29042396154125	-3146.002756320592
988214856.8678	-70600189.53955594	10985937.821648365	-63258135.54561724	-3658.9474829728524	450.2812974735823	-3145.950228168106
988214956.8678	-70966081.38137123	11030965.499287266	-63572727.96439216	-3658.8894502561857	450.27227200127885	-3145.898235970669
988215056.8678	-71331967.44884694	11075992.279360566	-63887315.2104042	-3658.831994737743	450.2633458885114	-3145.846771563222
988215156.8678	-71697847.79927278	11121018.171722904	-64201897.33603098	-3658.7751078445103	450.25451751494853	-3145.7958269457627
988215256.8678	-72063722.4890897	11166043.186068643	-64516474.392858215	-3658.718781172454	450.2457852950896	-3145.745394279193
988215356.8678	-72429591.57390651	11211067.331935292	-64831046.43169561	-3658.6630064823785	450.2371476773393	-3145.695465881298
988215456.8678	-72795455.10851613	11256090.618706862	-65145613.5025923	-3658.6077756959053	450.22860314311026	-3145.646034222834
988215556.8678	-73161313.14691158	11301113.055617116	-65460175.654851995	-3658.553080891565	450.220150205955	-3145.5970919237448
988215656.8678	-73527165.7423014	11346134.65175275	-65774732.93704772	-3658.49891430101	450.21178741072384	-3145.5486317494833
988215756.8678	-73893012.94712478	11391155.41605647	-66089285.39703615	-3658.4452683053287	450.20351333275005	-3145.500646607442
988215856.8678	-74258854.81306636	11436175.35733001	-66403833.08197167	-3658.3921354314716	450.1953265770595	-3145.453129543487
988215956.8678	-74624691.39107063	11481194.484237058	-66718376.038320005	-3658.339508348775	450.18722577760514	-3145.406073738598
988216056.8678	-74990522.73135597	11526212.805306114	-67032914.31187164	-3658.287379865586	450.1792095965244	-3145.3594725056
988216156.8678	-75356348.8834284	11571230.328933267	-67347447.94775477	-3658.2357429259846	450.1712767234201	-3145.3133192859923
988216256.8678	-75722169.89609504	11616247.063384915	-67661976.99044806	-3658.1845906065937	450.1634258746621	-3145.26760764687
988216356.8678	-76087985.81747712	11661263.016800396	-67976501.48379304	-3658.1339161134824	450.1556557927111	-3145.222331277929
988216456.8678	-76453796.69502288	11706278.197194584	-68291021.47100617	-3658.083712779154	450.1479652454622	-3145.177483988558
988216556.8678	-76819602.57551996	11751292.612460375	-68605536.9946908	-3658.0339740596196	450.1403530256077	-3145.1330597050182
988216656.8678	-77185403.5051077	11796306.270371154	-68920048.0968486	-3657.9846935315477	450.1328179500198	-3145.089052467693
988216756.8678	-77551199.52928899	11841319.178583179	-69234554.81889084	-3657.9358648895	450.1253588591512	-3145.045456428423
988216856.8678	-77916990.692942	11886331.3446379	-69549057.20164946	-3657.8874819432376	450.1179746164529	-3145.002265847911
988216956.8678	-78282777.04033145	11931342.775964249	-69863555.28538784	-3657.8395386150987	450.11066410780995	-3144.9594750932
988217056.8678	-78648558.6151199	11976353.479880834	-70178049.10981123	-3657.7920289374547	450.1034262409925	-3144.917078635223
988217156.8678	-79014335.46037851	12021363.463598123	-70492538.7140771	-3657.744947050227	450.09625994512453	-3144.875071046417
988217256.8678	-79380107.61859769	12066372.734220533	-70807024.13680513	-3657.698287198481	450.0891641701659	-3144.8334469984043
988217356.8678	-79745875.13169752	12111381.298748506	-71121505.416087	-3657.6520437300715	450.08213788641086	-3144.7922012597373
988217456.8678	-80111638.04103796	12156389.164080504	-71435982.58949605	-3657.6062110933617	450.07518008400064	-3144.751328693704
988217556.8678	-80477396.3874287	12201396.33701498	-71750455.69409658	-3657.5607838349965	450.06828977244913	-3144.7108242561935
988217656.8678	-80843150.2111389	12246402.824252283	-72064924.76645306	-3657.5157565977393	450.06146598018313	-3144.6706829936174
988217756.8678	-81208899.55190673	12291408.632396536	-72379389.84263892	-3657.471124118361	450.05470775409475	-3144.6309000408896
988217856.8678	-81574644.44894868	12336413.767957453	-72693850.95824555	-3657.4268812255877	450.0480141591069	-3144.591470619455
988217956.8678	-81940384.94096862	12381418.237352127	-73008308.14839065	-3657.383022838102	450.0413842777507	-3144.552390035377
988218056.8678	-82306121.06616664	12426422.046906764	-73322761.44772674	-3657.339543962594	450.0348172097548	-3144.513653677472
988218156.8678	-82671852.86224787	12471425.202858388	-73637210.89044926	-3657.296439691862	450.0283120716461	-3144.4752570154933
988218256.8678	-83037580.36643098	12516427.711356502	-73951656.51030457	-3657.253705202969	450.0218679963613	-3144.437195598362
