1051160040.0	-1.979060471057892e-09	-1.3969838619232178e-09	-9.313225746154785e-10	-4.547473508864641e-13	0.0	1.3642420526593924e-12
1051160050.0	-1.5133991837501526e-09	-1.1059455573558807e-09	-9.313225746154785e-10	-4.547473508864641e-13	-3.410605131648481e-13	1.0231815394945443e-12
1051160090.0	-2.2118911147117615e-09	-1.6589183360338211e-09	-1.3969838619232178e-09	-6.821210263296962e-13	-4.547473508864641e-13	1.9326762412674725e-12
1051160250.0	7.095513865351677e-08	-3.3818650990724564e-08	-3.902241587638855e-07	3.055902197957039e-10	1.8121681932825595e-10	3.419131644477602e-11
1051160531.3329778	9.646968101151288e-05	4.574400372803211e-05	-4.8972200602293015e-05	2.6676389097701758e-08	3.7044856071588583e-09	-6.05311925028218e-08
1051160793.282742	0.00011777755571529269	5.0002941861748695e-05	-9.048916399478912e-05	3.1284798751585186e-08	2.9999682737980038e-09	-7.805294899299042e-08
1051161087.6033839	4.402466583997011e-05	1.0540243238210678e-06	-0.00012645870447158813	6.971731636440381e-08	2.984495495184092e-08	-5.2274231165938545e-08
1051161380.6645344	0.00011922488920390606	2.2089574486017227e-05	-0.00024143420159816742	6.592449608433526e-08	1.3382191355049144e-08	-1.2737325505440822e-07
1051161672.5246894	0.00010278308764100075	1.7974525690078735e-07	-0.00030721165239810944	7.135054147511255e-08	1.2318309927650262e-08	-1.4922420632501598e-07
1051161963.0618178	7.438450120389462e-05	-2.5424407795071602e-05	-0.00035654869861900806	7.349967745540198e-08	1.095060042644036e-08	-1.6284479897876736e-07
1051162251.942221	8.343160152435303e-05	-4.149647429585457e-05	-0.00046808342449367046	3.652746727311751e-08	-1.553806328047358e-08	-1.9112349036731757e-07
1051162538.4159023	9.118905290961266e-05	-6.732181645929813e-05	-0.0006269783480092883	-3.102434220636496e-08	-5.689781801265781e-08	-2.058209247479681e-07
1051162820.7078377	3.055809065699577e-05	-9.612157009541988e-05	-0.0005964669398963451	-9.012012469611363e-09	-3.827956618351891e-08	-1.7403181118424982e-07
1051163093.3955003	-1.3317912817001343e-06	-0.00010969443246722221	-0.0005721488705603406	1.2241045510563708e-08	-2.0345908069430152e-08	-1.435514604963828e-07
1051163351.2427028	-1.252954825758934e-05	-0.00012131268158555031	-0.000599593564402312	1.4344436749524903e-08	-1.2587349829118466e-08	-1.0909798220382072e-07
1051163649.8969635	-5.6002289056777954e-05	-0.00015378044918179512	-0.0006397763499990106	1.9547542251530103e-08	-6.926370588189457e-09	-9.495920494373422e-08
1051163947.5546763	-8.493335917592049e-05	-0.0001704827882349491	-0.0006407576147466898	5.3116423259780277e-08	1.2848772712459322e-08	-9.174709703074768e-08
1051164244.3926176	-0.00012756465002894402	-0.00020379468332976103	-0.0006878944113850594	7.215419373096665e-08	2.5661620384198613e-08	-8.152551345119718e-08
1051164540.0352775	-0.00018851296044886112	-0.00025055918376892805	-0.0007507679983973503	9.175232662528288e-08	3.945535809180001e-08	-6.783420758438297e-08
1051164833.7722703	-0.00020986609160900116	-0.0002662023762241006	-0.000768901314586401	1.4372744772117585e-07	6.38704023003811e-08	-9.543066425976576e-08
1051165124.0876607	-0.0001505694817751646	-0.00023069194867275655	-0.0007601696997880936	2.189451606682269e-07	8.833865194901591e-08	-1.9242315829615109e-07
1051165406.7057863	-4.795461427420378e-05	-0.0001773338663042523	-0.000787567812949419	2.8223143999639433e-07	9.797054190130439e-08	-3.3156214840346365e-07
1051165688.5850271	1.2183212675154209e-05	-0.00015927874483168125	-0.0008730283007025719	3.083357569266809e-07	8.78115997693385e-08	-4.631840795354947e-07
1051165972.3646026	9.472646343056113e-05	-0.0001356750726699829	-0.000996521208435297	3.024661054951139e-07	5.2677251005661674e-08	-6.301076354020552e-07
1051166230.7440759	0.00021985569037497044	-9.884347673505545e-05	-0.0011782143265008926	2.6577117751003243e-07	-6.004142960591707e-09	-8.282861472252989e-07
1051166534.2392516	0.0003080539172515273	-9.351863991469145e-05	-0.0014146589674055576	1.3676253729499876e-07	-1.177043031930225e-07	-1.0281734148520627e-06
1051166836.312118	0.0003742824774235487	-0.00011536106467247009	-0.0017279218882322311	-6.111804395914078e-08	-2.6569500732875895e-07	-1.2121737427150947e-06
1051167136.7916865	0.00033922912552952766	-0.0001999738160520792	-0.002067210618406534	-3.087568529736018e-07	-4.28331645707658e-07	-1.3239268810139038e-06
1051167435.3986472	0.0002668744418770075	-0.00032053422182798386	-0.00248346826992929	-6.280513389356202e-07	-6.238457217477844e-07	-1.393518232362112e-06
1051167731.7043257	3.1859613955020905e-05	-0.000517665408551693	-0.0028142204973846674	-9.422765288036317e-07	-7.931348022793827e-07	-1.34057404466148e-06
1051168024.9932756	-0.0002426900900900364	-0.0007529901340603828	-0.0032270413357764482	-1.3241428860055748e-06	-9.899533353063816e-07	-1.229430608873372e-06
1051168313.8683262	-0.0006676148623228073	-0.0010379834566265345	-0.0034498957684263587	-1.636622414480371e-06	-1.1242514403875248e-06	-9.979562491935212e-07
1051168594.7634141	-0.0011468338780105114	-0.0013576450292021036	-0.0036920580168953165	-1.9702664530996117e-06	-1.2576772121519753e-06	-6.984400897636078e-07
1051168850.4514911	-0.0016740052960813046	-0.0016911020502448082	-0.0038629085174761713	-2.2607174088307147e-06	-1.357603537144314e-06	-3.5247808227723e-07
1051169149.7041644	-0.0023428150452673435	-0.002078128745779395	-0.0038904743269085884	-2.5188114705088083e-06	-1.4044506997379358e-06	1.7524803297419567e-07
1051169446.7933544	-0.003070410806685686	-0.0024676392786204815	-0.00375484605319798	-2.683679667825345e-06	-1.3842619637216558e-06	7.755506885587238e-07
1051169741.7404321	-0.003794808406382799	-0.0028108148835599422	-0.0033854590728878975	-2.7081179041488213e-06	-1.2795208021998405e-06	1.3989122180646518e-06
1051170034.3150991	-0.004562022630125284	-0.0031613998580724	-0.00292661739513278	-2.6616745572027867e-06	-1.1244278539379593e-06	2.074208850899595e-06
1051170324.0490072	-0.0052405428141355515	-0.003415977000258863	-0.0022294544614851475	-2.457541313560796e-06	-8.888478078006301e-07	2.6994691779691493e-06
1051170609.8916248	-0.005931694759055972	-0.0036588358925655484	-0.0014328802935779095	-2.170797870348906e-06	-6.036965487510315e-07	3.337403995828936e-06
1051170888.9331754	-0.006392588489688933	-0.0037312817548809107	-0.0004316205158829689	-1.7372697129758308e-06	-2.655490334291244e-07	3.813629348314862e-06
1051171146.766041	-0.006843489361926913	-0.0037964507355354726	0.0005779014900326729	-1.2806151516997488e-06	8.050824362726416e-08	4.262059945858709e-06
1051171426.416933	-0.007197929022368044	-0.0037683474365621805	0.00178809417411685	-6.687409950245637e-07	5.046750857218285e-07	4.6553636821045075e-06
1051171688.6559699	-0.00730242911959067	-0.0035935213090851903	0.003019553143531084	-1.9476829038467258e-08	9.145051080849953e-07	4.861299260028318e-06
1051171983.6067195	-0.007188924471847713	-0.0032634244998916984	0.004412911366671324	7.956068657222204e-07	1.3907209677199717e-06	4.918755280414189e-06
1051172277.3472458	-0.00678841513581574	-0.0027776139322668314	0.005763635970652103	1.6283065633615479e-06	1.8367886696069036e-06	4.765064772982441e-06
1051172569.8959516	-0.006151667330414057	-0.002173186745494604	0.007029091939330101	2.448864506732207e-06	2.242330765511724e-06	4.434919674167759e-06
1051172861.2100396	-0.0054114400409162045	-0.0015085239429026842	0.00830066972412169	3.292429255452589e-06	2.6429536887917493e-06	4.009971689811209e-06
1051173151.0904287	-0.004413409624248743	-0.000727648613974452	0.009409694699570537	4.077478479302954e-06	2.9751353451956675e-06	3.4009890441666357e-06
1051173439.0616323	-0.003163604997098446	0.00014492543414235115	0.010245501762256026	4.744917760035605e-06	3.2074984375185522e-06	2.620370651129633e-06
1051173724.0537281	-0.0017625116743147373	0.0010637275408953428	0.010870528174564242	5.319367176070955e-06	3.3662651119925613e-06	1.7319955532002496e-06
1051174003.3282663	-0.0002447539009153843	0.0020029388833791018	0.011252984317252412	5.7804850825959875e-06	3.4450254133844282e-06	7.632204415131127e-07
1051174266.2298858	0.00130119314417243	0.0028888557571917772	0.011271028779447079	6.054588418180629e-06	3.4153993055952014e-06	-2.1413575268525165e-07
1051174565.0392412	0.003111602272838354	0.003897002898156643	0.011138168280012906	6.301806706687785e-06	3.32587734419576e-06	-1.4254594589147018e-06
1051174863.029475	0.004973671864718199	0.004859659122303128	0.010611515026539564	6.355136065394618e-06	3.1175314916254138e-06	-2.6795478333951905e-06
1051175160.309698	0.0067634484730660915	0.005683479248546064	0.0095724374987185	6.14697989931301e-06	2.7676970830725622e-06	-3.892786480719224e-06
1051175456.6074197	0.008541896473616362	0.006460309727117419	0.008320542052388191	5.827333666275081e-06	2.350850422772055e-06	-5.123730716150021e-06
1051175751.411867	0.010126149747520685	0.007045358885079622	0.006643619388341904	5.27597512700595e-06	1.8227090095024323e-06	-6.244527412491152e-06
1051176043.7040868	0.011625346960499883	0.007540221733506769	0.004748044069856405	4.595953441821621e-06	1.226631525241828e-06	-7.336376825151092e-06
1051176331.0558952	0.012767183594405651	0.00776811370451469	0.0025217197835445404	3.711424142238684e-06	5.544677605939796e-07	-8.214715421672736e-06
1051176604.3845322	0.013714315253309906	0.007868778222473338	0.00021092919632792473	2.7495202630234417e-06	-1.407945546816336e-07	-8.982414499314473e-06
1051176893.023353	0.014404672023374587	0.007758934865705669	-0.0024356241337955	1.562822944833897e-06	-9.399460623171763e-07	-9.621794593073218e-06
1051177168.7843075	0.01461133296834305	0.007367385551333427	-0.005111561622470617	2.9820898816979025e-07	-1.7261190805584192e-06	-9.959406639836743e-06
1051177454.8062905	0.014511006302200258	0.006767768762074411	-0.00795990601181984	-1.1300928690616274e-06	-2.5720601115608588e-06	-1.0120193906004715e-05
1051177757.6003789	0.013868703623302281	0.00583669962361455	-0.010924179572612047	-2.732928351178998e-06	-3.453732119851338e-06	-9.945413239620393e-06
1051178058.8569214	0.012886224780231714	0.004714350448921323	-0.0138732073828578	-4.4141131638752995e-06	-4.335422204349015e-06	-9.535823892292683e-06
1051178358.3869412	0.011373056564480066	0.0033278940245509148	-0.01661830535158515	-6.088707550588879e-06	-5.14416251462535e-06	-8.762872084844275e-06
1051178655.8417702	0.009398302994668484	0.0017270809039473534	-0.019105371553450823	-7.721181646047626e-06	-5.865658124548645e-06	-7.658000185983838e-06
1051178950.6672447	0.006973554380238056	-5.996366962790489e-05	-0.02122143330052495	-9.245825140169472e-06	-6.462270931706371e-06	-6.220532668521628e-06
1051179241.8674653	0.004115473013371229	-0.00198419694788754	-0.02275888528674841	-1.0545147461016313e-05	-6.868906275769859e-06	-4.460818445295445e-06
1051179527.2469814	0.0009743678383529186	-0.00396070396527648	-0.023722374928183854	-1.1596324043239292e-05	-7.089957478001452e-06	-2.4703535927983467e-06
1051179799.6544287	-0.0022747782059013844	-0.005881584249436855	-0.024069812934612855	-1.2343308910089945e-05	-7.116382448657532e-06	-3.69686858903151e-07
1051180082.5968071	-0.005812773946672678	-0.007854318711906672	-0.02382362133357674	-1.283017135733644e-05	-6.945870268282306e-06	1.9854255697282497e-06
1051180380.6715239	-0.009610557928681374	-0.009829491842538118	-0.022811395581811666	-1.2952830047652242e-05	-6.5197032199648675e-06	4.591365495798527e-06
1051180676.5711182	-0.013336475472897291	-0.011613481678068638	-0.021010538563132286	-1.2637940926651936e-05	-5.84435542805295e-06	7.194218369477312e-06
1051180970.2185465	-0.016876785084605217	-0.013154674554243684	-0.018490985734388232	-1.1899998298758874e-05	-4.9440150178270414e-06	9.710376389193698e-06
1051181261.2727226	-0.02016856730915606	-0.014437661971896887	-0.015360438264906406	-1.0779019476103713e-05	-3.851440510516113e-06	1.2087811228411738e-05
1051181549.0065131	-0.023007681127637625	-0.01534007309237495	-0.011588227935135365	-9.24114283407107e-06	-2.5764061319932807e-06	1.417366593159386e-05
1051181831.623755	-0.025302276015281677	-0.015841114131035283	-0.007340507581830025	-7.363998065557098e-06	-1.1769749335144297e-06	1.5895736055426823e-05
1051182102.8226297	-0.02709956921171397	-0.016019163114833646	-0.002887357957661152	-5.293369213177357e-06	2.6700047328631626e-07	1.7271679155328457e-05
1051182384.5162047	-0.028282069717533886	-0.015747571596875787	0.002084130421280861	-2.851370481948834e-06	1.8449726439939695e-06	1.823801077449616e-05
1051182655.2743758	-0.028653619941906072	-0.015012568212114275	0.00705821393057704	-3.117663709417684e-07	3.371729690115899e-06	1.864274526042209e-05
1051182917.7993286	-0.028449267672840506	-0.013963948236778378	0.011952843982726336	2.265314606120228e-06	4.842771886615083e-06	1.8642502425336716e-05
1051183212.1258235	-0.027432411443442106	-0.012354795821011066	0.017355475574731827	5.246406090009259e-06	6.43871362626669e-06	1.8087008697875717e-05
1051183505.1935099	-0.02550127566792071	-0.010279421461746097	0.022465677000582218	8.174155027518282e-06	7.884229489718564e-06	1.690141277777002e-05
1051183797.0608195	-0.022763291373848915	-0.007824071682989597	0.027152559254318476	1.0966600029860274e-05	9.14680163077719e-06	1.5160620932874735e-05
1051184087.6062214	-0.019202410243451595	-0.0050260527059435844	0.031172080663964152	1.3491675645127543e-05	1.0151710171157902e-05	1.2868194517068332e-05
1051184376.4975799	-0.015021139290183783	-0.002003051107749343	0.03451327607035637	1.572610744915437e-05	1.0911159790794045e-05	1.0157972155866446e-05
1051184662.9882733	-0.010246328543871641	0.0011763654183596373	0.03689652425237	1.7520493770462053e-05	1.1346762917696651e-05	7.066160605972982e-06
1051184945.31314	-0.005138200707733631	0.004396629286929965	0.03849501733202487	1.894334883445481e-05	1.1528501360658083e-05	3.754956424018019e-06
1051185218.0917042	0.00014566071331501007	0.007505195215344429	0.03898003709036857	1.9810714803725205e-05	1.1375625547316304e-05	3.5171274248568807e-07
1051185475.2580487	0.005289440043270588	0.010372044052928686	0.03861554205650464	2.0231249294511144e-05	1.0987136874973658e-05	-2.9493446618289454e-06
1051185773.9216672	0.01128027169033885	0.013500127010047436	0.03708357666619122	2.0167408365523443e-05	1.0210383948106028e-05	-6.83741723150888e-06
1051186071.584448	0.017158957663923502	0.016359644941985607	0.034477340523153543	1.95536829323828e-05	9.133351909440535e-06	-1.0653968047336093e-05
1051186368.4295348	0.0227362341247499	0.018832928966730833	0.03074625227600336	1.8350216691942478e-05	7.756502441225166e-06	-1.427712049917318e-05
1051186664.082802	0.02784700714983046	0.02084758796263486	0.02600506553426385	1.6599213267909363e-05	6.122617037362943e-06	-1.760868963174289e-05
1051186957.8370506	0.03242596588097513	0.022404268383979797	0.020452975295484066	1.4388281670107972e-05	4.287706133254687e-06	-2.0617174413928296e-05
1051187248.1864597	0.036204346222803	0.023355826968327165	0.01412295363843441	1.1710340004356112e-05	2.2810532982475706e-06	-2.3127524741539673e-05
1051187530.894496	0.03909528267104179	0.02371212068828754	0.007327190134674311	8.707077540748287e-06	1.9340586732141674e-07	-2.5087958590575e-05
1051187812.0884959	0.041086850222200155	0.023471298220101744	9.171338751912117e-05	5.380691391110304e-06	-1.9739400158869103e-06	-2.6498241965100533e-05
1051188096.0144804	0.04203605474322103	0.02256270474754274	-0.007525857072323561	1.7384152215527138e-06	-4.199866793896945e-06	-2.726913733397396e-05
1051188354.9226848	0.04207667050650343	0.02123614482115954	-0.014614618383347988	-1.7514369119453477e-06	-6.229015411918226e-06	-2.7463545848149806e-05
1051188658.4271314	0.040942251798696816	0.019020299310795963	-0.02285110531374812	-6.009649723637267e-06	-8.560657875023026e-06	-2.694310330753069e-05
1051188960.5099683	0.03854348626919091	0.016139411134645343	-0.03078985307365656	-1.0293315426679328e-05	-1.0752390494417341e-05	-2.561155247349234e-05
1051189261.0009388	0.03477796958759427	0.012602172093465924	-0.038078207056969404	-1.443279029444966e-05	-1.2693457676959952e-05	-2.3395809421344893e-05
1051189559.6221087	0.029884366784244776	0.00856963568367064	-0.0445858386810869	-1.834524118748959e-05	-1.4362091349084949e-05	-2.0429880351002794e-05
1051189855.9453917	0.023975813761353493	0.0041383723728358746	-0.0501447522547096	-2.1929767058281868e-05	-1.5711627355585733e-05	-1.6771193713793764e-05
1051190149.2582262	0.017076703254133463	-0.0005981202702969313	-0.05433703260496259	-2.4958877247627242e-05	-1.661529361030034e-05	-1.243594806510373e-05
1051190438.1697752	0.009534346871078014	-0.005462045548483729	-0.05727013107389212	-2.744431350265586e-05	-1.7118724642273264e-05	-7.628618732269388e-06
1051190719.1423408	0.001576005481183529	-0.010259385453537107	-0.05860640651371796	-2.917278962399905e-05	-1.7130482802940605e-05	-2.508408442736254e-06
1051190975.2148898	-0.006024718750268221	-0.014614149229601026	-0.058690433274023235	-3.0213066118278675e-05	-1.678559954143566e-05	2.4216410565713886e-06
1051191274.4752493	-0.01510122511535883	-0.019494049716740847	-0.057108067092485726	-3.059048214026916e-05	-1.5859412769714254e-05	8.417390290560434e-06
1051191571.5745218	-0.024086242076009512	-0.023981670383363962	-0.05373976216651499	-3.0021881457287236e-05	-1.4395010452972201e-05	1.4403663953999057e-05
1051191866.531747	-0.032676061149686575	-0.027908763964660466	-0.04861240368336439	-2.8478136300691403e-05	-1.2416243180268793e-05	2.0167891307210084e-05
1051192159.1183374	-0.04061264730989933	-0.031163356266915798	-0.04191149864345789	-2.601743528884981e-05	-9.990909688895044e-06	2.5528402147756424e-05
1051192448.8674659	-0.04759760620072484	-0.03360278665786609	-0.03378239320591092	-2.2681465452478733e-05	-7.183620255091228e-06	3.0270882461991278e-05
1051192734.7325362	-0.05353940580971539	-0.035244743165094405	-0.02459239261224866	-1.8643370140125626e-05	-4.106897904421203e-06	3.432345181408891e-05
1051193013.8219823	-0.05817991297226399	-0.035994323652630555	-0.01461695320904255	-1.4028830037204898e-05	-8.683697387823486e-07	3.749763965288366e-05
1051193271.8856583	-0.06115761154796928	-0.035799932229565457	-0.004668921697884798	-9.244770808436442e-06	2.2516171611641767e-06	3.9541028201028894e-05
1051193551.5543303	-0.06305075343698263	-0.03474290372105315	0.006558129098266363	-3.6445746900426457e-06	5.698566837963881e-06	4.085485086591234e-05
1051193813.9105035	-0.06324552386649884	-0.032809895114041865	0.017294072546064854	1.8700895907386439e-06	8.877536629370297e-06	4.101769491171581e-05
1051194108.8653828	-0.06184791761916131	-0.029733450268395245	0.02926133992150426	8.232773552663275e-06	1.2334151506365743e-05	4.009634631074732e-05
1051194402.6093336	-0.05848462413996458	-0.025640137726441026	0.040676016360521317	1.4496809171760106e-05	1.5482639696529077e-05	3.785246747156634e-05
1051194695.1618925	-0.05331979598850012	-0.02069042925722897	0.051187440287321806	2.0458832750591682e-05	1.8229903275823744e-05	3.440683394728694e-05
1051194986.4800688	-0.04659967217594385	-0.015065537998452783	0.06058212206698954	2.5982752049458213e-05	2.053081669828316e-05	2.993042971866089e-05
1051195276.3656824	-0.038406405597925186	-0.008878144435584545	0.06851456593722105	3.0876003847879474e-05	2.228975478146822e-05	2.449835460538452e-05
1051195564.3442721	-0.0289796506986022	-0.002307367278262973	0.07476253248751163	3.500313164295221e-05	2.346223237736922e-05	1.828304334594577e-05
1051195849.3482516	-0.018572218250483274	0.004449117463082075	0.07904576405417174	3.820054109837656e-05	2.3990143198204805e-05	1.1469796163510182e-05
1051196128.6500125	-0.0075962054543197155	0.01112747029401362	0.0812140527414158	4.0362088498113735e-05	2.3866596734478662e-05	4.340635996413766e-06
1051196391.6554506	0.003174156416207552	0.01731497864238918	0.08142099625547417	4.150365720079208e-05	2.3196633890165685e-05	-2.6003795028373133e-06
1051196690.4658111	0.015589283313602209	0.024026082130149007	0.07944683823734522	4.17074074903212e-05	2.1789848119624367e-05	-1.059955889104458e-05
1051196988.4584215	0.027866902761161327	0.030218263622373343	0.07515958393923938	4.0738429333941895e-05	1.9739501112781e-05	-1.8462849084244226e-05
1051197285.7402703	0.03968131868168712	0.03572085953783244	0.06863935384899378	3.861590755604993e-05	1.709487435164192e-05	-2.598894207039848e-05
1051197582.0410897	0.050664396956562996	0.040340042556636035	0.059971841517835855	3.5356794683139015e-05	1.3909105405218725e-05	-3.294960538369196e-05
1051197876.850666	0.060388674261048436	0.043860156554728746	0.04930596612393856	3.100381741205638e-05	1.025679046051664e-05	-3.908113444595074e-05
1051198169.1515721	0.06870428333058953	0.04629070748342201	0.037140948697924614	2.578579119472124e-05	6.281857508838584e-06	-4.431363186085946e-05
1051198456.5224559	0.0753264359664172	0.0475394886743743	0.02384632034227252	1.9857605821016477e-05	2.10546920698107e-06	-4.847510217587114e-05
1051198729.9220335	0.07995042763650417	0.047582319588400424	0.010208587627857924	1.3580763834397658e-05	-2.0305166117395856e-06	-5.137911676911244e-05
1051199018.5720108	0.08275975269498304	0.04631261411122978	-0.004882145207375288	6.398024879672448e-06	-6.4688728116379934e-06	-5.3155292054185566e-05
1051199294.3805562	0.08355791604844853	0.04396199609618634	-0.019620313309133053	-8.134854851959972e-07	-1.0685072084015701e-05	-5.367843951376017e-05
1051199580.1669096	0.08221323520410806	0.04029649787116796	-0.03483991790562868	-8.50415517561487e-06	-1.4920079593139235e-05	-5.2863857490592636e-05
1051199882.9653848	0.07837479142472148	0.03513104165904224	-0.05046092486009002	-1.669721564212523e-05	-1.9142630321766774e-05	-5.0477724926167866e-05
1051200184.2262855	0.0722066331654787	0.02881959523074329	-0.06511614471673965	-2.4685826247150544e-05	-2.2966430492488143e-05	-4.661032107833307e-05
1051200483.7613442	0.06371995294466615	0.021465478464961052	-0.07829650165513158	-3.221318661417172e-05	-2.6243988656915462e-05	-4.125689952161338e-05
1051200781.2224336	0.053170441184192896	0.013285624561831355	-0.08962922845967114	-3.906826032107347e-05	-2.8882576600608445e-05	-3.456316153460648e-05
1051201076.0556808	0.040783706586807966	0.00449635274708271	-0.09865460405126214	-4.498863086155325e-05	-3.075799926932632e-05	-2.666354430402862e-05
1051201367.2678483	0.02699814084917307	-0.004615048412233591	-0.10517809970770031	-4.98235461918739e-05	-3.183473936019254e-05	-1.7823483858592226e-05
1051201652.6690874	0.01228383556008339	-0.013739959336817265	-0.1089881956577301	-5.3401939737796056e-05	-3.207194106380484e-05	-8.341244438270223e-06
1051201925.1386596	-0.0025698579847812653	-0.022389107383787632	-0.10988173054647632	-5.5520033484413034e-05	-3.145299280049585e-05	1.2594628060469404e-06
1051202207.7925255	-0.018395289313048124	-0.031091229990124702	-0.10814022098202258	-5.640648726057407e-05	-2.9998710886047775e-05	1.1554841876204591e-05
1051202505.8759841	-0.03510658489540219	-0.03967261151410639	-0.10310877044685185	-5.569850708297963e-05	-2.751168824488559e-05	2.2494005406770157e-05
1051202801.7826186	-0.0512199173681438	-0.04730321513488889	-0.09487658157013357	-5.326239818259637e-05	-2.4107372610160382e-05	3.306982466710906e-05
1051203095.4385666	-0.06625608308240771	-0.0537601561518386	-0.08370972704142332	-4.917206490517856e-05	-1.9890494627361477e-05	4.295382245800283e-05
1051203386.5023911	-0.07974885869771242	-0.058836109936237335	-0.06991708325222135	-4.3531999608603655e-05	-1.4982728657741973e-05	5.18202373314125e-05
1051203674.2492278	-0.09130336320959032	-0.06238992867292836	-0.05394120514392853	-3.652860323200002e-05	-9.543384635435359e-06	5.939120535458642e-05
1051203956.8892403	-0.10049212444573641	-0.06427785234700423	-0.03630862757563591	-2.8400594601407647e-05	-3.7655757978427573e-06	6.536818750646489e-05
1051204228.153456	-0.10708387405611575	-0.06455724377883598	-0.018013961147516966	-1.9649657815534738e-05	2.0342582729426795e-06	6.959331761891008e-05
1051204509.8626543	-0.11127354245400056	-0.06314576853765175	0.001959610730409622	-9.769483085619868e-06	8.168182603185414e-06	7.218761470539903e-05
1051204780.6718285	-0.112571994526661	-0.06014519929885864	0.021611157804727554	2.214492269558832e-07	1.3995142126077553e-05	7.283768837851312e-05
1051205042.8646609	-0.11129580461420119	-0.0558007312938571	0.04060201998800039	1.0111993788086693e-05	1.9436397451499943e-05	7.176304916356457e-05
1051205337.1963747	-0.10678523918613791	-0.04928792733699083	0.06128421612083912	2.119811392731208e-05	2.5141788682958577e-05	6.849130829778005e-05
1051205630.26879	-0.09903989476151764	-0.04119163891300559	0.08058493258431554	3.183894250469166e-05	3.018588961367641e-05	6.308150216227659e-05
1051205922.140496	-0.08837149059399962	-0.03178671561181545	0.09799520904198289	4.173668730800273e-05	3.444257004048268e-05	5.57639518774522e-05
1051206212.6913825	-0.07491778000257909	-0.021283201407641172	0.11282488750293851	5.05139851156855e-05	3.772179780980878e-05	4.667196935770335e-05
1051206501.590378	-0.05922329006716609	-0.010049750562757254	0.12477030325680971	5.7973833463620394e-05	3.998328057264189e-05	3.618457913034945e-05
1051206788.092813	-0.04174152109771967	0.0015818323008716106	0.1334484415128827	6.388773988419416e-05	4.115856152608899e-05	2.462724410179362e-05
1051207070.4399307	-0.02310661831870675	0.013227903749793768	0.138745587435551	6.815667046566887e-05	4.127239037643449e-05	1.2426848570612492e-05
1051207343.2793746	-0.004158402793109417	0.02436959813348949	0.14045446801901562	7.061862363855198e-05	4.0340167743124766e-05	1.4996089703345206e-07
1051207599.9839003	0.014090164098888636	0.03450703248381615	0.13898657995741814	7.141521186326827e-05	3.856498966570143e-05	-1.1561319752217969e-05
1051207898.6530619	0.0352802025154233	0.045560488011687994	0.13351107074413449	7.044955100354855e-05	3.543789205195935e-05	-2.5089611881412566e-05
1051208196.3187535	0.05578558845445514	0.055461614625528455	0.1240361793898046	6.743492826899455e-05	3.124858289993426e-05	-3.805379105870088e-05
1051208493.169136	0.0750645687803626	0.06396757287438959	0.11091070738621056	6.251472620988352e-05	2.613998390188499e-05	-5.0133099421145744e-05
1051208788.8298956	0.09259146405383945	0.07084867905359715	0.0945043507963419	5.583785582530254e-05	2.0256133325347037e-05	-6.101750295783859e-05
1051209082.5968814	0.10778123699128628	0.0758428531116806	0.07519462052732706	4.754907240567263e-05	1.3746369290856819e-05	-7.03566691981905e-05
1051209372.9697576	0.12025649356655777	0.07886845903703943	0.05368419224396348	3.796146347667673e-05	6.828665163993719e-06	-7.794444547926105e-05
1051209655.7390513	0.12955935939680785	0.07983234227867797	0.03085652692243457	2.7470872282719938e-05	-2.2062465632188832e-07	-8.351617179869208e-05
1051209936.4704342	0.13562100706622005	0.07872782432241365	0.006882892455905676	1.6142874983415822e-05	-7.3589171734056436e-06	-8.704479864718451e-05
1051210220.4941682	0.13841738311748486	0.07557271490804851	-0.018071061000227928	4.034504399896832e-06	-1.4553129517480556e-05	-8.852754318411371e-05
1051210479.7507826	0.1379327372997068	0.07093645900022238	-0.04096742393448949	-7.345910489675589e-06	-2.0946398535670596e-05	-8.798619484196024e-05
1051210783.2596058	0.13365135923959315	0.063491789274849	-0.06723082577809691	-2.081368916151405e-05	-2.8070924486200965e-05	-8.502745038185822e-05
1051211085.3492839	0.12534609250724316	0.054018074879422784	-0.09208705136552453	-3.399149136384949e-05	-3.4549700785646564e-05	-7.954663044529298e-05
1051211385.8481045	0.11325276899151504	0.04278478980995715	-0.1148278652690351	-4.651811650546733e-05	-4.020257233605662e-05	-7.168041747718235e-05
1051211684.4779387	0.09768340084701777	0.030094775138422847	-0.13479818007908762	-5.8042763612320414e-05	-4.486378054480156e-05	-6.16100003298925e-05
1051211980.81285	0.07901187660172582	0.016285170102491975	-0.15134827559813857	-6.820089765824378e-05	-4.8367707648822034e-05	-4.955841382070503e-05
1051212274.1417038	0.057785792741924524	0.0017667198553681374	-0.16396263777278364	-7.667226543617289e-05	-5.059531211060175e-05	-3.586056868698506e-05
1051212563.0785887	0.03465763106942177	-0.012983204331248999	-0.17209027102217078	-8.309942603546006e-05	-5.1421768020532e-05	-2.0932493043801514e-05
1051212844.1030709	0.010677542071789503	-0.027378295548260212	-0.17580027366057038	-8.739816996694572e-05	-5.092490019364959e-05	-5.435376351670129e-06
1051213100.4334484	-0.012014459352940321	-0.04024223447777331	-0.17533044138690457	-8.94536406050861e-05	-4.93052525598614e-05	9.233186347046285e-06
1051213399.6986568	-0.03881446598097682	-0.05453426530584693	-0.17004508699756116	-8.947295060579563e-05	-4.60029860960276e-05	2.6634383630153025e-05
1051213696.8051112	-0.06499003851786256	-0.06747286394238472	-0.15952364425174892	-8.673775948864204e-05	-4.120563801279786e-05	4.3629672518363805e-05
1051213991.7694645	-0.08977584354579449	-0.07870548067148775	-0.1442089988850057	-8.137842087307945e-05	-3.508460781631584e-05	5.970970028101874e-05
1051214284.3645505	-0.11244650837033987	-0.08790457632858306	-0.12455559521913528	-7.354316016972007e-05	-2.781884006708424e-05	7.437901558660087e-05
1051214574.1244028	-0.1322926115244627	-0.09476980660110712	-0.10111289052292705	-6.34420835012861e-05	-1.9621401861513732e-05	8.71485108291381e-05
1051214860.00478	-0.14872191683389246	-0.09911371895577759	-0.07467191573232412	-5.1429303539407556e-05	-1.0771767506412289e-05	9.761200931279745e-05
1051215139.1262778	-0.161251004319638	-0.10086654746919521	-0.046315550804138184	-3.8029802908567945e-05	-1.631611098673602e-06	0.00010544394922362699
1051215397.3465419	-0.1692973499884829	-0.10014833117020316	-0.018420637119561434	-2.4443445454380708e-05	7.0456355842907215e-06	0.00011028451820038754
1051215677.0288743	-0.1739754912268836	-0.0968722672550939	0.012810084037482738	-8.80242896528216e-06	1.6454371120744327e-05	0.00011280696827498105
1051215939.4651595	-0.17423917591804639	-0.09139014384709299	0.04239238426089287	6.36854701951961e-06	2.5037601744770654e-05	0.00011240308327842286
1051216234.4219917	-0.16987395018804818	-0.08267736679408699	0.07506444025784731	2.35578029332828e-05	3.416984134219092e-05	0.00010883180254950275
1051216528.1686417	-0.16054324759170413	-0.07144484668970108	0.10608357284218073	4.028794523946999e-05	4.241541012106609e-05	0.00010198016570939217
1051216820.723407	-0.14652328263036907	-0.058019681833684444	0.13455996150150895	5.605863407254219e-05	4.953175107402785e-05	9.207432208313548e-05
1051217112.0443313	-0.12807576428167522	-0.042733512818813324	0.15953645179979503	7.03409134530375e-05	5.526079240780746e-05	7.934473296700162e-05
1051217401.9333436	-0.10582934832200408	-0.02607679762877524	0.18032190180383623	8.27291394216445e-05	5.945861684608644e-05	6.425163678613899e-05
1051217689.9168949	-0.08054761728271842	-0.008567813783884048	0.19648356176912785	9.294921369473741e-05	6.207070246944113e-05	4.733044079330284e-05
1051217974.9296669	-0.05292373010888696	0.009272556519135833	0.20736387476790696	0.00010062249947395685	6.297655885845188e-05	2.908347073571349e-05
1051218254.250044	-0.024075894616544247	0.02677689678966999	0.21280998329166323	0.00010560630533973381	6.223693387141793e-05	1.0257583653583424e-05
1051218517.3253087	0.004047524183988571	0.04288343642838299	0.2130867233790923	0.00010790838424767912	6.00964747263788e-05	-7.885602826718241e-06
1051218816.1358453	0.03629139484837651	0.060263814870268106	0.20770050177816302	0.00010767901795816215	5.603831459666253e-05	-2.8511165055533638e-05
1051219114.1289169	0.06793084274977446	0.07614809833467007	0.1962689368519932	0.00010438079118557653	5.0346271109447116e-05	-4.85173759443569e-05
1051219411.411858	0.0980968801304698	0.09010110492818058	0.179111696081236	9.813100609790126e-05	4.318821959259367e-05	-6.737420244462555e-05
1051219707.7146555	0.12583305360749364	0.10163853119593114	0.15655269986018538	8.903798959636333e-05	3.473704668977007e-05	-8.449843107882771e-05
1051220002.5268962	0.15040844399482012	0.11049919796641916	0.12941152974963188	7.746202140879177e-05	2.527667686536006e-05	-9.94790470940643e-05
1051220294.8343699	0.17104818089865148	0.11639020737493411	0.09847295936197042	6.373546648319461e-05	1.5081971014296869e-05	-0.00011186891299530544
1051220582.2179397	0.1871037995442748	0.11916117278451566	0.06489126244559884	4.837464575757622e-05	4.516081162364571e-06	-0.00012130868856274901
1051220855.6663316	0.19823406415525824	0.11902957101119682	0.030831638257950544	3.241020499444858e-05	-5.804361194350349e-06	-0.00012764973871526308
1051221144.3246775	0.20501851354492828	0.11578041489701718	-0.0065724668093025684	1.443155679226038e-05	-1.6746681808399444e-05	-0.00013121825849538027
1051221420.1661111	0.20649543759645894	0.10971646185498685	-0.042847784236073494	-3.421138444537064e-06	-2.698994705951918e-05	-0.0001314929867248793
1051221705.7916386	0.202788254362531	0.10052374901715666	-0.08001323649659753	-2.218438453382987e-05	-3.7133258274479886e-05	-0.00012851295628024673
1051222008.5932411	0.19312832097057253	0.0877819424495101	-0.1179720088839531	-4.191983907730901e-05	-4.7116318796724954e-05	-0.00012177661437817733
1051222309.8572894	0.17765139415860176	0.07224951777607203	-0.15314762573689222	-6.083211769691843e-05	-5.5938611694728024e-05	-0.00011141188247165701
1051222609.3956639	0.1568100203294307	0.054376790300011635	-0.18453179905191064	-7.83943203259696e-05	-6.335132331969362e-05	-9.76916130639438e-05
1051222906.8606198	0.13110203109681606	0.034645182779058814	-0.21108861127868295	-9.404589150108222e-05	-6.909215818495795e-05	-8.091881340988039e-05
1051223201.7000552	0.10136129101738334	0.013668021652847528	-0.23209683154709637	-0.00010734716795468557	-7.300710387880827e-05	-6.160273551358841e-05
1051223492.9207946	0.06855043629184365	-0.007908025057986379	-0.24704618391115218	-0.00011793932310411037	-7.500455858178157e-05	-4.033803497804911e-05
1051223778.336631	0.033792797941714525	-0.02934846095740795	-0.25544687104411423	-0.00012544644283707385	-7.500646435687486e-05	-1.7841748558566906e-05
1051224050.8475646	-0.00101010175421834	-0.04956437973305583	-0.25728077240637504	-0.00012965464058822818	-7.312475111120875e-05	4.65704761154484e-06
1051224333.3038021	-0.03783457446843386	-0.06968985986895859	-0.25257903325837106	-0.00013074411469915503	-6.921448800767394e-05	2.8459744726205827e-05
1051224631.3927397	-0.07647563796490431	-0.08942384948022664	-0.2403750808443874	-0.0001281697518038527	-6.298909147517406e-05	5.3437228643815615e-05
1051224927.3043697	-0.11351791163906455	-0.10688799107447267	-0.2210431930143386	-0.00012176950963294075	-5.4786565215181326e-05	7.7328503039098e-05
1051225220.9650797	-0.14781371550634503	-0.12151199334766716	-0.19502896117046475	-0.0001116452707492499	-4.4813273348154326e-05	9.935520279213961e-05
1051225512.035817	-0.17834870819933712	-0.13288001215551049	-0.16318939812481403	-9.813042947826034e-05	-3.3390093335583515e-05	0.0001188316398383904
1051225799.7921199	-0.204274398740381	-0.14071341877570376	-0.1266049244441092	-8.170020373654552e-05	-2.0897743638670363e-05	0.00013518298112558114
1051226082.4485573	-0.22472959687002003	-0.14476161243510433	-0.08654124476015568	-6.294416539276426e-05	-7.78284493208048e-06	0.0001478311493201545
1051226353.7576665	-0.23917706706561148	-0.14514159192913212	-0.045223457738757133	-4.298147064218938e-05	5.252627715890412e-06	0.00015644462951058813
1051226635.4792606	-0.2481995391426608	-0.14175717742182314	-0.0003994130529463291	-2.071463404718088e-05	1.8896909523391514e-05	0.00016134773498777122
1051226906.3232467	-0.2508861392561812	-0.13493932143319398	0.043461954686790705	1.5906894077488687e-06	3.175966082835657e-05	0.0001620309073473436
1051227168.290087	-0.24759451259160414	-0.12504826637450606	0.0855408925563097	2.3453484573110472e-05	4.361775813777058e-05	0.00015876439448447854
1051227462.6249003	-0.2371132984990254	-0.11038381629623473	0.13113507442176342	4.770458326674998e-05	5.590762475549127e-05	0.00015060539715250343
1051227755.6999168	-0.21975347655825317	-0.09240812226198614	0.1734976889565587	7.078417661432468e-05	6.667570266927214e-05	0.0001379662157887651
1051228047.5752647	-0.19604283571243286	-0.07164597208611667	0.21145488554611802	9.202771298078005e-05	7.562219587953223e-05	0.00012126465981054935
1051228338.1298729	-0.16656146082095802	-0.048656130908057094	0.24381115683354437	0.00011076591249548073	8.245321322419841e-05	0.00010096376558976772
1051228627.0342574	-0.13221567356958985	-0.02413794631138444	0.26961072674021125	0.00012644554726648494	8.697987669847862e-05	7.773009019729216e-05
1051228913.5444356	-0.0942085706628859	0.0011286386288702488	0.2883642442757264	0.00013874516048417718	8.91771490145743e-05	5.239586789684836e-05
1051229195.9066944	-0.05375942448154092	0.026314018527045846	0.29937004658859223	0.0001472415172543151	8.896553173087796e-05	2.581244029897789e-05
1051229468.7873596	-0.012891379185020924	0.05031622317619622	0.30290602800960187	0.00015196184520505085	8.661022417300046e-05	-7.09003643351025e-07
1051229725.1754082	0.026270394679158926	0.07204160559922457	0.2995996694662608	0.00015310230386944568	8.248064051485926e-05	-2.58164207025402e-05
1051230023.8500301	0.0716550787910819	0.09566850773990154	0.28762372548226267	0.00015034148299264416	7.542244873093296e-05	-5.460870193019218e-05
1051230321.5185579	0.11543763428926468	0.11679360317066312	0.2673116165678948	0.00014331750026030932	6.619323960421752e-05	-8.202209596674948e-05
1051230618.3717715	0.15639018081128597	0.13481162092648447	0.2391656714025885	0.00013222325696915505	5.504424689206644e-05	-0.00010731546285569493
1051230914.0375915	0.1933091867249459	0.14919360494241118	0.2040160265751183	0.00011740602371901332	4.230790989367961e-05	-0.0001297839464768913
1051231207.8130932	0.22520346380770206	0.1595963969011791	0.16303201531991363	9.938187440639012e-05	2.8384070560605323e-05	-0.00014887482495851145
1051231498.20164	0.2511072864290327	0.16572049411479384	0.11753590265288949	7.873320146245533e-05	1.370781058085413e-05	-0.00016404906284606113
1051231781.0127926	0.27019489649683237	0.16747457657766063	0.06952370051294565	5.6376249631284736e-05	-1.114305405280902e-06	-0.00017486791892906695
1051232061.4299506	0.28274204913759604	0.1651105021010153	0.019491432700306177	3.2544746090934495e-05	-1.59898698939287e-05	-0.0001815468006611809
1051232345.5199876	0.28843318299914245	0.15846102591603994	-0.032493204344064	7.217122629299411e-06	-3.0895767395122675e-05	-0.0001838996165304252
1051232605.0111828	0.287232076167129	0.14872221578843892	-0.08003994124010205	-1.644977237447165e-05	-4.405394349760172e-05	-0.0001820523551145925
1051232908.5219896	0.2780411241110414	0.13314141635783017	-0.1343149458989501	-4.4178221287438646e-05	-5.854761059254088e-05	-0.00017504250070032867
1051233210.616625	0.2606416321359575	0.11347121186554432	-0.18545811111107469	-7.108373506525822e-05	-7.160124130223267e-05	-0.00016293682449486369
1051233511.1207746	0.23546905582770705	0.09024598635733128	-0.231968367472291	-9.640813050282304e-05	-8.283380572038368e-05	-0.00014600717463508772
1051233809.7573203	0.20319009362719953	0.06411459459923208	-0.27243673405610025	-0.00011940568401769269	-9.189777716755998e-05	-0.00012466408338696056
1051234106.1004802	0.16484264796599746	0.03587087499909103	-0.3058056419249624	-0.00013946305307399598	-9.856381402073566e-05	-9.954183610716427e-05
1051234399.4402566	0.12145178997889161	0.006327081238850951	-0.3308823397383094	-0.00015587633060931694	-0.00010255269395997857	-7.128427978386753e-05
1051234688.393805	0.07456620177254081	-0.023533468367531896	-0.34714543749578297	-0.00016822610967892615	-0.00010380923319530666	-4.085897467120958e-05
1051234969.4536592	0.02610822906717658	-0.05256065679714084	-0.35431777223129757	-0.0001761687533416989	-0.00010237098888410401	-9.493394372839248e-06
1051235225.9587964	-0.019584466237574816	-0.07839650451205671	-0.3530196593492292	-0.00017959489312602273	-9.870959917179789e-05	2.0007551484013675e-05
1051235525.2278434	-0.07329785637557507	-0.10694258916191757	-0.3419095487333834	-0.0001787563622315247	-9.163124929045807e-05	5.466871789394645e-05
1051235822.3389312	-0.1255745030939579	-0.13273425097577274	-0.32064072601497173	-0.00017258473667425278	-8.170523881290137e-05	8.829703301671543e-05
1051236117.3088512	-0.17486909171566367	-0.15501126972958446	-0.28985339868813753	-0.0001612340690826386	-6.921550516381103e-05	0.00011986313211309607
1051236409.9102862	-0.21978168934583664	-0.17317054502200335	-0.25057711033150554	-0.00014508092044707155	-5.455546647681331e-05	0.00014842973951090244
1051236699.6771548	-0.2588706826791167	-0.18659417890012264	-0.20388864818960428	-0.00012454607917788962	-3.8151149851728405e-05	0.00017302091453075263
1051236985.5682821	-0.29101840034127235	-0.19496171653736383	-0.15145576931536198	-0.00010039426410912711	-2.0580592376973073e-05	0.00019289342003503407
1051237264.7117423	-0.3153911684639752	-0.1982189918635413	-0.09549335623160005	-7.371177616732894e-05	-2.5657793685240904e-06	0.00020751219830117407
1051237523.0384825	-0.3309704199200496	-0.19667200138792396	-0.040662139654159546	-4.685359408540535e-05	1.443955443392042e-05	0.00021630250802218143
1051237802.7285883	-0.3398019248561468	-0.1900658758240752	0.02050964580848813	-1.6150983128682128e-05	3.274659889029863e-05	0.00022040375952769864
1051238065.2194844	-0.34016408782918006	-0.17927572887856513	0.07826461922377348	1.3456668057187926e-05	4.9369645694241626e-05	0.00021894342904715813
1051238360.1782961	-0.331319949706085	-0.16212651878595352	0.1418165722861886	4.676510843637516e-05	6.690141560738994e-05	0.00021116072571203404
1051238653.927195	-0.3128673224709928	-0.14015288348309696	0.20189992897212505	7.896296119724866e-05	8.26020910835723e-05	0.00019709076309482043
1051238946.4839216	-0.28530130721628666	-0.11397842783480883	0.25672385515645146	0.00010905717635978363	9.598649876352283e-05	0.00017716259185363015
1051239237.8060735	-0.2495928721036762	-0.08443249808624387	0.3048436369281262	0.00013621736593449896	0.00010672062649064173	0.0001521114902516274
1051239527.6977557	-0.2066660923883319	-0.05232681334018707	0.34476654324680567	0.0001596052883314769	0.00011446251832580856	0.0001226545759891451
1051239815.6848992	-0.15785486763343215	-0.018644072115421295	0.3753305154386908	0.0001785449954923024	0.00011901050440599192	8.975918149189965e-05
1051240100.7037172	-0.10490175522863865	0.015527554554864764	0.3960447299759835	0.00019269303555802253	0.00012039510065164905	5.461525574901316e-05
1051240380.0369123	-0.04972641449421644	0.04895682469941676	0.4061979033285752	0.0002015911876469545	0.00011860410876352034	1.853246317295998e-05
1051240643.1602126	0.003899300005286932	0.07964279083535075	0.40658917839755304	0.00020543021218699664	0.00011420622973901118	-1.6074307495728135e-05
1051240941.9709457	0.0652165268547833	0.11263130302540958	0.3960141739808023	0.00020427514397169944	0.00010610353103857051	-5.5166315632959595e-05
1051241239.964985	0.12514929147437215	0.1426409794948995	0.37394511699676514	0.00019728484653569467	9.494116909536388e-05	-9.28335009575676e-05
1051241537.2491097	0.18205988639965653	0.1688789885956794	0.34112793020904064	0.0001847647544082065	8.108141219054232e-05	-0.0001280889664485585
1051241833.5537658	0.23432353790849447	0.19058989267796278	0.298466166947037	0.00016708699729406362	6.491991564416821e-05	-0.00015997037326087593
1051242128.3684485	0.2803157118614763	0.20706461963709444	0.24710616376250982	0.00014473043734142266	4.691037509019225e-05	-0.00018753057270259887
1051242420.6786262	0.31884462968446314	0.21797253098338842	0.18888437561690807	0.00011852482566609979	2.764806697541644e-05	-0.0002101308025430626
1051242708.0714648	0.3488313916604966	0.2231102300575003	0.12596710631623864	8.945524791670323e-05	7.803727157806861e-06	-0.00022720168055911927
1051242981.5525386	0.3692201152443886	0.2226126655295957	0.06222862983122468	5.934586579314782e-05	-1.1482099239401578e-05	-0.00023822194856393253
1051243270.2165397	0.38154992420459166	0.21637668780749664	-0.007487076800316572	2.5692337430882617e-05	-3.1802117405277386e-05	-0.0002440484034238466
1051243546.0793476	0.38399397177272476	0.2049412045162171	-0.07487282063812017	-7.534153610322392e-06	-5.071487510122097e-05	-0.0002437642475570101
1051243831.5935704	0.3769437914015725	0.18781041109468788	-0.14370635198429227	-4.224630924909434e-05	-6.933887459581456e-05	-0.0002375095211846201
1051244134.3972172	0.35869886516593397	0.16405782266519964	-0.21375536965206265	-7.851921691326424e-05	-8.750907500143512e-05	-0.00022419234562676138
1051244435.6635902	0.32981734280474484	0.1352580818347633	-0.2784232683479786	-0.00011304863164696144	-0.00010343222140818398	-0.00020430076256161556
1051244735.2044873	0.29114541807211936	0.10224827076308429	-0.3358506322838366	-0.00014486841814687068	-0.00011665749354961008	-0.00017836355505096435
1051245032.6727682	0.24378619622439146	0.06598091125488281	-0.38434197567403316	-0.00017305191101968376	-0.0001267860611164906	-0.0001470642257572763
1051245327.516159	0.18921809131279588	0.027549559716135263	-0.42258627992123365	-0.00019681444643993018	-0.00013354409082921848	-0.00011131703490718792
1051245618.7426744	0.12908235797658563	-0.01186529383994639	-0.44930415507405996	-0.0002153486638007962	-0.00013666811938861656	-7.215874279609125e-05
1051245904.1691052	0.0656947591342032	-0.05088154529221356	-0.46417951851617545	-0.00022826384400786992	-0.00013621218906223476	-3.1044565730553586e-05
1051246176.7091209	0.002442017663270235	-0.08754619536921382	-0.4671087092719972	-0.00023517005625706133	-0.00013236994374210553	9.83946597443719e-06
1051246440.0	-0.05975529830902815	-0.12155385175719857	-0.4592476834077388	-0.00023653087839647924	-0.00012551489101042534	4.99215450417978e-05
