1051160040.0	-680115.5851790947	187293.02177610213	3022637.345486988	1513.6310065311943	917.5378347659666	280.9958482782914
1051160050.0	-664968.1200805164	196465.24926358694	3025397.3103770628	1515.8536846312495	916.9026126130243	270.995569212228
1051160090.0	-604163.5002290563	233086.0953960044	3035435.793892345	1524.2435507581515	914.0590358408929	230.90589263727136
1051160250.0	-358073.4476447138	378142.81346428156	3059486.576043106	1549.7150357512733	897.8716527634116	69.51056348554086
1051160667.0858841	292371.27339255915	738230.4609308506	3000590.4224334373	1554.3301564809306	820.5414059715125	-350.5507715430332
1051161155.1833878	1029730.0972879004	1104659.1553046422	2714357.089231276	1447.244298413036	671.1211812080913	-814.4419274090219
1051161635.01353	1676657.209949199	1381024.1071839784	2226123.5937394425	1232.3257455943615	473.65234185475026	-1207.4615787407965
1051162104.4366286	2188010.7423206214	1551116.9244468452	1586083.73956353	933.4533404732385	246.87087804540386	-1502.761545629419
1051162443.307464	2461508.3257777086	1605294.6360862837	1050364.6671293837	675.8707227354533	72.019398256274	-1649.0352316739752
1051162860.5105503	2671637.25451483	1589938.5074514837	339278.76614824205	327.0719432718659	-145.05729399296158	-1743.6223362983355
1051163307.7093467	2730664.0787462476	1474794.2028844727	-443002.54307579924	-64.03576471240049	-366.86313256497476	-1736.149842042858
1051163698.0018346	2639550.634397581	1296967.0034555912	-1104336.1832052255	-400.60858869703554	-540.4985122425268	-1639.0787749813655
1051164197.765904	2337842.5183972674	979266.6693689725	-1869063.7675607286	-798.2956152942519	-722.2538125600621	-1401.2988349651896
1051164690.7857699	1860143.559707801	590409.973603937	-2479784.4685203927	-1126.8138401756512	-844.9764730255175	-1060.6653720986105
1051165175.3237303	1252704.640943814	164397.15706772965	-2896501.2488932232	-1364.8986945420118	-902.6086714802416	-649.1158037363649
1051165625.3412614	605463.4693258438	-242681.3975481097	-3094185.7034911173	-1496.3785601442348	-897.0089025088464	-224.95190488939465
1051166057.3407016	-52282.31526505506	-619387.410203373	-3100584.285039845	-1533.940730196088	-838.5286464983561	195.468323783719
1051166444.7480617	-640697.99053859	-927235.3291415995	-2952945.0433125906	-1491.8743884096384	-744.5050706290883	563.8346856731731
1051166945.2905378	-1352755.0235391571	-1258891.746824912	-2559163.0940405717	-1334.5126398490459	-571.8857056777888	999.5646382341451
1051167432.1661338	-1944310.534053381	-1487220.2789495387	-1983562.3497202946	-1080.0995226067128	-360.0006845240448	1350.49691747038
1051167902.3368651	-2378577.3047889224	-1602771.7660665286	-1286888.5866665144	-755.9942772141885	-128.39292555033856	1595.9262085081366
1051168333.6328732	-2631220.2137881108	-1610315.2184892162	-567349.2758930242	-409.35499364606676	93.83652289254398	1724.307760325275
1051168582.2948421	-2706622.271526081	-1571121.6549351371	-134375.270953183	-195.96083312621522	220.96133296844212	1752.3720288263016
1051169020.3117834	-2708294.9576501227	-1427017.8678669466	629420.8971478625	188.80238517456752	433.8623749642309	1717.0693727856165
1051169483.9560299	-2527832.410179705	-1178729.1388648264	1394420.2960385077	585.5487466671755	631.1418192614361	1563.4515982426863
1051169975.9373101	-2144257.4521149127	-826043.298566304	2098660.352471186	963.8290394690456	793.28544150796	1280.2231353632058
1051170457.7297745	-1604557.1693968766	-417432.8979333846	2628067.4955484956	1262.5104064075665	892.2021020122329	903.1662534469597
1051170783.2926375	-1167975.6839613763	-121396.95381480744	2874581.6399001516	1411.7371921405133	921.1223604420574	606.7085692940204
1051171224.9739512	-513690.1125491309	284963.64646759606	3047512.3020314234	1535.0782015793359	909.05541174842	172.0329023212301
1051171636.3095208	126180.57323856297	647479.760216235	3032728.9787722323	1561.6005309458096	845.360107832798	-243.5770934482
1051172061.8902028	780421.780175548	984402.5064837286	2839739.2197745824	1497.6567788252703	730.1282617327371	-658.7475618259359
1051172545.9958235	1466216.3394521072	1295558.5080886383	2415819.810796885	1317.4279185723128	547.1827652817522	-1081.082441269947
1051173019.5783347	2028846.615730988	1504123.7241411295	1821577.7587041776	1044.254750912301	328.38535150462957	-1412.7884306286803
1051173478.195744	2432993.3466000254	1601646.9315179202	1118745.3459094556	708.435334707668	94.70598189452932	-1634.4234132820397
1051173892.8864347	2656430.3686650502	1596064.377587535	416130.47755394166	364.51099765982747	-121.2783431111396	-1738.3033303285304
1051174244.2181741	2730900.502088063	1522065.9931366236	-198811.39613455598	58.29905711432199	-298.40012308035926	-1750.6852110235575
1051174631.0240213	2687972.434655051	1371196.2294950783	-865817.4849733866	-279.0178445118893	-478.3682497662195	-1684.364212897496
1051175131.8350307	2443369.791015337	1080406.1691456079	-1663757.0480867764	-690.7634699949184	-674.9156186849366	-1481.2424048118135
1051175626.7776612	2011816.0114344948	709107.7774238705	-2323339.568488411	-1041.4377505732746	-815.6099923442213	-1167.1673036236061
1051176114.2128284	1435798.341377378	290193.55277032504	-2798878.8892673035	-1307.0925307834402	-892.4804338559352	-772.1858223974145
1051176587.7083855	774003.7843274972	-137570.05774197876	-3062493.492442738	-1471.8302066818546	-903.7790611883282	-334.9735255453705
1051177033.5044959	100717.4154164964	-532056.6627359123	-3115600.100488742	-1533.1239525043231	-856.8733618593604	97.91709909808235
1051177443.2480278	-524634.5211858936	-866197.7276117614	-2994379.2409739676	-1505.917596566368	-766.9512763971996	491.2701471103197
1051177944.5289431	-1249170.2167946713	-1211787.9931568806	-2634180.2315777848	-1365.7357906016675	-602.7221689781773	936.6765664889112
1051178433.425355	-1861883.6954670493	-1457531.751383181	-2083466.0320059923	-1124.811198640449	-396.07727991689154	1302.3941588778753
1051178906.9686182	-2322583.159996027	-1591499.1934219257	-1400444.9789679523	-809.0492587664414	-166.1232279427179	1565.509395774122
1051179348.4045544	-2604306.840718173	-1614952.8984043214	-673220.9003405905	-460.32174067756944	60.672025835692736	1712.3659751355506
1051179768.7221205	-2722501.22632178	-1544171.334839082	58728.02371705006	-99.01485087208818	274.77159851058116	1754.0141476660056
1051180152.0876315	-2695807.9690348003	-1403196.9557339668	724445.766161246	238.0522250513618	457.95015007454595	1705.1815383376036
1051180651.0312868	-2470316.4283494754	-1121453.7636008617	1534642.5221766485	660.2008742918713	664.0142288149183	1520.285176299902
1051181140.9462385	-2054757.0191669064	-756702.7891752558	2209818.5367673766	1025.4704072333234	815.4056831214888	1217.6483785842843
1051181620.7567439	-1491644.1303207418	-341966.73115942127	2703531.572432437	1307.1174985172836	902.486222054284	827.031835845257
1051182087.1843188	-836026.0311682721	86131.89213937827	2988164.048024165	1487.3495021563876	922.1858890807762	385.9643541854968
1051182514.8678284	-181151.48341652483	473975.77483599033	3061646.8458744152	1559.646152374872	882.3698483419519	-44.11363555795408
1051182877.829579	384781.31216042844	781643.8905952862	2979280.145285058	1547.4500221821042	806.8082296194063	-408.0628940804846
1051183366.3139598	1115767.2163849112	1140034.660066499	2665868.314526155	1425.8059096883235	650.9800039992032	-866.5208010334202
1051183845.1608957	1748132.1790366108	1405125.172282134	2156069.9369067554	1198.9209209888568	449.39915086920547	-1249.085280977357
1051184313.125292	2240165.7726881076	1562845.2516086446	1501537.5764710775	891.6423698454768	220.85028553905187	-1531.2702264304035
1051184643.6523535	2493364.371116093	1607685.4781246528	971728.2051987537	636.0943051736856	49.80285502935575	-1664.9513577829953
1051185047.2803588	2682276.7140476694	1585360.3331486525	280028.47320672544	296.2042869596678	-159.71975443889568	-1747.2713598093512
1051185490.179879	2727768.0484231026	1465570.8037045274	-494519.38619761413	-91.3980336629689	-378.1014592406896	-1731.9326448425363
1051185901.6136197	2616965.040795064	1271937.8632413168	-1187332.5367700867	-444.39973126776124	-558.7107448594825	-1620.7790235776201
1051186400.944408	2294999.6751017272	946628.9730734269	-1939228.4146952736	-836.1893149531538	-735.4512662713267	-1371.244538084314
1051186893.3483988	1801251.5501584318	553154.6433744198	-2532086.643796446	-1156.1642237095498	-852.4251030027909	-1021.7527015608547
1051187376.7974836	1183444.183994653	125937.24304788213	-2927656.858446076	-1383.8868425545716	-904.1142239669215	-604.9614501433125
1051187815.2537359	547316.1287876926	-270270.27264662494	-3102590.6153740613	-1503.2007257860284	-894.1188463353868	-189.106933729772
1051188241.2099172	-102402.40966304476	-639910.2604465031	-3094772.86027426	-1533.0098445476267	-833.2579822211134	225.65346173097
1051188666.9552575	-746049.3042626665	-973282.4717105344	-2912235.1733074686	-1476.2938866386069	-725.3713030092257	627.919424082299
1051189165.4917578	-1443639.480141164	-1292570.4447816312	-2490398.6637950228	-1303.9140702410891	-547.0714610439118	1053.6707751329718
1051189650.6272802	-2015217.4778504083	-1507099.5290754857	-1893656.9046649076	-1037.5793158490608	-331.6487417325396	1391.516966612084
1051190117.7843988	-2425012.804724148	-1608434.7496253396	-1185868.6560238649	-706.3139448774936	-99.41881874800222	1621.4036168346333
1051190538.6639771	-2651217.995954686	-1604645.2695877186	-476468.57929007045	-363.14110074274276	117.57929417953042	1733.8160008976577
1051190892.9560548	-2725712.0917017437	-1531041.353075283	143263.64620970967	-55.67728984089837	296.68702754619056	1752.8357449989746
1051191277.2177149	-2682145.8396735573	-1381588.9044095296	808043.6414392716	281.8560019807994	478.25880212791236	1693.3459776361608
1051191775.419266	-2436066.6899517127	-1091187.6205841692	1607910.7426722941	699.8245220431255	679.9093396199423	1495.7769697645206
1051192264.392766	-2003610.4979964502	-720686.9908940747	2267219.420877113	1057.7709673430804	825.7473789975061	1183.0091724426652
1051192743.0884813	-1428556.8214100548	-303405.2192552433	2741442.128357186	1329.870638081045	906.755557494467	785.5749269283519
1051193207.8034409	-767249.9609159696	123713.62717204796	3004998.149553984	1499.3392876892626	920.5255390060704	341.7873936275309
1051193644.0093005	-96051.66921057217	517181.8947930789	3058456.75044527	1561.9600054157263	874.0655170429364	-98.00284984972555
1051194038.8334054	517841.4611692524	846069.5187257936	2941577.258567646	1534.3874028122293	784.7932903433601	-491.4548004382724
1051194525.8888382	1235339.1169728725	1190461.7651159416	2590823.185567741	1392.7032265139187	620.2392642801233	-939.2349444905844
1051195003.2470481	1845886.9447550566	1438554.239710963	2051471.226659618	1149.511258430701	412.8637587109526	-1306.1001227428728
1051195468.7793669	2309631.578495847	1577810.5976811466	1378197.1521269064	831.3246131307458	182.09061320068523	-1569.0214023186604
1051195908.0572801	2598867.991239906	1607732.9688901366	653068.8657653839	479.0280124375752	-46.32262522217046	-1714.987102388876
1051196309.826698	2722126.891891682	1547552.603856875	-46963.77612090594	132.25102584773842	-251.73135649417952	-1754.5513267922747
1051196679.0794724	2711188.922347574	1421538.482708315	-689087.6058225704	-190.95488203830124	-428.1362571001196	-1710.7507461783216
1051197163.718198	2518787.4924591086	1163734.2521723171	-1482168.6802992376	-597.566554422376	-628.8671737309433	-1541.8756617354984
1051197660.4749314	2127955.893425705	810252.534971051	-2180549.8991279555	-965.2914409896154	-784.8454704167572	-1251.8844161439201
1051198150.0755616	1581464.0789812081	400465.7922349239	-2703962.531693165	-1252.8132523309555	-878.5154262498334	-873.1044763419086
1051198527.9932574	1076250.0867514494	62016.23867634189	-2971115.037364257	-1410.8119072963873	-905.9239306087876	-535.5771349299308
1051198945.671985	463086.8596231906	-314612.5787058321	-3112029.4148055706	-1511.8586172196653	-889.3212859243383	-136.1878445770849
1051199359.9987036	-170108.95446557534	-671396.4675209289	-3084773.972356675	-1530.9678446634684	-825.2103122977555	267.19293562677075
1051199821.3877282	-863042.4189037298	-1025708.4133572187	-2860615.0027137804	-1455.9857366079864	-702.0611055848766	699.2487868491634
1051200317.6384294	-1543167.5045915735	-1330282.7110842054	-2408132.856674298	-1267.2223390780837	-517.3824130022402	1112.8974593167088
1051200800.6793407	-2091343.5638929168	-1528521.212109268	-1788965.168765446	-988.215682416731	-298.1453333912063	1435.280808533548
1051201263.9580336	-2473100.8026472535	-1613336.4628430558	-1070900.0491547429	-650.0749395757666	-65.65902922792493	1647.2253919491363
1051201667.6158165	-2669084.678933561	-1597811.9055847197	-383958.19344772835	-316.383731013668	142.46322668910298	1741.6411290049712
1051202117.2715843	-2723417.7468494275	-1482793.9881947914	403128.7529172036	76.49545412670669	366.60157887327256	1740.1537712643642
1051202516.6800698	-2623032.521631161	-1299516.5532896912	1081790.551914276	424.3458202646037	547.3613529171334	1643.4086327620817
1051203012.3430272	-2311138.3060128014	-980190.1505360294	1842441.266674919	826.1548047496909	732.7042644895375	1405.014559040955
1051203498.1125752	-1826113.631302101	-591209.973532521	2445280.831368087	1158.14641752001	858.5611385722583	1060.6520150952874
1051203972.8470914	-1215705.6658452246	-166872.7675473725	2852319.986056166	1397.6249343802763	918.0879519248457	643.2946998158199
1051204413.0256312	-568338.9954814628	238250.26225035096	3041622.766752853	1528.0851510829596	912.8154086129464	212.11759633970988
1051204832.8969476	83539.77368285318	610895.6689248551	3041543.80660802	1561.95434640363	853.6110918713396	-212.49521824391772
1051205232.8674427	700596.8480561532	933250.998814847	2877189.4481195104	1509.9651957124388	751.208948853729	-605.6285978954095
1051205718.3905258	1397206.9467431102	1257260.3919118987	2475712.823125666	1341.0381631693544	574.9240613529763	-1037.1976009952452
1051206193.4755553	1974979.574256621	1480746.87821833	1897706.8524379316	1076.4211710418924	360.2664174598174	-1380.7427210298742
1051206655.0167179	2397681.0094744447	1593900.7400508083	1202064.3158167454	744.971137648726	127.45690194370108	-1615.9454289600633
1051207081.289252	2641696.5670698066	1600935.85904529	484654.59736822895	394.6488761182463	-94.37223647144178	-1733.3253331928133
1051207328.8813931	2712967.8598384857	1561839.1082703099	52118.56327807415	180.25729026383627	-220.838829106154	-1754.8313354646054
1051207719.1888615	2716569.8129433584	1438296.610487282	-628497.4984575264	-161.5147647731382	-409.43110405052636	-1718.5529181033899
1051208181.9168341	2550308.3219968705	1202153.5030122334	-1393302.3921903297	-552.5294358916083	-605.1750353703975	-1568.4144303185763
1051208679.6473409	2179352.685468097	858018.6601795577	-2109363.604299091	-927.8649410042485	-768.406974305293	-1290.3624094215193
1051209170.1974651	1647808.8167620583	453545.0330424282	-2654872.3219993007	-1225.308251272289	-870.1535575351038	-919.9706245516677
1051209534.944441	1169711.862332786	128947.16163509658	-2932858.9263215587	-1387.0275745481686	-903.5005638172499	-599.1384426381412
1051209986.9575436	512208.57270712464	-279199.8470028792	-3107478.6378117474	-1506.6499460228297	-892.7930343330443	-169.4834011973466
1051210406.887398	-128746.0236198219	-643019.4669963724	-3092674.039945594	-1531.9863807886763	-832.009313205272	239.69251104587644
1051210847.9351323	-793700.0719417363	-986811.3808541526	-2894311.4007296595	-1468.0084048687668	-719.018814826069	655.3940201290415
1051211345.6235659	-1484231.3252068534	-1301972.0030011437	-2460492.45848999	-1288.7917039237293	-539.1331233888856	1076.9322985959323
1051211830.1204491	-2046350.2902396943	-1512115.632353733	-1854549.8623532176	-1017.0025372353936	-322.7638115180686	1409.2472417987926
1051212296.2161539	-2444770.8314887737	-1609048.5869542807	-1141616.8809372613	-682.3722720453392	-90.51607002960665	1632.5409712619983
1051212713.1717521	-2659042.457864329	-1601997.6825216867	-435627.0621681963	-340.27483644725424	124.41272565726426	1738.2523720276874
1051213164.4113538	-2724266.68686374	-1494339.0139792808	354386.6848849132	53.23321181233361	350.41197519682294	1744.1052245530232
1051213544.0823492	-2640848.4524076423	-1327624.6984800524	1003172.4797445296	384.7895681508676	524.5354133577249	1660.1070770111314
1051214040.5539664	-2346995.7590716644	-1017791.6561084719	1776308.704908238	791.4747037101312	715.4464350475632	1433.2602880047677
1051214527.256233	-1876191.3812654545	-634862.8222754289	2396293.071855135	1130.937743228654	848.0380856420193	1097.6171669343528
1051215003.1627262	-1275083.305730754	-212779.6198126108	2823297.7381511526	1379.6350161609432	914.7757238289981	685.4543962760345
1051215453.6128398	-618043.8819192715	201770.7818015951	3034477.186250522	1521.3469172409275	915.5493361945196	246.81148356549872
1051215878.4860202	40289.740471654004	580916.6587734427	3048119.2975020767	1562.186664743958	860.322605652838	-182.92321043393605
1051216240.4917773	600872.9508620084	877590.048053008	2916545.3818082255	1523.7267554125024	772.8335297347969	-541.3027428054887
1051216727.5668635	1310034.9566938523	1215033.511921934	2542804.6355254566	1369.2543723630354	603.8086265805389	-983.0768921634883
1051217204.1048735	1905840.94821521	1454174.3520053783	1985723.5534144277	1115.9323621946398	393.7757296123196	-1340.1114866781215
1051217668.3183503	2351019.1194405854	1583934.796891959	1301277.2661055853	791.1052441812899	162.2299508226253	-1591.142942883434
1051218103.552681	2619775.687672132	1605352.5112351016	575949.8477847885	437.9330042522739	-64.06854974663344	-1724.6380133946868
1051218525.9010123	2727846.998975661	1532585.0405624853	-161996.41332393693	71.78569271577695	-278.6205050334007	-1753.034695990129
1051218912.8156482	2690136.4453236787	1389029.2005103268	-830975.3189047697	-265.58386526102254	-460.2769155058389	-1691.2005377905907
1051219414.0747149	2451767.5891715107	1106202.947619571	-1634368.2722025437	-678.6238756233507	-660.40838290333	-1493.14694131986
1051219909.481312	2025308.4075545303	740631.9301285543	-2301463.5436091847	-1031.509216337235	-805.7376973205468	-1182.8653873658388
1051220397.3827143	1452916.732751455	324877.9615428247	-2785730.0406203335	-1299.97695293774	-887.8270875482585	-790.1369982424512
1051220872.8741733	790885.2838740001	-103734.16286372539	-3058866.2937321104	-1468.1200608288623	-904.3465620800013	-352.11289959802264
1051221320.3545424	116118.02588765048	-500972.62804889044	-3119447.880319378	-1531.9703410944335	-861.8384901864126	82.73442581516093
1051221721.9348421	-496853.9092916191	-831598.0035208071	-3008097.8414748344	-1507.9723348089917	-777.8436079666351	469.5750354402941
1051222223.7400787	-1224164.8591780446	-1184241.7301317784	-2657537.195177312	-1371.6102140592996	-618.307078471968	918.684921932518
1051222713.4274647	-1841477.0095247724	-1438854.6959984745	-2113569.076141371	-1133.5209408495891	-414.8602077171225	1289.3297220609095
1051223188.4389534	-2308105.576576154	-1582539.004545365	-1433292.6064251836	-819.1084507703589	-186.25624993892126	1558.1099316838295
1051223634.1370041	-2596618.4026323524	-1614892.1134636612	-700992.8365875242	-468.2973000171449	42.102575341656724	1710.7508892321382
1051223933.0310222	-2698795.5477793887	-1579312.0497200068	-182076.66035935382	-213.56839794166524	195.5269013494549	1753.2160465854236
1051224376.2959372	-2707381.1029322813	-1443838.0314963013	592603.9907578522	175.48119424127637	412.7442618639623	1723.5778152061841
1051224832.421968	-2537275.453072921	-1209251.0105452556	1350012.346492206	566.6063027209474	610.2787690742525	1578.5634798255003
1051225324.9679368	-2161927.613083072	-865058.4726660186	2064075.1567973334	947.7932784842923	778.2502676034625	1301.4252388131413
1051225807.3051306	-1628440.7791490196	-461630.9090000285	2605371.929291623	1250.399466170192	883.9659066062021	928.4371816363503
1051226177.6265062	-1132173.5767156323	-126355.00255250503	2887865.127702985	1419.7476135543109	919.9529987294951	591.3386340774713
1051226615.704897	-481039.5277415571	276390.12534714595	3053029.079628239	1537.2268394789203	909.0160433681543	158.61103622621425
1051227024.0110813	154077.44236681896	636569.0204964033	3033354.548617666	1559.445121423192	847.1405523947207	-254.52673473222947
1051227462.9091281	826401.4810504911	984311.2771555817	2826706.793023096	1487.9942779073867	729.1050009482864	-682.0128038385682
1051227946.6403824	1505293.247173823	1294800.0629940976	2392597.7851630514	1300.951175053996	546.4822634656481	-1101.0092663110206
1051228420.2903045	2058840.4047298913	1503134.1098671441	1789841.3056007444	1022.3011893997714	328.00957058835684	-1428.2217118233602
1051228879.0624934	2452136.251834666	1600604.5422729065	1080901.9007333484	682.789069754419	94.72390545730391	-1644.433138993819
1051229293.9454143	2664614.6542692278	1595104.9913206892	374926.17106665694	337.0921586860064	-120.88121819325247	-1742.8682413314455
1051229742.6081785	2728236.3126398195	1490052.8948125697	-410710.8908353025	-54.54789540902705	-344.6088539280409	-1740.3194109800404
1051230124.2758696	2644205.374848371	1324985.0552924918	-1060240.8170273094	-383.7442177642445	-516.8420737399173	-1650.1835459202853
1051230624.7249671	2350072.063584487	1017398.2876417079	-1833193.719277212	-783.444516567037	-704.0234043504857	-1418.619502599589
1051231118.3700427	1878386.724781278	635443.9055931194	-2454409.3170107384	-1114.999949441637	-833.4200176981351	-1082.4039098183184
1051231603.5701593	1274970.7428417548	212703.6720137669	-2882881.7911330205	-1356.7849680447762	-898.3434924631592	-673.1360747156988
1051232064.8633404	613761.9104578556	-204151.4523236501	-3094382.443738892	-1493.9991339698468	-898.956910624671	-238.88601734572137
1051232498.1084213	-45128.984355847715	-583865.5934016051	-3106421.729385182	-1532.7549055377676	-845.3510161274285	183.59160220437798
1051232877.6864727	-621554.1371191358	-889236.4729651128	-2967434.7808600054	-1492.994128795752	-757.581891972711	546.0709092324682
1051233378.7133582	-1335480.5696853627	-1229098.017860656	-2581267.9618415176	-1338.0071379934857	-590.0552931986489	985.5796790284037
1051233866.476508	-1930209.2207236935	-1467581.6410593297	-2010305.118711072	-1085.0734441814059	-381.4987547653034	1341.231031407623
1051234338.447147	-2368534.8450817247	-1594062.3707332497	-1314105.6185841737	-761.0337318504974	-151.05734446189186	1591.8115154838822
1051234775.9682097	-2626102.135486735	-1611084.2769280742	-584772.7264652248	-409.95521029895116	73.8954070416535	1725.2472930007516
1051235209.6112785	-2723110.6298186434	-1530980.587062049	173431.2283944326	-34.771358100856034	293.9368395364782	1754.0292464497945
1051235565.2559205	-2679866.0252801874	-1395982.8403453683	789451.7385892444	277.4123109066571	462.7981191749628	1698.3328289817616
1051236063.6465127	-2435866.6969381645	-1112457.5384590575	1592800.7151755379	695.6052687835538	667.5277838765574	1503.4388104654427
1051236552.8023531	-2005195.202147588	-746929.595444268	2256599.371089932	1054.0782890815908	817.3680157806589	1192.5598866949215
1051237031.6629701	-1431547.6539312697	-332450.0661245597	2735830.0727427597	1326.886064110715	902.9000959707126	796.1053625331175
1051237496.6636913	-771036.9380134024	94208.81312834927	3004466.6914348034	1497.1421096903848	921.2716277342623	352.2681037277196
1051237930.1530809	-104895.87355029302	486539.67428038485	3062646.705621785	1560.311423981945	879.4559224714062	-85.2655691359337
1051238326.6160747	511082.14380812773	819622.3156922887	2949820.517469063	1533.5840421624932	793.5529754382934	-481.3630635981487
1051238813.8984735	1228736.6403541553	1169391.5982673536	2603356.1369584487	1392.7571226509378	632.7424829420075	-931.1335934976194
1051239291.8762206	1840231.4944302542	1424429.2272027314	2066556.5044224702	1150.0670575989934	427.8906715713524	-1300.6192625441429
1051239758.5594171	2305370.5051042237	1571339.599756396	1393495.8677767986	831.7840045005304	198.19571379905312	-1566.4091287365993
1051240200.9478215	2596433.6327707837	1608393.7583256075	663715.2599866809	477.49343316209513	-31.312064591526664	-1715.1897117991814
1051240436.8736168	2685403.670624053	1586587.6222884285	254302.70307247923	275.7211773689332	-153.1907992665413	-1750.2692318940885
1051240897.7553334	2719735.2255053045	1462919.1645437144	-551855.1390202879	-127.08956450276771	-380.13442480446696	-1728.1477322504652
1051241327.5485563	2585749.3674611812	1258224.2343336483	-1271101.7310220657	-492.92587742816136	-567.5048330572978	-1602.4652674578144
1051241826.5951896	2241430.0113942144	929377.5880763775	-2010386.2501950413	-877.4488663496892	-741.5227421459966	-1341.0931343004745
1051242318.4108902	1730376.5401892297	534113.3217979384	-2585377.4919456826	-1187.2898737744563	-855.5342939842595	-982.5854299865418
1051242800.6485618	1101965.5330950683	107180.8381604892	-2959637.841189427	-1402.9506022604942	-904.3038680015692	-560.3781407643769
1051243232.1245993	470518.70611251163	-282335.99608636537	-3113208.0877189506	-1509.7107812492684	-892.4404380243552	-148.07922453705064
1051243648.3986428	-164973.33616370114	-642881.850214559	-3090238.352865185	-1529.7163201737442	-831.9812020629967	257.97239171873287
1051244106.9744381	-853381.1634748527	-999204.5550234145	-2871966.2512287735	-1456.1160630816867	-713.4781916897924	688.9188358886298
1051244603.6912466	-1534468.4833327746	-1310605.710490793	-2423522.9526526937	-1268.3394108517398	-532.1145021015105	1105.3289109534885
1051245087.532629	-2084214.5793435413	-1516812.2435059978	-1806221.1891664371	-989.7699866594635	-314.7840381264898	1430.900732153169
1051245552.5720701	-2468007.33794156	-1609764.0780102815	-1086666.886113225	-650.953192510733	-82.42123575408672	1646.1632890971794
1051245965.509104	-2667341.0372797754	-1599831.9714873468	-383562.4553196363	-309.72650021599225	130.53529070829515	1743.8057596966557
1051246413.5409992	-2718840.709109066	-1490600.7240268406	401647.40274180553	81.53193001458348	354.7020073596391	1742.4108128177809
1051246440.0	-2716375.4934397093	-1481047.3663312013	447702.58520067873	104.80843600609437	367.41059231639497	1738.7719893601857
