1051160040.0	-1.979060471057892e-09	-1.3969838619232178e-09	-9.313225746154785e-10	-4.547473508864641e-13	0.0	1.3642420526593924e-12
1051160050.0	-1.5133991837501526e-09	-1.1059455573558807e-09	-9.313225746154785e-10	-4.547473508864641e-13	-3.410605131648481e-13	1.0231815394945443e-12
1051160090.0	-2.2118911147117615e-09	-1.6589183360338211e-09	-1.3969838619232178e-09	-6.821210263296962e-13	-4.547473508864641e-13	1.9326762412674725e-12
1051160247.9090564	8.109142072498798e-05	4.6936271246522665e-05	3.3956021070480347e-06	6.525397111545317e-09	-6.345658221107442e-09	-5.2889319590576633e-08
1051160446.5954771	9.443133603781462e-05	5.1932292990386486e-05	-1.0359566658735275e-05	3.0515820981236175e-09	-9.83902737061726e-09	-6.082572667764907e-08
1051160645.0353535	0.00015619397163391113	8.199922740459442e-05	-3.761285915970802e-05	-4.820549293071963e-09	-2.1782625481137075e-08	-9.993249250328518e-08
1051160843.357297	0.00013983715325593948	6.944278720766306e-05	-5.4517295211553574e-05	-1.1685187928378582e-08	-2.3642201085749548e-08	-8.912343218980823e-08
1051161041.851295	0.00017301877960562706	8.130539208650589e-05	-9.16915014386177e-05	-2.6445377443451434e-08	-3.598950115701882e-08	-1.0971973551932024e-07
1051161240.8073946	0.000168144004419446	7.38152302801609e-05	-0.00011640926823019981	-3.702712092490401e-08	-4.141622866882244e-08	-1.064892103386228e-07
1051161440.5332831	0.00021990970708429813	8.98134894669056e-05	-0.00018757814541459084	-6.852405931567773e-08	-6.53283223073231e-08	-1.3764565665042028e-07
1051161641.374555	0.0002322543878108263	8.606049232184887e-05	-0.00024429475888609886	-9.486393537372351e-08	-8.159150866049458e-08	-1.4409465620701667e-07
1051161843.7329277	0.00015510129742324352	4.9173133447766304e-05	-0.00020671868696808815	-7.797848411428276e-08	-6.315832479231176e-08	-9.791710908757523e-08
1051162048.0891898	9.735813364386559e-05	2.356152981519699e-05	-0.00016811629757285118	-5.972617600491503e-08	-4.6395030040002894e-08	-6.460231816163287e-08
1051162255.0670452	6.436510011553764e-05	8.571427315473557e-06	-0.0001479312777519226	-4.967432687408291e-08	-3.720916197380575e-08	-4.650291884900071e-08
1051162463.1288731	2.7762260288000107e-05	-3.055902197957039e-06	-9.926024358719587e-05	-2.559022505010944e-08	-1.987465481079198e-08	-2.7655914891511202e-08
1051162669.5127435	3.129756078124046e-05	-9.80030745267868e-06	-0.00014528073370456696	-4.7735909447510494e-08	-3.273397908287734e-08	-2.8806198315578513e-08
1051162874.6892333	7.5069256126880646e-06	-1.232558861374855e-05	-8.721870835870504e-05	-1.8723028460954083e-08	-1.4076675824981066e-08	-1.7790171114029363e-08
1051163079.0529374	7.680151611566544e-06	-2.8542475774884224e-05	-0.00017290841788053513	-6.104872340984002e-08	-3.742871967915562e-08	-1.3542148735723458e-08
1051163282.9598144	-8.33580270409584e-06	-4.797312431037426e-05	-0.00022693962091580033	-8.792459738060643e-08	-5.026106464356417e-08	-3.603872755775228e-10
1051163486.6981889	-3.290502354502678e-05	-6.844336166977882e-05	-0.0002607890637591481	-1.047026216838276e-07	-5.646660383717972e-08	1.734110810502898e-08
1051163690.5525556	-3.528036177158356e-05	-5.238899029791355e-05	-0.0001693512313067913	-5.6981207308126613e-08	-2.993874659296125e-08	1.3595354175777175e-08
1051163894.7852187	-4.413910210132599e-05	-5.425186827778816e-05	-0.00015257741324603558	-4.672972409025533e-08	-2.321110059710918e-08	1.819807948777452e-08
1051164099.6572765	-1.2800563126802444e-05	-1.9138678908348083e-05	-6.211944855749607e-05	2.909359864133876e-09	2.3578650143463165e-10	-7.4851413955912e-09
1051164305.4575888	2.3862812668085098e-05	1.2647476978600025e-05	-5.097594112157822e-06	3.642401225079084e-08	1.4108422874414828e-08	-3.508762347337324e-08
1051164512.4988542	4.966510459780693e-06	-4.77558933198452e-06	-3.9946287870407104e-05	2.1509549696929753e-08	7.990706762939226e-09	-2.250681063742377e-08
1051164721.1396011	3.7300633266568184e-05	1.8136226572096348e-05	-1.655053347349167e-05	3.8589860196225345e-08	1.310047537117498e-08	-4.687717591878027e-08
1051164931.8142501	3.6425190046429634e-05	1.5120836906135082e-05	-2.9759947210550308e-05	3.5789298635791056e-08	1.1113229447801132e-08	-4.8914444050751626e-08
1051165140.5274558	4.2786821722984314e-05	1.7132028006017208e-05	-3.8265716284513474e-05	3.5956645660917275e-08	9.747736839926802e-09	-5.6589442465337925e-08
1051165347.6328831	6.724311970174313e-05	3.0310542570077814e-05	-4.2370520532131195e-05	3.932200343115255e-08	7.791413736413233e-09	-7.696451120864367e-08
1051165553.5341451	6.017275154590607e-06	-9.93057619780302e-06	-7.015932351350784e-05	2.630440576467663e-08	6.980371836107224e-09	-4.21986214860226e-08
1051165758.5627038	-6.395333912223577e-05	-5.2106857765465975e-05	-8.18953849375248e-05	2.043361746473238e-08	1.0959183782688342e-08	-3.707143036990601e-09
1051165962.9926074	-0.00010810977255459875	-7.65649601817131e-05	-7.796753197908401e-05	2.3091160983312875e-08	1.63224740390433e-08	1.6494013266310503e-08
1051166167.0596644	-0.00012068438809365034	-8.22307774797082e-05	-7.002661004662514e-05	2.8579734134837054e-08	1.925536707858555e-08	1.544532324260217e-08
1051166370.9967196	-4.115153569728136e-05	-4.073162563145161e-05	-9.051477536559105e-05	2.3772145141265355e-08	5.231299837760162e-09	-4.37853486801032e-08
1051166575.0214219	-3.581587225198746e-05	-3.926618956029415e-05	-9.881565347313881e-05	1.9909066395484842e-08	5.712763595511205e-10	-5.668334779329598e-08
1051166779.3681182	3.094249404966831e-05	-1.0642921552062035e-05	-0.00014862511307001114	-2.7380337996874005e-09	-2.1959863261145074e-08	-1.0711653430917067e-07
1051166984.2772627	1.917337067425251e-05	-1.971377059817314e-05	-0.00016097957268357277	-1.2435975804692134e-08	-2.7885675990546588e-08	-1.0916528481175192e-07
1051167190.0375009	9.942334145307541e-06	-2.7863308787345886e-05	-0.0001761075109243393	-2.5013605409185402e-08	-3.567777184798615e-08	-1.1238830666115973e-07
1051167396.9917378	3.5206787288188934e-05	-2.476433292031288e-05	-0.00023557431995868683	-5.9580770539469086e-08	-5.969650374026969e-08	-1.348998921457678e-07
1051167605.5715828	3.732088953256607e-05	-3.291969187557697e-05	-0.0002847430296242237	-9.201141892845044e-08	-7.957316938700387e-08	-1.420594344381243e-07
1051167816.330936	-1.191766932606697e-05	-5.552591755986214e-05	-0.0002558513078838587	-8.987001365312608e-08	-7.387410505543812e-08	-1.1855490811285563e-07
1051168027.7248904	-2.2602267563343048e-05	-7.004919461905956e-05	-0.000300093088299036	-1.2362033885437995e-07	-9.238237197450871e-08	-1.1457541404524818e-07
1051168236.8153738	-2.0505860447883606e-05	-9.197252802550793e-05	-0.00042151520028710365	-1.9630300585049554e-07	-1.3367939288855268e-07	-1.1354882190062199e-07
1051168444.0414722	-6.140070036053658e-05	-0.00011931941844522953	-0.0004425334627740085	-2.2162504365041968e-07	-1.4325792108138558e-07	-8.793608685664367e-08
1051168649.8082184	-0.00010365061461925507	-0.00015545636415481567	-0.0005056528298155172	-2.6872051250848017e-07	-1.6434768213002826e-07	-5.750939635618124e-08
1051168854.4493911	-0.00015649199485778809	-0.00017434218898415565	-0.0004464188823476434	-2.549472029045319e-07	-1.5012932408353663e-07	-2.413548827462364e-08
1051169058.2695988	-0.0001945849508047104	-0.0001775918062776327	-0.0003492808900773525	-2.2107758468337124e-07	-1.2621836731341318e-07	-9.413270163349807e-11
1051169261.5485601	-0.0002412046305835247	-0.00020547234453260899	-0.00035594264045357704	-2.3980027208381216e-07	-1.2994109965802636e-07	3.647710400400683e-08
1051169464.5618566	-0.00030928291380405426	-0.0002528692129999399	-0.00040076859295368195	-2.785187689369195e-07	-1.417027988281916e-07	9.077029972104356e-08
1051169667.5973765	-0.00036248471587896347	-0.0002784379757940769	-0.00037555978633463383	-2.801159553200705e-07	-1.344018301097094e-07	1.338910351478262e-07
1051169870.9563342	-0.00038004759699106216	-0.00027205049991607666	-0.00028936448507010937	-2.4766802653175546e-07	-1.1231998087168904e-07	1.5258797247952316e-07
1051170074.9610062	-0.0004132436588406563	-0.00028128596022725105	-0.0002383524551987648	-2.325916739209788e-07	-9.761185992829269e-08	1.8463492779119406e-07
1051170280.0102881	-0.00044737826101481915	-0.0002913146745413542	-0.00018869247287511826	-2.1668461158697028e-07	-8.205654467019485e-08	2.186391157010803e-07
1051170486.5815613	-0.00045671011321246624	-0.0002835769555531442	-0.00012008333578705788	-1.8798618839355186e-07	-6.225138804438757e-08	2.36618234339403e-07
1051170690.6983694	-0.000516790896654129	-0.0003107693628408015	-8.277688175439835e-05	-1.7643878891249187e-07	-4.562730282486882e-08	2.893056034736219e-07
1051170892.8745345	-0.0005362413357943296	-0.00030972022250352893	-1.8960796296596527e-05	-1.475996214139741e-07	-2.4423684408247937e-08	3.141950628560153e-07
1051171093.5859413	-0.0005371185252442956	-0.0002971698995679617	4.957476630806923e-05	-1.1380643627489917e-07	-2.778392627078574e-09	3.265607233515766e-07
1051171293.2266638	-0.0006211532163433731	-0.00033340591471642256	0.00011119293048977852	-8.649931260151789e-08	2.5469830688962247e-08	3.9304217125391006e-07
1051171492.1297954	-0.0006338568346109241	-0.00032582576386630535	0.00018907897174358368	-4.559342414722778e-08	5.2381210480234586e-08	4.1174378395680833e-07
1051171690.5923718	-0.0006301713001448661	-0.0003086390206590295	0.00026828376576304436	-1.7619186110096052e-09	7.87938461144222e-08	4.1905178704837454e-07
1051171888.9108688	-0.0005411126185208559	-0.0002475971123203635	0.0003218655474483967	3.479544830042869e-08	9.05964725461672e-08	3.714438321367197e-07
1051172087.3758649	-0.0005951318889856339	-0.0002589871874079108	0.0004239859990775585	8.980214261100627e-08	1.299802079302026e-07	4.133650008952827e-07
1051172286.2774997	-0.0004946952685713768	-0.0001956755295395851	0.00045537669211626053	1.1797010301961564e-07	1.354746927972883e-07	3.5777668472292135e-07
1051172485.9229499	-0.0005332732107490301	-0.00019491743296384811	0.0005750036798417568	1.849407453846652e-07	1.7918807770911371e-07	3.865784492518287e-07
1051172686.6507025	-0.0005362627562135458	-0.00017450074665248394	0.0006911824457347393	2.5298936634499114e-07	2.189162842114456e-07	3.9122323869378306e-07
1051172888.8599489	-0.0005404474213719368	-0.0001492965966463089	0.0008360901847481728	3.3650098885118496e-07	2.670594199116749e-07	3.9370297599816695e-07
1051173093.0180202	-0.0005076061934232712	-0.00010522291995584965	0.0009690956212580204	4.166845428699162e-07	3.0858677746437024e-07	3.714128524734406e-07
1051173299.7318991	-0.00042614713311195374	-4.2623840272426605e-05	0.001053638057783246	4.755339659823221e-07	3.321742099160474e-07	3.188658865838079e-07
1051173507.9645028	-0.0003630327992141247	2.250424586236477e-05	0.0012064609909430146	5.686130180038163e-07	3.7654076834314765e-07	2.7282771952741314e-07
1051173714.4818002	-0.00022507132962346077	9.850808419287205e-05	0.0011920144315809011	5.808420269204362e-07	3.671651427339384e-07	1.8694163372856565e-07
1051173919.7456123	-8.827028796076775e-05	0.00016594864428043365	0.0011360720382072031	5.722994842471962e-07	3.4634368262231874e-07	1.0320195542590227e-07
1051174124.1683366	2.560298889875412e-05	0.00024151313118636608	0.0011915370687347604	6.191487216256064e-07	3.5853133795171743e-07	2.6763245841721073e-08
1051174328.1016358	0.00015145586803555489	0.0003101029433310032	0.0011744568473659456	6.302401729385565e-07	3.4940882187584066e-07	-5.4401652960223146e-08
1051174531.84565	0.0002678036689758301	0.0003553684800863266	0.0010633745696395636	5.938264280302974e-07	3.151181999783148e-07	-1.253235950571252e-07
1051174735.679836	0.00039076944813132286	0.0004222025163471699	0.0010457334574311972	6.050381671229843e-07	3.0590831556764897e-07	-2.0730021788040176e-07
1051174939.8666072	0.0004938999190926552	0.0004618624225258827	0.0009448362980037928	5.736042112403084e-07	2.753955641310313e-07	-2.7331429919286165e-07
1051175144.6841353	0.0005867308937013149	0.0004944507963955402	0.0008376794867217541	5.38633003088762e-07	2.438572437313269e-07	-3.340992407174781e-07
1051175350.3970807	0.0007428317330777645	0.0005837606731802225	0.0008387407287955284	5.609908839687705e-07	2.3579207208968e-07	-4.4347780203679577e-07
1051175557.3163515	0.0008675283752381802	0.0006393195362761617	0.0007566954009234905	5.39850816494436e-07	2.0726190541608958e-07	-5.299359600030584e-07
1051175765.8009411	0.0009222635999321938	0.000639267498627305	0.000592328142374754	4.735143193101976e-07	1.6194383078982355e-07	-5.690608304576017e-07
1051175976.2814689	0.000988213112577796	0.0006495195557363331	0.0004484551027417183	4.1720863919181284e-07	1.2033592611260246e-07	-6.187822236825014e-07
1051176185.1525176	0.0010521009098738432	0.0006589599943254143	0.00030650151893496513	3.608054157666629e-07	7.858341177779948e-08	-6.689630254186341e-07
1051176392.378576	0.0010544107062742114	0.000628829155175481	0.0001413365826010704	2.884605692088371e-07	3.516981905704597e-08	-6.800709115850623e-07
1051176598.3712854	0.0011338165495544672	0.000648052926408127	4.246365278959274e-06	2.3262668946699705e-07	-8.798110684438143e-09	-7.435925795107323e-07
1051176803.4697182	0.0012298112851567566	0.0006742053665220737	-0.00014618784189224243	1.6928765944612678e-07	-5.9202193369856104e-08	-8.184098589936184e-07
1051177007.9393927	0.0011816943006124347	0.00061553914565593	-0.0003100363537669182	8.972097020887304e-08	-1.01407636066142e-07	-8.015232708658004e-07
1051177212.02846	0.0011297887831460685	0.0005569893401116133	-0.0004619145765900612	1.3597627912531607e-08	-1.4148747595754685e-07	-7.837935527277295e-07
1051177415.9712132	0.0010463989456184208	0.0004838905297219753	-0.0005958108231425285	-5.779497769253794e-08	-1.7532227047922788e-07	-7.474531003026641e-07
1051177619.9809651	0.000982511555776	0.0004225752782076597	-0.0007262853905558586	-1.2921259440190624e-07	-2.1162327357160393e-07	-7.239808610393084e-07
1051177824.2815288	0.0009688043501228094	0.0003847035113722086	-0.0008840784430503845	-2.1448568077175878e-07	-2.6164889277424663e-07	-7.310670753213344e-07
1051178029.1360255	0.0008939760737121105	0.0003175600431859493	-0.0010123616084456444	-2.913593561970629e-07	-2.9958698632981395e-07	-6.998386652412592e-07
1051178234.8152558	0.0007998782675713301	0.00024219462648034096	-0.0011260570026934147	-3.651100541901542e-07	-3.3330042015222716e-07	-6.557986580446595e-07
1051178441.648245	0.0007549352012574673	0.00018316577188670635	-0.0013013179413974285	-4.701057605416281e-07	-3.899522198480554e-07	-6.385523647622904e-07
1051178650.0630684	0.0005987007170915604	8.443440310657024e-05	-0.001351440791040659	-5.216859335632762e-07	-4.0324852079720586e-07	-5.537465312954737e-07
1051178860.6014744	0.00048384303227066994	-2.322020009160042e-06	-0.001462720800191164	-6.046220732969232e-07	-4.3837499674737046e-07	-4.895966867479729e-07
1051179072.2269133	0.0003239782527089119	-9.932252578437328e-05	-0.0014928753953427076	-6.518808959299349e-07	-4.4772843921236927e-07	-3.970360467064893e-07
1051179281.504678	0.00016779825091362	-0.00019282987341284752	-0.0015157299349084496	-6.967521244405361e-07	-4.5556346606190345e-07	-3.0368551051651593e-07
1051179488.8819052	3.358256071805954e-05	-0.0002943614963442087	-0.0016465812223032117	-7.95901883066108e-07	-4.95385449994501e-07	-2.1559435481321998e-07
1051179694.7604703	-0.00012698164209723473	-0.00040781241841614246	-0.0017610419490665663	-8.89168006779073e-07	-5.280402888274693e-07	-1.0748544809757732e-07
1051179899.4918991	-0.0003123534843325615	-0.0005246615037322044	-0.0018189778784289956	-9.557931051062951e-07	-5.422039635050169e-07	1.785338099580258e-08
1051180103.3713673	-0.0004982277750968933	-0.0006125122308731079	-0.001723115099593997	-9.447161630760093e-07	-5.126096880303521e-07	1.400651399308117e-07
1051180306.6903464	-0.0006906846538186073	-0.0007150198798626661	-0.001684491871856153	-9.623260552871216e-07	-4.973147724740556e-07	2.731903805397451e-07
1051180509.7194734	-0.0008951462805271149	-0.0008244193159043789	-0.0016460733022540808	-9.797012126000482e-07	-4.796837629328365e-07	4.178732524451334e-07
1051180712.7410256	-0.0010586297139525414	-0.0008867310825735331	-0.0014832091983407736	-9.3023322733643e-07	-4.294275868232944e-07	5.334977686288767e-07
1051180916.0555123	-0.001205209642648697	-0.0009363649878650904	-0.0013044411316514015	-8.697677458258113e-07	-3.745154799617012e-07	6.406048669305164e-07
1051181119.9897028	-0.001429330324754119	-0.0010491004213690758	-0.0012246123515069485	-8.615118076704675e-07	-3.383363491593627e-07	8.058709681790788e-07
1051181324.934135	-0.001531884539872408	-0.0010626275325194001	-0.0009882012382149696	-7.642111086170189e-07	-2.6734380753623554e-07	8.87011765371426e-07
1051181531.3464208	-0.001700567314401269	-0.0011248743976466358	-0.0008094124495983124	-6.96777078701416e-07	-2.0426227820280474e-07	1.0161478485315456e-06
1051181735.6578451	-0.0018848618492484093	-0.0011940129043068737	-0.0006200126372277737	-6.216253041202435e-07	-1.347751776847872e-07	1.1557788184290985e-06
1051181937.9919463	-0.001997752347961068	-0.001212490831676405	-0.00037861568853259087	-5.128993052494479e-07	-5.539732228498906e-08	1.246706801794062e-06
1051182138.817406	-0.0020097295055165887	-0.0011675501591525972	-0.00010668579488992691	-3.8000234781065956e-07	2.4969494916149415e-08	1.2703684433290618e-06
1051182338.5307338	-0.002124154125340283	-0.0011845348635688424	0.00014715036377310753	-2.587848939583637e-07	1.1146653378091287e-07	1.3612253582095946e-06
1051182537.482339	-0.0022094287705840543	-0.001180728548206389	0.0004227887839078903	-1.2186364983790554e-07	2.029562438110588e-07	1.4312343097344637e-06
1051182735.9760265	-0.0021562581532634795	-0.00109852384775877	0.0006951112300157547	2.3595703169121407e-08	2.820029294525739e-07	1.4102829481998924e-06
1051182934.2990412	-0.002105649618897587	-0.0010186370927840471	0.0009629395790398121	1.693092599452939e-07	3.6130313674220815e-07	1.3899170880904421e-06
1051183132.7480004	-0.0020326884696260095	-0.0009273439645767212	0.0012236605398356915	3.1510944609181024e-07	4.376622655399842e-07	1.3538303846871713e-06
1051183331.5969561	-0.001959995599463582	-0.0008351942524313927	0.0014896825887262821	4.6598302105849143e-07	5.165509264770662e-07	1.3158221463527298e-06
1051183531.1579635	-0.0018665518146008253	-0.0007313552778214216	0.001754883211106062	6.19738784735091e-07	5.941404879195034e-07	1.2623561360669555e-06
1051183731.773965	-0.0017670849338173866	-0.0006212603766471148	0.002034881617873907	7.833955351088662e-07	6.760574819963949e-07	1.201932263938943e-06
1051183933.8299172	-0.0016309102065861225	-0.0004916961770504713	0.0023070797324180603	9.46857198869111e-07	7.529490630986402e-07	1.1157089829794131e-06
1051184137.7954768	-0.0014103325083851814	-0.00032934523187577724	0.00249843648634851	1.0752946764114313e-06	7.998144155862974e-07	9.767827577888966e-07
1051184344.2517905	-0.0011759228073060513	-0.00016067689284682274	0.0026815002784132957	1.201888153445907e-06	8.434982703420246e-07	8.266752047347836e-07
1051184552.6501769	-0.0009269425645470619	1.5869969502091408e-05	0.0028622569516301155	1.329379529124708e-06	8.853847219825184e-07	6.644356744800461e-07
1051184759.3004915	-0.0006427369080483913	0.0001996487844735384	0.002975390409119427	1.4248769275582163e-06	9.049302249763969e-07	4.807795903616352e-07
1051184964.6558503	-0.0003603729419410229	0.00039155827835202217	0.0031367428018711507	1.545071427244693e-06	9.377951357691927e-07	2.930394202849129e-07
1051185169.1357026	-3.9767008274793625e-05	0.0005811811424791813	0.003171438795106951	1.603530449756363e-06	9.316280795701459e-07	8.539086593373213e-08
1051185373.1038395	0.00028971536085009575	0.0007739146240055561	0.0031958571053110063	1.6575606203161897e-06	9.214686542691197e-07	-1.299365521845175e-07
1051185576.855846	0.0006325547583401203	0.0009690192528069019	0.0031926906667649746	1.6985491981813539e-06	9.020324682751379e-07	-3.5489711081027053e-07
1051185780.6717399	0.0009971302933990955	0.0011768473777920008	0.003191182971931994	1.7415055708625005e-06	8.805245670373552e-07	-5.96636255068006e-07
1051185984.8197912	0.0013639363460242748	0.001367685617879033	0.00309375929646194	1.7362792732456e-06	8.317534820889705e-07	-8.371021067432594e-07
1051186189.5664377	0.0016779778525233269	0.001496330602094531	0.002827883930876851	1.6436972600786248e-06	7.408352757920511e-07	-1.0370276868343353e-06
1051186395.1872846	0.002053340431302786	0.0016801905585452914	0.0026681635063141584	1.6070093806774821e-06	6.725846333210939e-07	-1.2854738997702952e-06
1051186601.9858575	0.0023891457822173834	0.0018210638081654906	0.0024012699723243713	1.5139346487558214e-06	5.775231102234102e-07	-1.5056818938319338e-06
1051186810.3092864	0.0026620991993695498	0.0019085941603407264	0.002042657695710659	1.3707788184547098e-06	4.6188029045879375e-07	-1.6838346255099168e-06
1051187020.5908265	0.002961078891530633	0.0020124410511925817	0.001691712997853756	1.2313391835050425e-06	3.444349658821011e-07	-1.8825944607669953e-06
1051187229.6250635	0.003256630850955844	0.0021092086390126497	0.0013138712383806705	1.076416992873419e-06	2.1833659502590308e-07	-2.080381818814203e-06
1051187436.9813979	0.0034554931335151196	0.0021380138787208125	0.0008689709939062595	8.808556231088005e-07	8.105348570097703e-08	-2.215084009549173e-06
1051187643.0743273	0.0036204673815518618	0.0021436839597299695	0.0004041651263833046	6.710263278364437e-07	-6.049356215953594e-08	-2.3293943058888544e-06
1051187848.2348598	0.0037992646684870124	0.002154486777726561	-7.51209445297718e-05	4.517366960499203e-07	-2.0938250600011088e-07	-2.453904698995757e-06
1051188052.7517345	0.00394960556877777	0.0021432576468214393	-0.0005848021246492863	2.1249115889077075e-07	-3.6623634969146224e-07	-2.560413648211579e-06
1051188256.8696313	0.0040279006061609834	0.0020862488308921456	-0.0011189165525138378	-4.640833140001632e-08	-5.255590167507762e-07	-2.6209764882878517e-06
1051188460.8082404	0.003964503412134945	0.0019504015799611807	-0.0016422923654317856	-3.115176241408335e-07	-6.714473101965268e-07	-2.592360601738619e-06
1051188664.8036746	0.003801488899625838	0.0017639895668253303	-0.002132575958967209	-5.69850499232416e-07	-8.017110531000071e-07	-2.5019992335728602e-06
1051188869.0695503	0.0036012919154018164	0.0015606668312102556	-0.0026001972146332264	-8.235444965976058e-07	-9.249383765563834e-07	-2.3886140070317197e-06
1051189073.8634444	0.003453049575909972	0.001378620509058237	-0.003111837897449732	-1.1012416507583112e-06	-1.0675861403797171e-06	-2.3052466531225946e-06
1051189279.4438075	0.003245884319767356	0.0011651627719402313	-0.0036117983981966972	-1.38122845783073e-06	-1.2041267041240644e-06	-2.1829548586538294e-06
1051189486.162017	0.0029584039002656937	0.0009138570167124271	-0.004069749498739839	-1.6495682757522445e-06	-1.3241192391433287e-06	-2.0086654330953024e-06
1051189694.4153893	0.0026000358629971743	0.0006317461375147104	-0.004476966802030802	-1.9013316432392458e-06	-1.4258013152357307e-06	-1.7879192455438897e-06
1051189904.7335775	0.0021578590385615826	0.00032013095915317535	-0.004787883721292019	-2.1142294599485467e-06	-1.495105408366726e-06	-1.5136413367144996e-06
1051190116.5931944	0.0016674431972205639	-4.486646503210068e-06	-0.005022468278184533	-2.2956847942623426e-06	-1.5402478794612762e-06	-1.2067255283909617e-06
1051190326.0653694	0.001151584554463625	-0.00032910751178860664	-0.005180795211344957	-2.4428331357739808e-06	-1.5622959637084932e-06	-8.81368350746925e-07
1051190533.594699	0.0006258510984480381	-0.0006519339513033628	-0.0053000913467258215	-2.572855521520978e-06	-1.5725593414117611e-06	-5.454764959722525e-07
1051190739.5959921	8.392008021473885e-05	-0.0009711612947285175	-0.0053519291104748845	-2.671123525033181e-06	-1.5621356794781605e-06	-1.961436737474287e-07
1051190944.4118776	-0.00047025131061673164	-0.0013038362376391888	-0.0054377002525143325	-2.787810377213873e-06	-1.5592052022839198e-06	1.6906710698094685e-07
1051191148.3603953	-0.0010464908555150032	-0.0016277080867439508	-0.005411077290773392	-2.84895861568657e-06	-1.5216783708638104e-06	5.494671313499566e-07
1051191351.717794	-0.0016084806993603706	-0.0019068378023803234	-0.005192198674194515	-2.8112340260122437e-06	-1.4300507018560893e-06	9.175698778562946e-07
1051191554.7607307	-0.0021695923060178757	-0.002182331867516041	-0.004956856137141585	-2.763413704087725e-06	-1.331794692305266e-06	1.2902319213026203e-06
1051191757.7659681	-0.0027512391097843647	-0.002469548024237156	-0.004721515346318483	-2.7143832994624972e-06	-1.2292466635699384e-06	1.681802814346156e-06
1051191961.0391338	-0.0033221649937331676	-0.002733516739681363	-0.0043962274212390184	-2.616118308651494e-06	-1.09976872408879e-06	2.0672064238169696e-06
1051192164.8999205	-0.003852088935673237	-0.002952793030999601	-0.003959139343351126	-2.4551131900807377e-06	-9.397163012181409e-07	2.425101456537959e-06
1051192369.7365341	-0.00433750543743372	-0.0031302557326853275	-0.0034358850680291653	-2.2435513074015034e-06	-7.563692179246573e-07	2.7537553251022473e-06
1051192575.9934654	-0.0048102878499776125	-0.0032915965421125293	-0.002865837886929512	-2.0026732272526715e-06	-5.576785042649135e-07	3.0751089070690796e-06
1051192780.5082022	-0.005151076475158334	-0.003357909095939249	-0.0021924269385635853	-1.696770823400584e-06	-3.3893388717842754e-07	3.3068392895074794e-06
1051192983.0029403	-0.005426810355857015	-0.0033816327922977507	-0.0014903782866895199	-1.3675969512405572e-06	-1.151577180280583e-07	3.4952206533489516e-06
1051193183.9443717	-0.005619923584163189	-0.003353361098561436	-0.00076295156031847	-1.0159942576137837e-06	1.1089366580563365e-07	3.62830871836195e-06
1051193383.7468015	-0.005839796096552163	-0.003339762450195849	-3.23648564517498e-05	-6.593695616174955e-07	3.429345269978512e-07	3.7778077341954486e-06
1051193582.7524353	-0.005968390119960532	-0.0032687393249943852	0.0007261550053954124	-2.7894770937564317e-07	5.767101356468629e-07	3.865047474960193e-06
1051193781.2718457	-0.006020841654390097	-0.0031513941939920187	0.0014996761456131935	1.1756537787732668e-07	8.09716198091337e-07	3.900034755588422e-06
1051193979.5934904	-0.005875140021089464	-0.0029268073849380016	0.0022423621267080307	5.128729299030965e-07	1.0173624787057634e-06	3.805444180216e-06
1051194178.0093938	-0.005798473139293492	-0.0027358669321984053	0.0030153035186231136	9.236873665940948e-07	1.2415858918757294e-06	3.7514212181122275e-06
1051194376.8101468	-0.005649118451401591	-0.002503436990082264	0.003788225818425417	1.341701590718003e-06	1.4603394902223954e-06	3.6470886470851838e-06
1051194576.2965761	-0.005272566108033061	-0.0021640583872795105	0.004441697150468826	1.713697884042631e-06	1.6253574131042114e-06	3.398498961360019e-06
1051194776.7931622	-0.004908508155494928	-0.0018286416307091713	0.005111819598823786	2.0962509097444126e-06	1.7971308352571214e-06	3.1537538234260865e-06
1051194978.6941497	-0.004448887426406145	-0.0014513838104903698	0.005715192062780261	2.4521973500668537e-06	1.9419488808125607e-06	2.8471977202570997e-06
1051195182.4656188	-0.003940902417525649	-0.0010513686574995518	0.006293084239587188	2.79986545592692e-06	2.0756428966706153e-06	2.5070496576518053e-06
1051195388.6666124	-0.0033514550887048244	-0.0006184747908264399	0.006799433846026659	3.117343112535309e-06	2.1820994504651026e-06	2.1143625872355187e-06
1051195597.2597029	-0.002677690703421831	-0.00015771063044667244	0.007199374958872795	3.386814000805316e-06	2.2511674870884235e-06	1.6692397366568912e-06
1051195804.0440471	-0.00196748785674572	0.00031086569651961327	0.007531102164648473	3.624055807449622e-06	2.2974154774146882e-06	1.200874976348132e-06
1051196009.496652	-0.0012021386064589024	0.000780746340751648	0.0077043474884703755	3.784330431244598e-06	2.294015246206982e-06	7.025273589533754e-07
1051196214.038667	-0.00040856795385479927	0.001235544914379716	0.007713784369116183	3.863723350150394e-06	2.2421272092287836e-06	1.920093382068444e-07
1051196418.0406088	0.00038516055792570114	0.0016999777872115374	0.007773350807838142	3.968785366126326e-06	2.203672181622096e-06	-3.2491607271367684e-07
1051196621.8045243	0.0011870521120727062	0.0021216562017798424	0.007583897560834885	3.94904816403141e-06	2.0950413386344735e-06	-8.362628705071984e-07
1051196825.6055377	0.001983631867915392	0.0025310511700809	0.007345859194174409	3.904832340140274e-06	1.97292808934435e-06	-1.3450330698105972e-06
1051197029.7121478	0.0027905749157071114	0.002941419603303075	0.007081868592649698	3.848102551273769e-06	1.841963467086316e-06	-1.8627588360686786e-06
1051197234.3963612	0.00352456234395504	0.0032627314794808626	0.006568882614374161	3.6625754091801355e-06	1.6483501212860574e-06	-2.323379021618166e-06
1051197439.9213711	0.0042798579670488834	0.0036013040225952864	0.006082664243876934	3.4911364537038025e-06	1.4590800674341153e-06	-2.8034430670231814e-06
1051197646.6013086	0.005024150013923645	0.003919105278328061	0.005520348437130451	3.2802200848891516e-06	1.2486019613788812e-06	-3.276520374129177e-06
1051197854.7813245	0.005691584665328264	0.0041653967928141356	0.004812887869775295	2.991585688505438e-06	1.0038196478490136e-06	-3.6967642245144816e-06
1051198064.8684688	0.006224112119525671	0.004306171380449086	0.003955713007599115	2.619557562866248e-06	7.285522087840945e-07	-4.027093723379949e-06
1051198274.0757601	0.006669355556368828	0.0043874534021597356	0.0030477680265903473	2.2152803467179183e-06	4.4526370857056463e-07	-4.302881052353769e-06
1051198481.5609192	0.0070034421514719725	0.004397350479848683	0.0020981617271900177	1.7814927559811622e-06	1.5840180367376888e-07	-4.508962433646957e-06
1051198687.746674	0.00739453558344394	0.004442936711711809	0.001165089663118124	1.3553528788179392e-06	-1.3187877812015358e-07	-4.7559177573930356e-06
1051198892.9822959	0.0075854804599657655	0.004362804756965488	0.0001717992126941681	8.847375738696428e-07	-4.231415005051531e-07	-4.87470526877587e-06
1051199097.548113	0.007749385695206001	0.004264879156835377	-0.0008338759653270245	4.019041170977289e-07	-7.184798960224725e-07	-4.978248533404894e-06
1051199301.6906399	0.007735905994195491	0.004064920940436423	-0.0018436159007251263	-9.743757800606545e-08	-1.0019953151640948e-06	-4.970211364252464e-06
1051199505.6364543	0.007671615749131888	0.0038358632009476423	-0.002853850834071636	-6.053885499568423e-07	-1.2845025594288018e-06	-4.931076603043039e-06
1051199709.6174327	0.007520306622609496	0.003558286582119763	-0.003858022391796112	-1.1210433967789868e-06	-1.5609842876074254e-06	-4.837212486563658e-06
1051199913.8479521	0.007166850613430142	0.003180052852258086	-0.004784802440553904	-1.615381279407302e-06	-1.8013511180470232e-06	-4.617570198206522e-06
1051200118.5857946	0.006717596435919404	0.0027580340392887592	-0.005654333624988794	-2.093061311825295e-06	-2.0208173054925282e-06	-4.3381044179113815e-06
1051200324.0890521	0.006195470690727234	0.002303927205502987	-0.0064739203080534935	-2.556629397076904e-06	-2.223349213181791e-06	-4.012005547338049e-06
1051200530.6835539	0.005622811382636428	0.001826033229008317	-0.0072669340297579765	-3.0165813313942635e-06	-2.41722500504693e-06	-3.651298584372853e-06
1051200738.775794	0.004930038936436176	0.0013001826591789722	-0.007951715029776096	-3.4357792628725292e-06	-2.573284348272864e-06	-3.2141558676812565e-06
1051200948.884115	0.004138136748224497	0.0007394433487206697	-0.008522540098056197	-3.809945269495074e-06	-2.6914421198398486e-06	-2.712978130148258e-06
1051201160.9841237	0.0032659717835485935	0.00015541166067123413	-0.008975067408755422	-4.135226390644675e-06	-2.7715936141703423e-06	-2.158749111913494e-06
1051201370.645544	0.002379464916884899	-0.000431728083640337	-0.009400928509421647	-4.45171576757275e-06	-2.8436853831692588e-06	-1.5885441371210618e-06
1051201578.326546	0.0014397604390978813	-0.0010270611383020878	-0.00971032987581566	-4.715600027793698e-06	-2.878688746932312e-06	-9.812620191951282e-07
1051201784.4388934	0.0004490618593990803	-0.0016162048559635878	-0.00983435045054648	-4.890993551498468e-06	-2.8569506582698523e-06	-3.41281065630028e-07
1051201989.3483864	-0.0005637644790112972	-0.002181927440688014	-0.009769029798917472	-4.973067047053803e-06	-2.779264093533129e-06	3.127636318822624e-07
1051202193.3583678	-0.0015831571072340012	-0.002740423195064068	-0.009646072634495795	-5.026218758530376e-06	-2.6831040713659604e-06	9.771288205229212e-07
1051202396.7460829	-0.0025981832295656204	-0.0032655117101967335	-0.009360755793750286	-4.99584314184176e-06	-2.539648903621128e-06	1.6394701560784597e-06
1051202599.7997144	-0.0036223120987415314	-0.0037853524554520845	-0.009020588593557477	-4.935951437801123e-06	-2.3771521000526263e-06	2.313325467184768e-06
1051202802.8018419	-0.004615627229213715	-0.004254158353433013	-0.008504768135026097	-4.7820889221839025e-06	-2.164962893402844e-06	2.9664361136383377e-06
1051203006.0350007	-0.005609691143035889	-0.004709278931841254	-0.007914834190160036	-4.586448767440743e-06	-1.9281734466858325e-06	3.62349805982376e-06
1051203209.8350899	-0.006494439905509353	-0.0050582633120939136	-0.0070952074602246284	-4.262984475644771e-06	-1.6328838228218956e-06	4.20458786720701e-06
1051203414.5702047	-0.007381920237094164	-0.00540037255268544	-0.006231285165995359	-3.911231033271179e-06	-1.3205145705796895e-06	4.7905730298225535e-06
1051203620.6811129	-0.008190323831513524	-0.005671182821970433	-0.00522998021915555	-3.4786371543304995e-06	-9.722533604872297e-07	5.322682795849687e-06
1051203825.3980149	-0.008824174059554935	-0.005814784381072968	-0.004083897452801466	-2.955569016194204e-06	-5.949557362328051e-07	5.736061098104983e-06
1051204028.0516129	-0.009450783487409353	-0.0059506373218027875	-0.00291883060708642	-2.415231847407995e-06	-2.0877450879197568e-07	6.144306439637148e-06
1051204229.1117013	-0.009804021450690925	-0.005908928404096514	-0.0016407878138124943	-1.7954591839952627e-06	1.876945816547959e-07	6.368462550199183e-06
1051204428.99511	-0.010047886404208839	-0.005801494931802154	-0.0003454647958278656	-1.1543033906491473e-06	5.823906121804612e-07	6.5191814826448535e-06
1051204628.0563259	-0.010278284520609304	-0.005683779076207429	0.0009634853340685368	-4.991459263692377e-07	9.828625024965731e-07	6.6582766677925065e-06
1051204826.6075876	-0.010337258165236562	-0.005464884685352445	0.002289887983351946	1.799689925974235e-07	1.375057763652876e-06	6.682066100438533e-06
1051205024.938642	-0.010304916941095144	-0.005191803444176912	0.0036271139979362488	8.748643267608713e-07	1.76418075170659e-06	6.642429468683986e-06
1051205223.331725	-0.01010732538998127	-0.004827935830689967	0.004945726133882999	1.5738644378870958e-06	2.1346282892409363e-06	6.492397346846701e-06
1051205422.0884738	-0.009697870584204793	-0.004356877878308296	0.006192128174006939	2.2514755073643755e-06	2.4665830551384715e-06	6.204332407833135e-06
1051205621.4983892	-0.00920438813045621	-0.0038435449823737144	0.00740864546969533	2.92204322249745e-06	2.7835820901600528e-06	5.858843223904842e-06
1051205821.8963047	-0.008570419857278466	-0.003264094702899456	0.00855123158544302	3.5655639294418506e-06	3.067667250888917e-06	5.42156953997619e-06
1051206023.6627265	-0.007729819975793362	-0.002599387662485242	0.009522100444883108	4.135248900638544e-06	3.2850095408321067e-06	4.855122824665159e-06
1051206227.2444636	-0.006878727814182639	-0.0019248405005782843	0.010513192508369684	4.718320269603282e-06	3.507574831473903e-06	4.275982519175159e-06
1051206433.2076236	-0.005898583214730024	-0.001196958590298891	0.011397498426958919	5.255965447759081e-06	3.688504534693493e-06	3.614355591707863e-06
1051206641.9823685	-0.004738233517855406	-0.0004138713702559471	0.012031483929604292	5.6777738564051106e-06	3.782873207569537e-06	2.8454016955947736e-06
1051206848.9142333	-0.0035566678270697594	0.0003743248526006937	0.012628696742467582	6.082469553803094e-06	3.864389620744646e-06	2.0602553831849946e-06
1051207054.4608539	-0.0022659250535070896	0.0011641804594546556	0.012907315045595169	6.331818497073982e-06	3.846454802669541e-06	1.2185164450784214e-06
1051207259.0775449	-0.0009517939761281013	0.0019457400776445866	0.013072247907985002	6.525311988525573e-06	3.794210726937308e-06	3.6404435377335176e-07
1051207463.1143537	0.00038877641782164574	0.0027225776575505733	0.013133116939570755	6.667925013914555e-06	3.710023406711116e-06	-5.056481313658878e-07
1051207666.879687	0.001740641426295042	0.003441594773903489	0.012856456800363958	6.641328241130395e-06	3.530754895564314e-06	-1.3674016372533515e-06
1051207870.665881	0.0030707912519574165	0.004116716329008341	0.012414364609867334	6.5307629597555206e-06	3.307189842871594e-06	-2.2100623482401716e-06
1051208074.7361739	0.004372081253677607	0.0047487434931099415	0.011832469375804067	6.348710883230524e-06	3.0469940384136862e-06	-3.0307828637887724e-06
1051208279.3509305	0.005657889414578676	0.005354325287044048	0.01115809939801693	6.119429258433229e-06	2.7618071953838808e-06	-3.841167881546426e-06
1051208484.7901944	0.0068755499087274075	0.005882675293833017	0.010282424744218588	5.785460416518617e-06	2.4263820250780554e-06	-4.6015520638320595e-06
1051208691.3609928	0.008005476091057062	0.006327349925413728	0.009230319876223803	5.358023031476478e-06	2.049158752015501e-06	-5.30124793840514e-06
1051208899.3875892	0.009043911937624216	0.006692666676826775	0.0080357207916677	4.8534727739024675e-06	1.639480274207017e-06	-5.940210712651606e-06
1051209109.2862318	0.009932693559676409	0.006940972001757473	0.00667524803429842	4.256570036886842e-06	1.1959060657318332e-06	-6.48030959382595e-06
1051209318.6726602	0.010787632083520293	0.007163972943089902	0.005283345468342304	3.6394119433680316e-06	7.441670959451585e-07	-7.002563393143646e-06
1051209526.297438	0.011534447083249688	0.00731010950403288	0.0038119107484817505	2.9734012514381902e-06	2.7761757337430026e-07	-7.456148182427569e-06
1051209732.5862362	0.012002034112811089	0.007274736519320868	0.002224324271082878	2.2307431208901107e-06	-1.983605670830002e-07	-7.729453329829994e-06
1051209937.8908061	0.01241475180722773	0.007204652589280158	0.0006189392879605293	1.4712934444105485e-06	-6.778906254112371e-07	-7.971084215796509e-06
1051210142.5094037	0.012553393258713186	0.006971393886487931	-0.0010217493399977684	6.741224751749542e-07	-1.145933765656082e-06	-8.039297959783198e-06
1051210346.6850666	0.012621338741155341	0.006697005010209978	-0.0026665041223168373	-1.3536623555410188e-07	-1.612946903151169e-06	-8.065173744853382e-06
1051210550.645894	0.012504524958785623	0.00631916313432157	-0.004300679545849562	-9.565867458150024e-07	-2.0646720031436416e-06	-7.97559243892465e-06
1051210754.6086212	0.012214237707667053	0.005848405417054892	-0.005902772769331932	-1.778902060323162e-06	-2.496419256203808e-06	-7.777807354614197e-06
1051210958.815842	0.011734433355741203	0.005281513324007392	-0.0074415854178369045	-2.588187044239021e-06	-2.898234697568114e-06	-7.46189186884294e-06
1051211163.4975628	0.011044689919799566	0.004615687532350421	-0.008870595134794712	-3.3627609354880406e-06	-3.255427145631984e-06	-7.015668188614654e-06
1051211368.9227991	0.010334416525438428	0.00393538037315011	-0.010314115788787603	-4.154723455940257e-06	-3.619376627739257e-06	-6.552814511451288e-06
1051211575.4100989	0.0093889981508255	0.0031525229569524527	-0.011591255199164152	-4.8854367378226016e-06	-3.920426877357386e-06	-5.943235464656027e-06
1051211783.3475662	0.008272169390693307	0.0023015406914055347	-0.012712294002994895	-5.556449536925356e-06	-4.166808139416389e-06	-5.225517497819965e-06
1051211993.2517104	0.007008733227849007	0.0013979447539895773	-0.013670130632817745	-6.162528848108195e-06	-4.358291079142873e-06	-4.414166369315353e-06
1051212205.5804789	0.005682111717760563	0.00046235998161137104	-0.014606544515118003	-6.769619744773081e-06	-4.541091200849223e-06	-3.5541786473913817e-06
1051212415.4459492	0.004220171831548214	-0.0004998880904167891	-0.015277308644726872	-7.256248750309169e-06	-4.639004973938654e-06	-2.609509465401061e-06
1051212623.276942	0.0026879217475652695	-0.0014711117837578058	-0.015784425602760166	-7.668667251437e-06	-4.685315076358165e-06	-1.6163107829925139e-06
1051212829.5141742	0.001080548856407404	-0.0024358914233744144	-0.016032483646995388	-7.957708334060953e-06	-4.6521491015028005e-06	-5.755873644375242e-07
1051213034.5145034	-0.0005678148008882999	-0.003385464195162058	-0.016077788546681404	-8.148239787786338e-06	-4.557329589260917e-06	4.93615516461432e-07
1051213238.5933579	-0.002230791375041008	-0.004283089190721512	-0.01580645120702684	-8.179676029840266e-06	-4.370562521671673e-06	1.5687430732214125e-06
1051213442.0344002	-0.003894386813044548	-0.0051556003745645285	-0.015401368378661573	-8.141943624195846e-06	-4.143285309510247e-06	2.649256430231617e-06
1051213645.1100086	-0.005533092655241489	-0.0059693544171750546	-0.014762317296117544	-7.981437192938756e-06	-3.8490701399496174e-06	3.713248361236765e-06
1051213848.10274	-0.0071049961261451244	-0.006694965064525604	-0.013860617065802217	-7.679731197640649e-06	-3.4829962487492594e-06	4.731327862828039e-06
1051214051.305961	-0.008595478255301714	-0.007334272377192974	-0.012749759713187814	-7.261691735038767e-06	-3.0607735652665724e-06	5.695522304449696e-06
1051214255.042793	-0.010034933220595121	-0.007919840747490525	-0.011509649455547333	-6.768356797692832e-06	-2.6015604817075655e-06	6.628256187468651e-06
1051214459.6821203	-0.011312413727864623	-0.008365901419892907	-0.010022457223385572	-6.132662520030863e-06	-2.082155901916849e-06	7.4503084306343226e-06
1051214665.6519119	-0.012507403967902064	-0.00874174851924181	-0.008413816336542368	-5.421982905318146e-06	-1.5302938436434488e-06	8.21802996142651e-06
1051214870.5653691	-0.013478902168571949	-0.008956914243754	-0.006631313357502222	-4.601108230417594e-06	-9.443622275284724e-07	8.834317441142048e-06
1051215073.3821379	-0.014251329004764557	-0.009041087294463068	-0.004757665563374758	-3.7134902868274366e-06	-3.4578056329337414e-07	9.316944669990335e-06
1051215274.5698742	-0.01487938070204109	-0.009033807946252637	-0.0028365529142320156	-2.7847333967656596e-06	2.577716031737509e-07	9.702346574158582e-06
1051215474.5529444	-0.015368833905085921	-0.008939193037804216	-0.0008722767233848572	-1.817809788917657e-06	8.651281859783921e-07	9.993310641220887e-06
1051215673.6775937	-0.015631905640475452	-0.008707855362445116	0.0011313660070300102	-8.105387223622529e-07	1.4664922218798893e-06	1.0131836042148734e-05
1051215872.2627574	-0.01576223903975915	-0.00839702074881643	0.003154571633785963	2.2127119336801115e-07	2.0644658889068523e-06	1.0178981796116204e-05
1051216070.6045547	-0.015574722492601722	-0.0079103026073426	0.005148592405021191	1.2617888387467247e-06	2.627441404001729e-06	1.0016218482178374e-05
1051216268.9860084	-0.015247006551362574	-0.007348011597059667	0.007119198329746723	2.3037287064653356e-06	3.173110030729731e-06	9.758303463058837e-06
1051216467.698181	-0.014623549301177263	-0.006637484068050981	0.008981701452285051	3.311258069516043e-06	3.662583822006127e-06	9.308416451858648e-06
1051216667.0412179	-0.013932837871834636	-0.005890849279239774	0.01083220960572362	4.32067758993071e-06	4.14382657254464e-06	8.809639894025167e-06
1051216867.3432832	-0.01300428924150765	-0.0050321463495492935	0.012558257207274437	5.282851589072379e-06	4.568856752484862e-06	8.157278898579534e-06
1051217068.9708962	-0.011861625127494335	-0.004079309990629554	0.014136770972982049	6.184189032865106e-06	4.933126888317929e-06	7.3682017500686925e-06
1051217272.3701718	-0.010567188495770097	-0.0030603690538555384	0.015607452252879739	7.041188155199052e-06	5.253367476143467e-06	6.480806632680469e-06
1051217478.0951096	-0.0090087098069489	-0.0019479163456708193	0.016777653014287353	7.761385859339498e-06	5.465068483090363e-06	5.433495971374214e-06
1051217686.859627	-0.007328929379582405	-0.0007920744828879833	0.017812066711485386	8.42103156628582e-06	5.62762262745764e-06	4.309621317588608e-06
1051217893.9321417	-0.005562678445130587	0.0003810024354606867	0.01867776259314269	8.999847068480449e-06	5.73418084570676e-06	3.1339864108304027e-06
1051218099.5870483	-0.0036625098437070847	0.001557864248752594	0.019161857257131487	9.392483661940787e-06	5.72119189712339e-06	1.8886498764913995e-06
1051218304.2651055	-0.0017068586312234402	0.0027160190511494875	0.019381370380870067	9.654508147605156e-06	5.628810498592429e-06	6.179348019941244e-07
1051218508.3393432	0.0002795904874801636	0.0038414259906858206	0.019336559431394562	9.7850534999111e-06	5.459597673507233e-06	-6.621276043006219e-07
1051218712.1245952	0.0022773495875298977	0.004934923956170678	0.019090262823738158	9.815008979785489e-06	5.232877299476968e-06	-1.942640210472746e-06
1051218915.8972015	0.004273849073797464	0.005982276517897844	0.01860538951586932	9.725169434204872e-06	4.939602149534039e-06	-3.213553782188683e-06
1051219119.9374298	0.0062053813599050045	0.006918471539393067	0.017731498926877975	9.436899517822894e-06	4.544262878880545e-06	-4.42561213276349e-06
1051219324.4998875	0.008094752673059702	0.007799952058121562	0.016696652630344033	9.065977678801573e-06	4.10757218105573e-06	-5.607044613498147e-06
1051219529.8581017	0.009932074695825577	0.00861596711911261	0.01547402935102582	8.598207955401449e-06	3.6228395856596762e-06	-6.750442025804659e-06
1051219736.3115954	0.011592807713896036	0.009265188360586762	0.013904834631830454	7.947510425765358e-06	3.0577392635677825e-06	-7.767521083223983e-06
1051219944.2010423	0.013202345930039883	0.009863846120424569	0.012223565485328436	7.23715220374288e-06	2.4646717520226957e-06	-8.752615030971356e-06
1051220153.9170405	0.01470245118252933	0.010363883047830313	0.01035242760553956	6.4245584781019716e-06	1.8271798580826726e-06	-9.66452103057236e-06
1051220363.4715983	0.01601550355553627	0.010720187390688807	0.008287201169878244	5.502564135895227e-06	1.1507576118674478e-06	-1.0452903438817884e-05
1051220571.2352027	0.01711939089000225	0.010929973199381493	0.006079545710235834	4.494780569075374e-06	4.511371116677765e-07	-1.1105914154541097e-05
1051220777.631061	0.017893577576614916	0.010924244023044594	0.0037284651771187782	3.3935709780053003e-06	-2.613346623547841e-07	-1.154634281874678e-05
1051220983.0080813	0.018475644174031913	0.010798754345159978	0.001324386801570654	2.250088527944172e-06	-9.751064453666913e-07	-1.1866855885500627e-05
1051221187.6665659	0.018837500480003655	0.010539478156715631	-0.00112213846296072	1.0670835308701498e-06	-1.6851776081239223e-06	-1.20494539999072e-05
1051221391.8671805	0.018956836065626703	0.010138046694919467	-0.003588177729398012	-1.4624242794525344e-07	-2.383653281867737e-06	-1.2080254634838639e-05
1051221595.8341662	0.018866783881094307	0.009616730036213994	-0.006056101527065039	-1.3803746696794406e-06	-3.0691139727423433e-06	-1.1980319072790735e-05
1051221799.7908341	0.01847367931623012	0.008931669406592846	-0.008475447539240122	-2.616063511595712e-06	-3.719400638146908e-06	-1.169099914477556e-05
1051222003.9640188	0.01777485362254083	0.008091229246929288	-0.010794289410114288	-3.828410854112008e-06	-4.320176344663196e-06	-1.1211630749130563e-05
1051222208.5837826	0.016901599243283272	0.007163339527323842	-0.013049472123384476	-5.0293940603296505e-06	-4.893596269539557e-06	-1.0622651871017297e-05
1051222413.9301625	0.015720702474936843	0.006093790754675865	-0.015126328449696302	-6.169373364173225e-06	-5.395802361363167e-06	-9.84254711511312e-06
1051222620.308649	0.014273919397965074	0.004911729600280523	-0.016996967140585184	-7.2323271069762995e-06	-5.822588150294905e-06	-8.897278576114331e-06
1051222828.1110595	0.012706346111372113	0.0036747946869581938	-0.018793671624734998	-8.276414746433147e-06	-6.2232309687715315e-06	-7.871266461734194e-06
1051223037.8170601	0.010826337616890669	0.002326310146600008	-0.020239550154656172	-9.173209264190518e-06	-6.50316141559415e-06	-6.652858701272635e-06
1051223250.10027	0.008749598637223244	0.0009161962661892176	-0.021419306751340628	-9.958074201676936e-06	-6.695466055361976e-06	-5.309813332132762e-06
1051223460.1663626	0.006618309300392866	-0.000503909308463335	-0.02248799428343773	-1.0697402558434987e-05	-6.853600854839215e-06	-3.9238341287273215e-06
1051223668.164477	0.004349655006080866	-0.0019369255751371384	-0.02321267657680437	-1.1277030125711462e-05	-6.904217798364698e-06	-2.451965656291577e-06
1051223874.5322978	0.0019706632010638714	-0.003344740020111203	-0.023474212386645377	-1.1633460417215247e-05	-6.815340157118044e-06	-9.16623093871749e-07
1051224079.6285274	-0.0004394613206386566	-0.004740911070257425	-0.023581265122629702	-1.191564149394253e-05	-6.67882187599389e-06	6.463155841629487e-07
1051224283.7753633	-0.0028813262470066547	-0.006079869344830513	-0.023292683879844844	-1.2000006393009244e-05	-6.42627753677516e-06	2.2255751446209615e-06
1051224487.2628955	-0.005334344692528248	-0.007381621282547712	-0.022775262012146413	-1.1967500427090272e-05	-6.104983754084969e-06	3.815524678429938e-06
1051224690.3586826	-0.007730022072792053	-0.008565370691940188	-0.02181001240387559	-1.1701478342729388e-05	-5.658953114107135e-06	5.360506747820182e-06
1051224893.3509808	-0.010053715668618679	-0.009651168948039412	-0.02054613223299384	-1.127455880123307e-05	-5.130283625476295e-06	6.857124390080571e-06
1051225096.5214552	-0.012238019611686468	-0.010589524288661778	-0.018925788812339306	-1.0651830621100089e-05	-4.508183110374375e-06	8.257412901002681e-06
1051225300.1978123	-0.014342470094561577	-0.01144680508878082	-0.017119048163294792	-9.9213251587571e-06	-3.8342740253938246e-06	9.606671483197715e-06
1051225504.7348654	-0.016238147858530283	-0.012122540501877666	-0.01498474832624197	-9.002864999274607e-06	-3.0803962545178365e-06	1.0812433174578473e-05
1051225710.5727683	-0.01800306490622461	-0.012687226990237832	-0.012659246101975441	-7.96898348198738e-06	-2.277400540151575e-06	1.1930136111004686e-05
1051225915.7023127	-0.019597765989601612	-0.013121634197887033	-0.010159835685044527	-6.825317996117519e-06	-1.4338434084493201e-06	1.2931728861076408e-05
1051226118.6805655	-0.02087509771808982	-0.01333758162218146	-0.0074645644053816795	-5.552504262595903e-06	-5.576890771408216e-07	1.3717321849071595e-05
1051226319.9935952	-0.02185068151447922	-0.013357050585909747	-0.004642041865736246	-4.186888645563158e-06	3.325409352328279e-07	1.4298628684628056e-05
1051226520.0631684	-0.022590297390706837	-0.013227904040832072	-0.0017464347183704376	-2.760380539257312e-06	1.2269979379198048e-06	1.471958907472981e-05
1051226719.247773	-0.023029383533867076	-0.012916310341097414	0.0012063863687217236	-1.2784821592504159e-06	2.1144364836800378e-06	1.4937628758815436e-05
1051226917.8628092	-0.02311583887785673	-0.012401130166836083	0.004171245731413364	2.374792984483065e-07	2.9764627242911956e-06	1.4920097669346433e-05
1051227116.2160218	-0.02294556045671925	-0.011742680217139423	0.007118863053619862	1.7663335256656865e-06	3.8130137909320183e-06	1.473011462849172e-05
1051227314.5807323	-0.022425867151468992	-0.010898588574491441	0.009993914514780045	3.283597607151023e-06	4.599096769197786e-06	1.4309822518043802e-05
1051227513.2482525	-0.021691350149922073	-0.00994233088567853	0.012814013287425041	4.790046887137578e-06	5.351581535251171e-06	1.3745490377914393e-05
1051227712.5184083	-0.020617886213585734	-0.008819548645988107	0.01549252774566412	6.246930297493236e-06	6.033874228705827e-06	1.2961115658072231e-05
1051227912.7240843	-0.019212248967960477	-0.007544368505477905	0.017975575290620327	7.6254550549492706e-06	6.6309936528341495e-06	1.1964354143856326e-05
1051228114.2182325	-0.017510253936052322	-0.0061430090572685	0.020232826936990023	8.907518349587917e-06	7.137445606986148e-06	1.0780580851132981e-05
1051228317.4466844	-0.015610405011102557	-0.0046586086973547935	0.022333037806674838	1.0122420235347818e-05	7.581466149986227e-06	9.470281611356768e-06
1051228522.9420632	-0.013407758437097073	-0.003063356736674905	0.024107650388032198	1.1189445103809703e-05	7.905929209073292e-06	7.975424978212686e-06
1051228731.4026707	-0.011014465242624283	-0.001397476065903902	0.025681645842269063	1.2166159649495967e-05	8.156272500059458e-06	6.362035946949618e-06
1051228938.6211927	-0.008428172674030066	0.0003041147720068693	0.026864581741392612	1.2954418480148888e-05	8.27836807459903e-06	4.640103043129784e-06
1051229144.3887092	-0.005678129848092794	0.0020018157083541155	0.02753617090638727	1.3491986919689225e-05	8.241774736461593e-06	2.8363083401927724e-06
1051229349.1370041	-0.002887217327952385	0.003689385950565338	0.02803203315124847	1.3942795419552567e-05	8.151605641160131e-06	1.011236918202485e-06
1051229553.251363	-1.890677958726883e-05	0.005332596600055695	0.02806288391002454	1.4162897031155808e-05	7.924409715087677e-06	-8.418226116191363e-07
1051229757.0421748	0.0028717913664877415	0.00691641797311604	0.027714708703570068	1.4193467805512228e-05	7.589508300043235e-06	-2.6923314635496354e-06
1051229960.8030659	0.00575528247281909	0.00842994637787342	0.02701897080987692	1.404929457748949e-05	7.1585815817343246e-06	-4.523275492829271e-06
1051230164.7978748	0.00860134419053793	0.009853805880993605	0.025964518543332815	1.3723567747092602e-05	6.631484779973107e-06	-6.315008022284019e-06
1051230369.3039817	0.011346867773681879	0.011138465721160173	0.024480419466271996	1.3177764571992157e-05	5.994596904201899e-06	-8.023566579140606e-06
1051230574.5771179	0.013996687717735767	0.012311401311308146	0.022696470841765404	1.2477320410653192e-05	5.28311352354649e-06	-9.660288696977659e-06
1051230780.9216076	0.01652398146688938	0.013355773640796542	0.020604651886969805	1.1616639881140145e-05	4.497040890782955e-06	-1.1208355317648966e-05
1051230988.6512692	0.01882365928031504	0.014196764212101698	0.018127080984413624	1.0551034165473538e-05	3.6243534395907773e-06	-1.2596961823874153e-05
1051231198.1820571	0.020898025715723634	0.014852028456516564	0.015349571593105793	9.322872983830166e-06	2.6878335575020174e-06	-1.3833474895363906e-05
1051231407.9123905	0.02267071628011763	0.01528550626244396	0.012311679311096668	7.946715413709171e-06	1.7046747871063417e-06	-1.4871242569824972e-05
1051231615.8159044	0.024167168186977506	0.015533423153101467	0.009127393830567598	6.479303465312114e-06	7.030781716821366e-07	-1.5732260521872377e-05
1051231822.313572	0.025342358625493944	0.015572384829283692	0.005808832589536905	4.923153028357774e-06	-3.1016145385365235e-07	-1.6388391941291047e-05
1051232027.7726575	0.026241107378154993	0.015436629590112716	0.002401439007371664	3.3019171041814843e-06	-1.3274210459712776e-06	-1.687051945964413e-05
1051232232.4956732	0.026730960904387757	0.015053830109536648	-0.0010775486007332802	1.6158899143192684e-06	-2.3324611220232327e-06	-1.7094228242697795e-05
1051232436.7293123	0.026898315125436056	0.01448372087907046	-0.004573423881083727	-1.0460439625603613e-07	-3.31887565607758e-06	-1.7116771203973258e-05
1051232640.7100614	0.026686048950068653	0.013702132506296039	-0.008041872177273035	-1.8418706986267352e-06	-4.2697985236372915e-06	-1.6902634058624244e-05
1051232844.6625171	0.026100415969267488	0.012721896637231112	-0.0114342519082129	-3.572637297111214e-06	-5.172873443370918e-06	-1.645670010930189e-05
1051233048.8088979	0.02520266396459192	0.011581281898543239	-0.014733199961483479	-5.286090527079068e-06	-6.029197038515122e-06	-1.5817136159057554e-05
1051233253.385249	0.023919701809063554	0.010253283195197582	-0.017861420288681984	-6.948471536816214e-06	-6.810913077970326e-06	-1.4938846220502455e-05
1051233458.6540494	0.02233061660081148	0.008782485267147422	-0.020821856800466776	-8.557613682569354e-06	-7.525933597207768e-06	-1.386989674756478e-05
1051233664.9253076	0.020362076815217733	0.007148212753236294	-0.02350324857980013	-1.006221418720088e-05	-8.136577605455386e-06	-1.2566177701955894e-05
1051233872.5759299	0.018183795269578695	0.005421564448624849	-0.02604099246673286	-1.1520712632773211e-05	-8.695136614278454e-06	-1.1127143352496205e-05
1051234082.0941813	0.015635701827704906	0.0035552619956433773	-0.028203499037772417	-1.282564755911153e-05	-9.12234713723592e-06	-9.458650993110496e-06
1051234294.1230694	0.012753219809383154	0.0015815701335668564	-0.02992751682177186	-1.3942570490144135e-05	-9.402880550624104e-06	-7.583474598504836e-06
1051234504.3874365	0.009699359070509672	-0.0004150157328695059	-0.03125798283144832	-1.4880928688398853e-05	-9.561064437058064e-06	-5.601074235528358e-06
1051234712.5544327	0.006542828865349293	-0.0024160530883818865	-0.03230402525514364	-1.56891723577246e-05	-9.631713425051203e-06	-3.5490229493007064e-06
1051234919.0429358	0.0032545062713325024	-0.004405479645356536	-0.03289398009655997	-1.6280271978530436e-05	-9.562990243239256e-06	-1.4159952570480527e-06
1051235124.2403969	-0.00012092944234609604	-0.006354105193167925	-0.03300849159131758	-1.663934749984719e-05	-9.35196783302672e-06	7.687631295993924e-07
1051235328.4599116	-0.0035375175066292286	-0.00824500317685306	-0.03269645001273602	-1.678575409869154e-05	-9.01489323723581e-06	2.9779521355521865e-06
1051235531.9982032	-0.006926475092768669	-0.010004020994529128	-0.03177462611347437	-1.6620297003555606e-05	-8.505388848334405e-06	5.157773557584733e-06
1051235735.1237026	-0.01024421863257885	-0.011641268851235509	-0.030426775105297565	-1.6230607627676363e-05	-7.87735325502581e-06	7.287870630534599e-06
1051235938.1139456	-0.013484701048582792	-0.013170188991352916	-0.02874163375236094	-1.565885281706869e-05	-7.155048479035031e-06	9.367230859425035e-06
1051236141.2559712	-0.016609440557658672	-0.014560796204023063	-0.026677075773477554	-1.4879351283525466e-05	-6.329285042738775e-06	1.1367133765816106e-05
1051236344.8765833	-0.019569075666368008	-0.01578147045802325	-0.024215026292949915	-1.3878183381166309e-05	-5.3987774890629225e-06	1.3252587677925476e-05
1051236549.3228617	-0.022292974637821317	-0.016789232031442225	-0.02134151430800557	-1.2642584806599189e-05	-4.365561039776367e-06	1.4974627674746444e-05
1051236755.0192796	-0.024705576244741678	-0.017543605354148895	-0.018070493824779987	-1.1174073506481363e-05	-3.2402323313363013e-06	1.648218460559292e-05
1051236960.370902	-0.02679925551638007	-0.018064356001559645	-0.014528630767017603	-9.535498065815773e-06	-2.0591638758560293e-06	1.7772629348655755e-05
1051237163.5252984	-0.028487164061516523	-0.01831379246141296	-0.010778341442346573	-7.753722002235008e-06	-8.486264277962619e-07	1.8788543457048945e-05
1051237364.9668442	-0.029924849863164127	-0.018401261913822964	-0.006927581503987312	-5.892975650567678e-06	3.745865342352772e-07	1.9634261036571843e-05
1051237565.1302451	-0.03089498053304851	-0.018195727898273617	-0.002939715515822172	-3.923800477423356e-06	1.5996218962754938e-06	2.0164476808304244e-05
1051237764.3864415	-0.03149902480072342	-0.017769986065104604	0.001107141375541687	-1.8927635210275184e-06	2.812905449900427e-06	2.044752286600726e-05
1051237963.0475396	-0.03159493035491323	-0.017052824026905	0.005161120556294918	1.7984098121814895e-07	3.9855193563198554e-06	2.039235027950781e-05
1051238161.4122831	-0.03143531363457441	-0.016192270908504725	0.009202124085277319	2.2688182070851326e-06	5.134389652994287e-06	2.0163405565654102e-05
1051238359.7707742	-0.030848931754007936	-0.015100828488357365	0.01317630521953106	4.35427045886172e-06	6.227379458323412e-06	1.965153933269903e-05
1051238558.4041713	-0.02984509721864015	-0.013793216785416007	0.017034273594617844	6.408968374671531e-06	7.2505597472627414e-06	1.8865251036004338e-05
1051238757.6121743	-0.02840209915302694	-0.012270048726350069	0.020707718562334776	8.397756346312235e-06	8.181917564797914e-06	1.779429931048071e-05
1051238957.7096497	-0.02660163468681276	-0.010578033747151494	0.024196254089474678	1.0314896599084022e-05	9.028359045260004e-06	1.649219120736234e-05
1051239159.0650066	-0.024327624822035432	-0.008681184146553278	0.027340886648744345	1.2084346508345334e-05	9.733947877066385e-06	1.4893103070789948e-05
1051239362.1150004	-0.021714155096560717	-0.006646377267315984	0.03019236191175878	1.3724250720770215e-05	1.032523556432352e-05	1.3082105851935921e-05
1051239567.3743973	-0.018703626468777657	-0.00446884473785758	0.032603047555312514	1.5162042927840957e-05	1.075545426942881e-05	1.1031120266125072e-05
1051239775.5333275	-0.01541707944124937	-0.0021976192947477102	0.03467831062152982	1.644493067942676e-05	1.1065510449270732e-05	8.813450904199271e-06
1051239982.9074311	-0.011913120746612549	0.00011326302774250507	0.03631004923954606	1.7513542957203754e-05	1.1230075845247711e-05	6.474054771388182e-06
1051240188.7851744	-0.008240988943725824	0.0024294538889080286	0.03746549296192825	1.8348733021866792e-05	1.124483581804725e-05	4.047700258524856e-06
1051240393.6111922	-0.004429444670677185	0.00472129974514246	0.038075120974099264	1.891453615598948e-05	1.1093708707221595e-05	1.5577275007672142e-06
1051240597.7669181	-0.0005359426140785217	0.006955922348424792	0.03813851191080175	1.9208680399174227e-05	1.0782541551179747e-05	-9.583354767528363e-07
1051240801.5803696	0.003390764817595482	0.009128649486228824	0.03777728555724025	1.9290818329409376e-05	1.0350044931328739e-05	-3.4760116705001565e-06
1051241005.3406014	0.007303223479539156	0.01118117873556912	0.036827508942224085	1.907671725120963e-05	9.755697988111933e-06	-5.955585265837726e-06
1051241209.3120338	0.011126726865768433	0.013071185210719705	0.03529086266644299	1.8564290940048522e-05	9.007321864373807e-06	-8.349734798684949e-06
1051241413.7607335	0.014832951128482819	0.014808427775278687	0.03330351714976132	1.7821063920564484e-05	8.145267429426895e-06	-1.0648989928085939e-05
1051241618.9536057	0.01835836749523878	0.016349947778508067	0.030830312985926867	1.6826415276227635e-05	7.165696501942875e-06	-1.2811660099032451e-05
1051241825.1880345	0.021726236678659916	0.017734011518768966	0.028002490289509296	1.5647190593881533e-05	6.1022728914394975e-06	-1.4861366025797906e-05
1051242032.7885079	0.024804897606372833	0.018861936638131738	0.024696490727365017	1.4214477687346516e-05	4.932816068503598e-06	-1.6707998838683125e-05
1051242242.1393673	0.02758878469467163	0.019748053571674973	0.0210042642429471	1.2573268122650916e-05	3.682428200590948e-06	-1.8354596022618352e-05
1051242452.061531	0.030073073459789157	0.02040760638192296	0.017020333558321	1.0769091204565484e-05	2.3765954892951413e-06	-1.980382216970611e-05
1051242660.1091683	0.03212397126480937	0.020771533367224038	0.012783100362867117	8.812425221549347e-06	1.0373215673098457e-06	-2.0971532080693578e-05
1051242866.7222936	0.033669867436401546	0.02080782018310856	0.00833911495283246	6.721297268086346e-06	-3.169272986269789e-07	-2.1814750198245747e-05
1051243072.2603794	0.03490295365918428	0.020647746801842004	0.0038016648031771183	4.5604440401803e-06	-1.6737500345698209e-06	-2.246246125992002e-05
1051243277.0283016	0.035562220436986536	0.020141589164268225	-0.0008330889977514744	2.312606738996692e-06	-3.011044782397221e-06	-2.2746843908905134e-05
1051243481.2906601	0.03583094962959876	0.019408654421567917	-0.005488031543791294	2.392789610894397e-08	-4.325392751525214e-06	-2.2788265511053396e-05
1051243685.2803735	0.03560136002488434	0.018397136707790196	-0.010112118441611528	-2.287588131366647e-06	-5.593611831500311e-06	-2.2518966432016896e-05
1051243889.2234603	0.034959423122927547	0.01716222648974508	-0.014673232566565275	-4.603056822816143e-06	-6.815362894485588e-06	-2.1993754558025103e-05
1051244093.3431959	0.03372741362545639	0.015626177191734314	-0.01904687425121665	-6.871353434689809e-06	-7.940568593767239e-06	-2.1102923710714094e-05
1051244297.8706008	0.03210710431449115	0.013899428304284811	-0.02325794007629156	-9.095326959140948e-06	-8.994696941044822e-06	-1.9971695792264654e-05
1051244503.0680382	0.030023311031982303	0.011956389294937253	-0.02721542865037918	-1.1234457133468823e-05	-9.945765896191006e-06	-1.8553552308731014e-05
1051244709.2386454	0.02754352823831141	0.009835768258199096	-0.030918396543711424	-1.3285117120176437e-05	-1.0799340145695169e-05	-1.6888614709387184e-05
1051244916.7509319	0.02455415902659297	0.00750898034311831	-0.034176400396972895	-1.5158347196120303e-05	-1.14919060365537e-05	-1.4910005802448723e-05
1051245126.0695183	0.021160961128771305	0.005033287685364485	-0.03700576978735626	-1.6856080605975876e-05	-1.2036642999646574e-05	-1.268114942831744e-05
1051245337.8332621	0.017463672906160355	0.0024456826504319906	-0.03951123752631247	-1.8424504901304317e-05	-1.2470480342585688e-05	-1.0257513395117712e-05
1051245548.3096887	0.013469400350004435	-0.00020481925457715988	-0.04145668039564043	-1.9740614106922294e-05	-1.2725516771894263e-05	-7.651274927411578e-06
1051245756.6422212	0.009263683576136827	-0.0028670630417764187	-0.04282988584600389	-2.079000245203133e-05	-1.280372011080999e-05	-4.915940507999039e-06
1051245963.2737601	0.004888092167675495	-0.005501468665897846	-0.043547603068873286	-2.152540389488422e-05	-1.2683735036489452e-05	-2.081074853776954e-06
1051246168.5832413	0.0004175533540546894	-0.00806503533385694	-0.043608634237898514	-2.1938651656228103e-05	-1.2369987757665513e-05	8.05603804110433e-07
1051246372.8855392	-0.004081635270267725	-0.010541981551796198	-0.04312884755199775	-2.2081053174360932e-05	-1.189885233543464e-05	3.7068809888296528e-06
1051246440.0	-0.005563256796449423	-0.011334284208714962	-0.04284807574003935	-2.2065597164555584e-05	-1.1708553699918411e-05	4.659972546505742e-06
