1051160040.0	-680115.5851790947	187293.02177610213	3022637.345486988	1513.6310065311943	917.5378347659666	280.9958482782914
1051160050.0	-664968.1200805164	196465.24926358694	3025397.3103770628	1515.8536846312495	916.9026126130243	270.995569212228
1051160090.0	-604163.5002290563	233086.0953960044	3035435.793892345	1524.2435507581515	914.0590358408929	230.90589263727136
1051160250.0	-358073.4476447138	378142.81346428156	3059486.576043106	1549.7150357512733	897.8716527634116	69.51056348554086
1051160890.0	635515.1078871803	914590.4856793357	2898046.3289859053	1520.1721880503192	759.6162798058486	-568.1963392396685
1051161746.7640786	1810841.3525774898	1431089.2540549196	2086714.4492063113	1168.3583023623883	422.06579467342397	-1286.6811102381905
1051162322.3257806	2373945.8315745117	1592767.8839574212	1247206.098529865	771.1136861143414	135.0021860808341	-1603.7230436304942
1051162869.989428	2674698.6608119584	1588540.4861234266	322746.68172720284	318.88311753647474	-149.9242004963718	-1744.6371471118484
1051163644.4599819	2659790.071378045	1325309.41735665	-1016084.4207802048	-355.3523240500973	-518.1174643326212	-1657.2115973572509
1051164460.0623769	2103839.830750065	779889.7307473161	-2214980.5948282927	-982.6241590567995	-795.1905890730934	-1231.6229937018995
1051165102.5040885	1351028.3210761135	229970.60587842314	-2846838.620971824	-1335.204744108683	-898.1264718056029	-714.6776753858248
1051165709.4894019	478921.98730253504	-317866.5916374016	-3109682.1920896145	-1510.6432478727006	-889.6307545510708	-143.31371748476988
1051166418.143783	-600939.0857948745	-907326.5765216261	-2967616.3793701846	-1497.036903253972	-752.1391810748529	539.1702107806701
1051167298.1516725	-1794188.8500281593	-1434806.1087727686	-2158746.1285530524	-1159.2092901524077	-421.82870333468054	1262.724087068066
1051167884.1829057	-2364728.884382339	-1600356.6499975508	-1315790.274780244	-769.6895069383589	-137.63858326758125	1588.4028301218555
1051168472.7972221	-2679964.060025569	-1592274.747300332	-325870.44650956395	-290.76431919774	165.31320609986366	1744.2686038361107
1051169240.6881936	-2645500.4647605284	-1320441.413025441	1001875.8946903105	380.42330688891684	532.1286205152395	1658.5962461851557
1051170069.4197627	-2051123.5941851905	-750735.8343391452	2215273.5358474376	1028.1804004698433	817.4418885796752	1213.9810058072453
1051170585.2944611	-1439346.1794118052	-302602.16229281254	2736130.131085416	1326.5097085487835	907.3084011446265	790.2748608360095
1051171084.263462	-727771.0244374116	156259.4589666156	3013359.2720357035	1506.1893345231529	919.333642736883	313.13094656199866
1051171849.1247808	456750.83604586317	822101.3618219367	2958334.7552098865	1541.1206133787853	793.6384538137996	-454.65848177137
1051172677.5262742	1635171.4708110038	1363781.5098557814	2266880.0052633816	1250.3674110408667	489.685173995266	-1182.4746909238327
1051173487.9077945	2439838.4613431036	1602542.1420150946	1102848.193945833	700.7330070059169	89.6435546593473	-1637.9389463687749
1051174170.351758	2724198.6431435514	1542765.063961121	-69364.6507618995	123.13432413868169	-261.99939972099025	-1753.879849716095
1051174814.3311776	2622510.8208879223	1276320.0885808116	-1169382.483167099	-434.46908550252823	-555.7993586720859	-1624.720018124901
1051175699.6106087	1934300.1129792887	649125.4584095036	-2406386.5492210863	-1086.6898636816186	-831.1616638424482	-1112.875598755767
1051176538.6748636	845864.3676975013	-93213.21351872422	-3044919.3662522784	-1459.4123326864783	-905.5545523534931	-381.82018633052576
1051177264.9776821	-254025.57710263	-725404.248869044	-3066927.222038052	-1527.6080712956882	-811.3358722350515	322.0375913466414
1051178062.8087968	-1407856.5074277287	-1280368.3005807486	-2517670.486745169	-1316.3628107813583	-556.4182146227996	1032.5424985163272
1051178907.0111277	-2322622.377246577	-1591506.4185071609	-1400364.7126888775	-809.0120508824759	-166.0975591601534	1565.532839213792
1051179645.3078406	-2703616.026038751	-1574268.3322490049	-157693.88486820145	-206.85872886037185	212.84411658749937	1752.0537212867046
1051180353.612557	-2630188.4562785984	-1301877.188857873	1062567.826302166	412.494385238623	546.4591674160778	1646.5768019944817
1051181214.2630048	-1977768.7446321452	-696261.1492693757	2297125.7777896672	1074.0301044142236	832.875167249312	1163.32592368819
1051181862.7354823	-1161970.8647603763	-120986.91497400508	2876936.519935869	1413.1960762310161	920.9319295565886	603.779573026564
1051182597.6468548	-51869.20603206284	546463.6790356836	3054523.3703146707	1562.848090792298	868.405560541001	-127.88927871943001
1051183213.5050391	893899.3348430512	1036312.3190352195	2787835.1130829495	1476.4384263528755	705.8084459057643	-728.9217320108481
1051184064.7960886	1996968.5426538044	1492479.390170103	1865379.5404335035	1063.9193095474316	345.00096656902434	-1394.2195471879652
1051184845.9059168	2605199.8774749013	1607079.6349841938	629255.2911521879	468.5962099659519	-55.72409206780387	-1717.5989997186502
1051185509.1851072	2725869.8028246337	1458293.628894977	-527431.1223927885	-108.02720133501921	-387.0075696078061	-1728.8129854377742
1051186207.5108097	2442840.397198916	1083007.1691693137	-1663048.0553999038	-690.9696438612266	-673.3275436282386	-1481.7584982401363
1051187081.9688514	1573503.1967040808	389572.00519238424	-2710315.783499362	-1256.2200224306325	-880.3152653499825	-866.2077646356055
1051187899.9623717	419388.8555723614	-345693.57987871254	-3115122.0584917814	-1516.011771876001	-885.9595420840616	-106.71282862313387
1051188557.5448819	-583258.5485465052	-892159.6277798543	-2975419.7347272453	-1499.047807070726	-757.3059061851039	526.9807874703628
1051189439.8227702	-1782885.3048279847	-1426790.6468748557	-2172981.48612521	-1164.2140603122143	-429.4004773199726	1255.795021730926
1051190048.3500829	-2374134.3197327377	-1600300.6712249191	-1297474.853259021	-759.367725409403	-134.8594297671046	1593.9275068416719
1051190605.5774575	-2673610.3137804354	-1595622.804645084	-360099.61068440735	-305.9347510791488	151.92591931445537	1742.8098100573957
1051191381.2402083	-2648121.859098283	-1329431.3692902282	982703.8157998451	371.93426585025566	524.016310492931	1663.052586775635
1051192204.215746	-2066032.360498986	-769919.3048222576	2194722.5784462397	1017.5717168627302	811.0491161017028	1227.1197206202582
1051192808.905269	-1339992.6739011998	-243499.57529100557	2791190.2240910633	1359.9393248830468	912.678313367915	725.4506719560314
1051193415.2155031	-451513.0291900114	313333.7073413668	3054368.516597271	1541.1939754851887	905.5129523959961	133.6628770121653
1051194101.8780674	614257.7114877373	895001.4549692486	2908650.08947461	1522.6049901219	766.6702137637313	-552.4427736366856
1051194958.3403397	1793694.254829034	1419552.0841241952	2109399.5298194243	1176.3002883467057	433.884303644337	-1275.4454430897154
1051195567.3459111	2387893.738100036	1593256.6404910889	1221393.4321131357	755.8390972267998	131.1831122104627	-1610.8302748158676
1051196304.8967601	2721466.2252953695	1548778.6869010373	-38367.446689702	136.5447036245969	-249.2921252898796	-1754.6194576884147
1051196895.6726941	2649613.870883475	1318388.6602310082	-1053583.7313031056	-376.7020212699843	-522.9463494343754	-1650.3188595282284
1051197783.3776114	2004312.1475309494	711917.0615014161	-2329129.0545983305	-1045.3913810970118	-814.2979466501803	-1164.4076679273164
1051198401.2132134	1252209.0082331647	176588.32337747954	-2895813.0953281606	-1364.581948481036	-901.211364283527	-652.1182728882341
1051199188.5194958	92744.43840508888	-527053.6844536118	-3116335.240449134	-1533.0208523021188	-857.3342013660167	100.75905606960723
1051199856.5278711	-914086.3197056514	-1050202.394191038	-2835460.923420973	-1446.1919174527513	-690.624990390182	730.6823876042911
1051200728.5176182	-2018363.4670461535	-1505763.7026365793	-1890977.389281851	-1035.1604161445102	-332.77074552038505	1393.2122741536198
1051201521.2382923	-2613669.3126194268	-1613153.378819013	-637214.593873073	-440.4431693645229	67.15021960248882	1717.6522190177645
1051202207.454722	-2712928.9204769335	-1447780.121889825	559531.7133728177	155.88585106280297	409.3406541434458	1726.0818172469465
1051202940.2173126	-2368704.223434294	-1032156.8728938857	1739622.377742563	770.9454805148732	709.0030593193143	1447.3050648081728
1051203800.3029166	-1450433.3249930777	-324167.27645238716	2727528.091330055	1321.678912803478	904.1434715089878	802.3198906424943
1051204346.9971225	-668731.3016706776	177863.31219573828	3025435.861931159	1514.5850124227222	917.3569759737637	278.33939864574455
1051205096.6831179	493102.4119912267	828235.0612274631	2950742.749982272	1536.8004951336366	790.7962756063363	-474.44455675296166
1051205937.0543723	1678763.7943460725	1372805.7762558367	2229991.762308453	1230.309958891757	480.3326644686842	-1206.7451112646027
1051206745.182807	2461682.512688382	1603284.5727795504	1054749.5599466665	673.6327537274623	80.5763770945226	-1649.0986250239519
1051207420.0418525	2725764.809418222	1539613.7652340895	-107941.40931149512	100.36709054077602	-266.3346724819782	-1754.0078263174964
1051208091.3883133	2596954.828781887	1255319.7616211586	-1249644.5610731076	-478.44108722049253	-569.8583698807743	-1606.483620015975
1051208975.3193517	1876233.970637851	620038.3269735816	-2460168.8114278503	-1117.2954845799622	-837.3175336910548	-1076.8249439147903
1051209811.4832138	773613.554756259	-121496.37340336552	-3062843.9690457573	-1471.3359397598708	-903.7959465641391	-338.96254962463837
1051210557.6813866	-359117.72677693196	-766094.4697634941	-3045545.765363141	-1520.485303803602	-798.7699620351374	384.7141163058883
1051211382.5350165	-1531554.4594184249	-1321620.9886075146	-2420145.312050453	-1271.236906317036	-523.876537939176	1105.3673686366928
1051212219.083979	-2389878.2216402884	-1600550.402503128	-1266312.778022525	-741.76969791637	-129.89698606389663	1602.9439450224786
1051212938.3242979	-2713816.966765213	-1561026.7705884015	-41659.31989567492	-145.40914717847758	238.96875655602523	1755.5562360952322
1051213543.8083155	-2640923.0607777154	-1327730.8684796772	1002826.114305918	384.61193629342	524.4466639797159	1660.1767172089696
1051214426.2405255	-1987144.8713657062	-719358.5646385847	2281533.8038529167	1066.7973134236522	825.5976503117984	1175.320008288244
1051215009.3574618	-1266428.39113585	-207046.1337219667	2827569.108792669	1382.2652919945833	915.2096514148562	679.6079406006472
1051215794.6718085	-90525.13854979372	508226.3966613759	3059890.413068568	1561.4834365554675	875.394712937797	-98.27798757980128
1051216445.4376011	908380.7757423753	1029591.9379272115	2785588.14427664	1472.6028283406545	708.2783015723206	-734.6428365457467
1051217295.6735585	2005439.1685646225	1488245.21537278	1860228.5591732047	1057.2024666088682	349.64761527212085	-1397.8953639375288
1051218078.1245674	2608398.169585301	1606807.3962693731	619606.4784848364	459.39242050922076	-50.90268839399085	-1719.7303616187614
1051218733.4428117	2723848.2732067197	1464285.415781348	-524002.41189543373	-110.11880620816022	-378.46768588291513	-1730.1326302245202
1051219435.2726449	2437147.3124161824	1092069.1377028772	-1666020.632909293	-695.1199768727241	-667.8136760776492	-1482.006612362578
1051220309.8399835	1564820.2729890256	402105.9748367169	-2713304.7765598497	-1258.5562840071175	-877.8717160349622	-865.6428553770743
1051221127.7106507	409866.6327119669	-332439.05704136135	-3117263.927075228	-1516.1008581215194	-886.9354380648803	-105.3333550656946
1051221784.2129254	-590576.8607532585	-879591.3058728803	-2976979.44493329	-1497.3559818213143	-761.148358020109	528.0713066495928
1051222666.8351752	-1788139.2581362885	-1419071.2189810672	-2172791.4721528688	-1160.1881418827686	-435.8299550710838	1257.824342688805
1051223290.4371043	-2387849.635772897	-1598919.1784990472	-1271931.353508357	-742.7652432029512	-134.60618968770066	1602.1089391681785
1051223727.0582942	-2636551.755325328	-1608738.787939193	-540967.0738022949	-390.2554748620401	90.10702523005662	1729.2785389306619
1051224524.100396	-2671853.6159540536	-1377750.629005186	845118.0475323676	304.61965192964374	480.37747793453605	1689.0426672384576
1051225313.2749115	-2172862.793377741	-874059.6628748464	2048937.49598446	939.5488841031803	774.9487389153619	1309.2536553310308
1051226159.5651997	-1157606.8191730583	-142868.5686783585	2877085.699007833	1412.955338642403	919.1574919931703	608.4478814665442
1051226889.5201206	-55740.408475701945	520939.37771499914	3058459.39429052	1561.6231017914945	872.8520195419608	-118.99969616915405
1051227511.0636774	897885.8262711896	1019114.6304606459	2792703.1433946583	1474.261193009146	713.1650556792408	-726.8014121047489
1051228362.9297698	1999214.9935165574	1483550.6659866648	1870629.9239545204	1060.3337835381976	355.9629248321564	-1393.904017401974
1051229146.6741215	2605736.131769138	1607295.9607328312	629793.323096023	462.62332449260936	-44.7162673487032	-1718.9333192602394
1051229790.7583755	2724579.7780839284	1472864.408275592	-494539.88337697985	-96.74928639165867	-367.5055410490341	-1733.310525735111
1051230482.1364734	2454016.057219782	1114329.3387333674	-1625399.1558027142	-674.9430796405562	-655.955696195827	-1496.7602271296619
1051231358.0254968	1594885.3549556457	430485.6941722516	-2690992.8869960313	-1246.1097876847932	-873.5868280263028	-888.1338693283814
1051232177.9182391	443560.2156799668	-305414.1910900446	-3115192.9682404376	-1512.7342247970753	-889.9427628091252	-128.8715510631284
1051232849.6655719	-579826.8504297505	-867991.8883244821	-2982299.4067876046	-1498.2468393180145	-765.254651616332	520.0514699237933
1051233732.366723	-1779482.884959341	-1412353.1785304206	-2184126.407282839	-1163.6949548780349	-442.44866143708066	1252.3123595408563
1051234368.5792931	-2391211.3845688854	-1598396.8820490174	-1265743.4908031535	-738.0849455756861	-135.68671512477454	1604.2560738885668
1051234862.877778	-2658571.6551737892	-1602695.6289285247	-433955.7670792285	-336.1215595956682	118.73067281595361	1739.4835702519956
1051235653.5953108	-2651919.4242732506	-1353279.4345753575	938638.9797634307	354.06119016512395	502.2623047492668	1673.482548998359
1051236465.0972964	-2094927.7214875964	-817532.7368019298	2149364.1074451446	995.0714337544034	794.8886757516005	1255.988038078639
1051237305.8337954	-1051318.8618742067	-81681.31526345025	2919367.8366549895	1439.620830189982	921.6702330915869	539.2807748202312
1051237816.0301633	-282386.7694420781	385325.8076689093	3065767.6430079546	1553.0007793505451	895.8843491880848	30.392272439316272
1051238409.2631879	637422.2652031351	884368.1902326137	2906633.518434552	1517.8712039476593	770.2660281131817	-561.5342996670231
1051239268.4314525	1813271.2675294268	1414331.2094666734	2096667.4901144383	1164.0316488025464	438.72563712754845	-1284.7050037274387
1051239888.6331229	2407215.6815863918	1592788.099579715	1185848.2962759193	731.7695929864021	131.13807342241557	-1621.1636896470006
1051240624.8473226	2721862.261470426	1548788.9753168728	-75791.43451513952	111.65489164945487	-248.18803962016707	-1755.686989801116
1051241270.2754929	2612551.38991122	1289978.5679097238	-1178923.6413892808	-445.6571883877423	-544.3680080782073	-1624.751637527698
1051242156.0829473	1915498.1594020643	670458.9733609064	-2415556.5467364877	-1094.2119776818806	-824.8275020398673	-1110.28116261933
1051242994.8825064	823259.682120933	-68897.2307002082	-3050846.1223227927	-1461.627342158493	-905.4718885490558	-377.18160178648304
1051243692.5366143	-232682.60401834644	-679536.4940070896	-3077853.3310335134	-1526.9613019777514	-822.8226408510533	300.7676478350023
1051244484.5363008	-1380236.356840554	-1244414.816444482	-2549533.8707846045	-1322.999981432895	-579.9610909397402	1012.0543296104894
1051245332.5811476	-2306279.025426936	-1579315.5985424141	-1439230.9278185575	-818.4592633714434	-194.1500790342565	1557.5433985850357
1051246082.7434856	-2697760.5531153185	-1580972.9918942393	-178127.1502032004	-208.37574272154635	190.5394733405041	1754.4163405155991
1051246440.0	-2716348.820118591	-1480978.4559086752	448005.6342420967	104.96277081043783	367.49523036313195	1738.7495872053958
