1051160040.0	-1.979060471057892e-09	-1.3969838619232178e-09	-9.313225746154785e-10	-4.547473508864641e-13	0.0	1.3642420526593924e-12
1051160050.0	-1.5133991837501526e-09	-1.1059455573558807e-09	-9.313225746154785e-10	-4.547473508864641e-13	-3.410605131648481e-13	1.0231815394945443e-12
1051160090.0	-2.2118911147117615e-09	-1.6589183360338211e-09	-1.3969838619232178e-09	-6.821210263296962e-13	-4.547473508864641e-13	1.9326762412674725e-12
1051160250.0	7.095513865351677e-08	-3.3818650990724564e-08	-3.902241587638855e-07	3.055902197957039e-10	1.8121681932825595e-10	3.419131644477602e-11
1051160667.2013694	9.793095523491502e-05	-0.00010457087773829699	-0.0008427952416241169	6.380485046975082e-07	3.5499544992489973e-07	-4.843843726121122e-08
1051161154.9361011	4.185829311609268e-05	-0.0006944150663912296	-0.0037725106813013554	2.6561876893538283e-06	1.3303193782121525e-06	-9.764719379745657e-07
1051161634.6411483	0.0002176119014620781	-0.0011309096589684486	-0.006591856945306063	3.5995299185742624e-06	1.546956980291725e-06	-2.6668308237276506e-06
1051162103.9789238	0.00033374130725860596	-0.0015767081640660763	-0.00928131234832108	3.4346454640399315e-06	1.1909092165751645e-06	-4.042446335006389e-06
1051162441.6713611	0.0012067323550581932	-0.0013501306530088186	-0.0107085513882339	2.3233170622916077e-06	6.253127224908894e-07	-3.681156158563681e-06
1051162858.7820344	0.0013428819365799427	-0.0015672268345952034	-0.012256895424798131	1.6949265386756451e-06	4.02853771674927e-07	-2.9655993785127066e-06
1051163305.7128733	0.0009235129691660404	-0.0019827126525342464	-0.013181727437768131	2.004343230055383e-06	7.104936798896233e-07	-2.27752752834931e-06
1051163695.274805	0.001502955798059702	-0.001742265885695815	-0.013656077906489372	3.023664191914577e-06	1.4738920981471892e-06	-1.3241349279269343e-06
1051164194.6390816	0.0010202685371041298	-0.0018913868116214871	-0.012992158764973283	4.959257125847216e-06	2.2072824776842026e-06	-3.2753359846537933e-06
1051164686.835386	0.0021745359990745783	-0.001276802271604538	-0.013224897906184196	6.851370017102454e-06	2.7015800014851266e-06	-6.351865067699691e-06
1051165170.2262161	0.004864990245550871	-0.00011622736928984523	-0.015195614658296108	8.274585979961557e-06	2.6424626184962108e-06	-1.0929160112027603e-05
1051165618.9757096	0.008516281028278172	0.0010479069605935365	-0.020028223749250174	8.839597285259515e-06	1.909965590130014e-06	-1.647008929239746e-05
1051166049.9306837	0.01204716312349774	0.0016236782539635897	-0.027589891105890274	7.6113883551442996e-06	-2.37681661019451e-08	-2.294377597422681e-05
1051166436.0833943	0.014617968117818236	0.001236007665283978	-0.03733319230377674	4.495250095715164e-06	-3.002840344379365e-06	-2.924751800037484e-05
1051166934.8478415	0.0158011254388839	-0.0007232544012367725	-0.05117023503407836	-5.174161742615979e-06	-9.734156492413604e-06	-3.561113612704503e-05
1051167420.3813776	0.01182030769996345	-0.006138626020401716	-0.06767698936164379	-1.7990169681070256e-05	-1.746512265299316e-05	-3.7791383647345356e-05
1051167889.591566	0.0014622476883232594	-0.015183682087808847	-0.0841276878491044	-3.2480792810929415e-05	-2.5130366253733882e-05	-3.460597054072423e-05
1051168320.2817677	-0.01468352833762765	-0.026895866496488452	-0.0972344393376261	-4.610335872712312e-05	-3.1366991052550475e-05	-2.6519962602833402e-05
1051168651.1047055	-0.031484770588576794	-0.03786897496320307	-0.10449451894237427	-5.5942213109005934e-05	-3.5154874296949856e-05	-1.6916848380787997e-05
1051168966.8427496	-0.05042850645259023	-0.04936657985672355	-0.10808603488840163	-6.425048314895321e-05	-3.7561285978426895e-05	-4.647017249226337e-06
1051169442.4573469	-0.08132359385490417	-0.0664804030675441	-0.10534350178204477	-7.248014173910633e-05	-3.744881564671232e-05	2.0616154415620258e-05
1051169934.96743	-0.11526193143799901	-0.08289566286839545	-0.08980850665830076	-7.258772564000537e-05	-3.1728680482956406e-05	5.098050519336539e-05
1051170417.4013848	-0.1469131496269256	-0.09535391663666815	-0.06034832214936614	-6.300150425886386e-05	-2.0732852476612607e-05	7.999049864793051e-05
1051170741.5865672	-0.16566945263184607	-0.1006287501368206	-0.03182012354955077	-5.213364170231216e-05	-1.1402428299334133e-05	9.641154190376255e-05
1051171191.1896434	-0.1840292514534667	-0.10230425040936098	0.01442284882068634	-2.9933926725789206e-05	4.790401362697594e-06	0.00011490071335629182
1051171606.3484938	-0.1914064163574949	-0.09714952041395009	0.06361191347241402	-4.538394023256842e-06	2.1161323957130662e-05	0.00012474418284114108
1051172016.6152651	-0.18769216840155423	-0.08529806789010763	0.11471977783367038	2.3813280449758167e-05	3.7669510788873595e-05	0.00012644604487377364
1051172501.273885	-0.1686176706571132	-0.06353007140569389	0.17185880104079843	6.023202877258882e-05	5.6598686114739394e-05	0.00011667772014334332
1051172975.3945357	-0.13349742931313813	-0.034123128512874246	0.22101206285879016	9.359529849461978e-05	7.153114461289078e-05	9.507922004559077e-05
1051173435.1348032	-0.08531149988994002	0.00027579814195632935	0.257212060270831	0.00012089390429537161	8.129845305404615e-05	6.453542255258071e-05
1051173854.8403826	-0.031148109585046768	0.03501577232964337	0.27728280366864055	0.0001397287735471764	8.559666250107512e-05	3.064250336137775e-05
1051174161.2026501	0.013152488972991705	0.0612929027993232	0.2824757816415513	0.00014918613811687464	8.580774942856806e-05	3.3979761155933375e-06
1051174570.5868002	0.07526845205575228	0.09550411743111908	0.2759277274599299	0.000155904657276551	8.212212446778722e-05	-3.61008087566006e-05
1051175066.4605856	0.15000074915587902	0.13259929837659	0.24670237605459988	0.00015339556080107286	7.091006057180493e-05	-8.746370667722658e-05
1051175561.3723372	0.22058825357817113	0.16266712872311473	0.19299583602696657	0.0001379616265921868	5.269117809802992e-05	-0.00013687739101442276
1051176048.6183116	0.2802997217513621	0.1824087060522288	0.1176626980304718	0.00011042955384255038	2.875691063763952e-05	-0.00018003779632635997
1051176523.809768	0.32360664336010814	0.18961626618693117	0.02568237204104662	7.256968024194066e-05	7.381595423794352e-07	-0.00021368693222711954
1051176971.1276332	0.3464075885422062	0.18367679684888572	-0.0738685647957027	2.827672710736806e-05	-2.861410462173808e-05	-0.00023505324605821443
1051177351.9778568	0.3490849738009274	0.16785779292695224	-0.1649758922867477	-1.4784406857870636e-05	-5.48187348385909e-05	-0.00024358134220392458
1051177852.9161621	0.32672508573159575	0.13245667098090053	-0.283865740057081	-7.929465300549055e-05	-9.06566335743264e-05	-0.00023839846016926458
1051178341.9801522	0.2734439049381763	0.08121916954405606	-0.3932254258543253	-0.00014455182918027276	-0.0001229619549576455	-0.0002124234001712466
1051178817.0430137	0.19168745633214712	0.017445720033720136	-0.4830544476862997	-0.00020508316629275214	-0.00014874302053158317	-0.00016635133124509593
1051179264.376502	0.08963616658002138	-0.05243225325830281	-0.5441001993604004	-0.00025443561793281333	-0.00016522235570093358	-0.00010494135676708538
1051179646.8106245	-0.013896000571548939	-0.11688865907490253	-0.5722325185633963	-0.00028702754482878845	-0.00017153163989291897	-4.036687232655822e-05
1051180055.6844597	-0.1356680430471897	-0.18653525272384286	-0.5729403130244464	-0.00030885660916624147	-0.0001688579079086594	3.911891553798341e-05
1051180518.4827092	-0.2789645097218454	-0.260722633684054	-0.5329658973496407	-0.00031283748307942005	-0.00015235969522109372	0.0001377012824832491
1051181010.8691554	-0.426071610301733	-0.3271582374582067	-0.44085529586300254	-0.00028845747533523536	-0.00011826646391455142	0.00024366585762436443
1051181493.021603	-0.5519793559797108	-0.37270403641741723	-0.302588208578527	-0.00023490764465350367	-7.002319182447536e-05	0.0003364945881685344
1051181687.3011854	-0.5949309084098786	-0.3841888709284831	-0.23413728177547455	-0.00020603119037332362	-4.755446184390166e-05	0.00036792757362036355
1051182167.0589216	-0.6725453942781314	-0.39239183760946617	-0.04453078657388687	-0.00011642343838502711	1.5090485362634354e-05	0.00042829154511991874
1051182491.2678252	-0.6990676203568	-0.38034821359906346	0.0982352220453322	-4.61281242678524e-05	5.944917018041451e-05	0.00045051574586096876
1051182872.8425033	-0.6997906407341361	-0.3477699307259172	0.27150216698646545	4.3926165062657674e-05	0.00011185867117546877	0.00045578498497889086
1051183360.5547429	-0.6499290119390935	-0.27852655737660825	0.4856794751249254	0.00016459392873002798	0.00017517745027362253	0.0004265700588348409
1051183838.7946445	-0.5454379993025213	-0.18316340958699584	0.6732576410286129	0.0002765356318832346	0.00022627008894460232	0.0003593048263610399
1051184305.8505327	-0.39516750536859035	-0.06977449846453965	0.8182593423407525	0.00037007404864652926	0.00026098744879732294	0.00026121052405869705
1051184749.4521875	-0.21630085073411465	0.04953444842249155	0.908621535403654	0.0004372316748231242	0.00027720054532665017	0.00014502241879199573
1051185112.9687905	-0.050516588147729635	0.1505531743168831	0.9421454812545562	0.0004729972006884964	0.0002773769980422003	3.872421825690253e-05
1051185523.2106056	0.1473980895243585	0.26163104455918074	0.9321725979680195	0.0004905730278892406	0.0002632076518125359	-8.838469534566684e-05
1051185970.7945901	0.3647069833241403	0.37225998006761074	0.8616981352679431	0.0004802015088216649	0.00023060978230660112	-0.00022849307038086408
1051186468.2268503	0.5908681065775454	0.4729823967209086	0.7126562427729368	0.00043147893984496477	0.0001746526156694017	-0.0003763068307307549
1051186958.1656811	0.781467645894736	0.5410663723014295	0.49881261494010687	0.00034705106213550607	0.00010268682422065467	-0.0005011526249063536
1051187338.4806411	0.8974350865464658	0.5681762653257465	0.2935222056694329	0.00026025411148111743	3.8704499957020744e-05	-0.000576967212737145
1051187786.1005335	0.9868580206530169	0.5674270645831712	0.021497737616300583	0.00013708434380532708	-4.329325531671202e-05	-0.0006383522413955234
1051188209.1496652	1.0175158722267952	0.5324160320451483	-0.2542904047295451	5.343284783521085e-06	-0.0001232712567116323	-0.0006634329088228696
1051188633.9627995	0.990070965141058	0.4634147873148322	-0.5344013348221779	-0.00013619743731396738	-0.00020202032237648382	-0.0006526799144239703
1051189130.7310919	0.8814607074018568	0.3426280983258039	-0.8431530315428972	-0.00030530619892488176	-0.0002867750476980291	-0.0005908194100356923
1051189614.4397094	0.6971612686756998	0.18805802008137107	-1.1024172534234822	-0.00045985268457116035	-0.00035373778780467546	-0.0004791740541350009
1051190080.3384918	0.45361800165846944	0.01308274851180613	-1.2912355901207775	-0.0005870984492730713	-0.0003974563883417659	-0.000327299287846472
1051190499.0233018	0.18930764123797417	-0.1573715207632631	-1.3940501915640198	-0.000673624999308231	-0.00041495106580669017	-0.00015977400198607938
1051190848.2681534	-0.05465076444670558	-0.3021017271094024	-1.4227785534458235	-0.0007200283079953351	-0.0004116157369935536	-3.140076842100825e-06
1051191238.1659045	-0.33996957214549184	-0.4583492891397327	-1.387997057638131	-0.0007394790956141151	-0.0003872515594594006	0.00018313263944946812
1051191736.5303648	-0.7007600148208439	-0.6356474673375487	-1.2375084711238742	-0.0007081398808850281	-0.0003231349869565747	0.00042591443866513146
1051192225.6012518	-1.0243949126452208	-0.7706543355016038	-0.9763005063869059	-0.000612921035326508	-0.0002269291935590445	0.0006457160552599817
1051192704.3200691	-1.2825464175548404	-0.8511901342426427	-0.6253325580619276	-0.00046150923731147486	-0.00010694488025819737	0.0008219348113698288
1051193168.2519668	-1.4528857334516943	-0.8705971647286788	-0.2165804305113852	-0.00026891910420090426	2.515548760584352e-05	0.0009383338837096744
1051193604.5404396	-1.5250835353072034	-0.8316165371797979	0.20459243329241872	-5.900375458622875e-05	0.00015436521164247097	0.0009876105265789192
1051194001.3236005	-1.5085260576452129	-0.7477254082914442	0.5955446725711226	0.00014419963167711103	0.0002682784147509665	0.000976673138438855
1051194488.0326046	-1.3782070826273412	-0.5867620708886534	1.0502192163839936	0.00039416374875145266	0.00039417952802978107	0.000888507083004697
1051194965.0491884	-1.1370337007101625	-0.37553499080240726	1.4365349360741675	0.000617989395323093	0.0004911437937948904	0.0007267293458426138
1051195430.0518867	-0.8074911129660904	-0.1325440094806254	1.724742275197059	0.0007980028220799795	0.0005523159636595665	0.0005083224425561639
1051195867.9185448	-0.4304774575866759	0.11496314313262701	1.8943501674802974	0.0009203574020375527	0.000575249501295616	0.00026194940687673807
1051196275.4786351	-0.040968265384435654	0.34797015227377415	1.9503425321381656	0.0009856532017522568	0.0005646583499583357	1.0568644711383968e-05
1051196652.2271824	0.33433774299919605	0.5544086820445955	1.9093798196408898	0.0010008567392389978	0.0005276766850101922	-0.00022923717006051447
1051197138.8570932	0.8108245604671538	0.7911120424978435	1.7240265232976526	0.0009537853297842958	0.00044275453728914727	-0.0005341236151252815
1051197634.5901014	1.2538411132991314	0.980341506190598	1.3896867274306715	0.0008297192495092531	0.0003183179937877867	-0.0008157076197221613
1051198122.7922826	1.613702654838562	1.099343036301434	0.9358122376725078	0.000639370814724316	0.00016640415242363815	-0.0010428865703033807
1051198599.6633097	1.8625273065408692	1.1394171853753505	0.4003038238734007	0.00039887100047053536	-7.077395594023983e-07	-0.00119953114983673
1051199008.6636797	1.9776759667438455	1.1086278926813975	-0.10661518480628729	0.0001607568667623127	-0.00015045047757666907	-0.0012721061414850965
1051199358.674052	1.9959173896058928	1.0336179295554757	-0.5552510558627546	-5.838028755533742e-05	-0.00027789863031557616	-0.0012844841607488888
1051199859.698519	1.8860302885295823	0.8512904208619148	-1.1833837334997952	-0.0003838103548332583	-0.0004507997348355275	-0.001216912670088277
1051200351.4340224	1.6217610063031316	0.5938781215809286	-1.7430201913230121	-0.0006928707095994469	-0.0005956506860798072	-0.0010510997017263435
1051200830.5408571	1.2254018783569336	0.28277612337842584	-2.1886269580572844	-0.0009606640824131318	-0.0007006933397519788	-0.0007999340784863307
1051201187.7297944	0.8520422456786036	0.023113739443942904	-2.43302816641517	-0.0011247509230543073	-0.0007492200460603726	-0.0005628617286674853
1051201606.5942632	0.34972136560827494	-0.2959325343836099	-2.6026847866596654	-0.0012668577056729191	-0.0007689605065479554	-0.0002405017830824363
1051202055.9336629	-0.239027367439121	-0.6364714636001736	-2.626109177886974	-0.0013451787546756577	-0.0007409475778672459	0.0001414268256212381
1051202445.12996	-0.7638285788707435	-0.9129547725897282	-2.5048315175808966	-0.0013421195836258448	-0.0006741156211091948	0.0004832531471947732
1051202941.3058966	-1.4057612069882452	-1.2138133221305907	-2.16041159350425	-0.0012359177695770995	-0.0005327918894408867	0.0009070847750081157
1051203427.5593594	-1.9571006793994457	-1.4275755147682503	-1.630164495203644	-0.0010216423793281137	-0.000341189267601294	0.0012709740087757382
1051203902.8230882	-2.3728517221752554	-1.537242298189085	-0.9597078561782837	-0.0007185224167187698	-0.00011633039753178309	0.001543167431918846
1051204344.3228699	-2.6153270276263356	-1.5389607792312745	-0.24179293494671583	-0.00037259466830619203	0.00011056609787374327	0.0016977247569229803
1051204767.1407261	-2.6959040349756833	-1.445935767609626	0.48833888256922364	-4.292867743060924e-06	0.0003294053782383344	0.001742888684702848
1051205144.2798814	-2.6335718885529786	-1.2865457045845687	1.1385749988257885	0.00033559914277248026	0.000513928861550994	0.001693000393629518
1051205630.3746175	-2.3666108229663223	-0.9856197396293283	1.9186728335916996	0.0007626455192166759	0.0007216961321319104	0.0015038986374520391
1051206105.7718902	-1.9149479744955897	-0.6050925385206938	2.5630964818410575	0.0011334374214584386	0.00087452832855206	0.0011949317124617664
1051206567.9433713	-1.322945292107761	-0.17898420710116625	3.0261712428182364	0.0014206622876145047	0.0009630598720491435	0.0007987950689312129
1051206996.7714015	-0.6722908858209848	0.2404927599709481	3.278580747311935	0.0016034235326287671	0.0009860490218898121	0.00037161509862926323
1051207439.8995614	0.06126135075464845	0.6707071422133595	3.3388550822855905	0.001695319585934385	0.0009481229774337407	-0.00010307449952051684
1051207799.5834923	0.6724628838710487	0.9992012598086149	3.23170734080486	0.0016927158673070153	0.0008725184139848352	-0.0004923394869820186
1051208300.1911999	1.4929039063863456	1.3958012752700597	2.8549485702533275	0.0015732369022316561	0.0007053840848811888	-0.0010119220273736573
1051208794.4353065	2.213169143302366	1.6903564140666276	2.2425825404934585	0.0013293607323703327	0.0004806868778359785	-0.0014608791288992506
1051209280.8537531	2.778185484930873	1.8611197196296416	1.4455044670030475	0.0009825264735354722	0.00021672451293852646	-0.0018073866075383194
1051209753.3269968	3.1458395732333884	1.8978924768744037	0.5364070013165474	0.0005648630574341951	-6.369130392158695e-05	-0.0020279610467923703
1051210198.4310801	3.2999091591482284	1.8096402825322002	-0.38898878218606114	0.00012122604834985395	-0.00033349323609854764	-0.0021149232028108145
1051210607.0516012	3.2621147255413234	1.6241564670344815	-1.2498318175785244	-0.00030804673724560416	-0.0005724893010210508	-0.0020831585806035946
1051211106.5709796	2.9774409946985543	1.2716630005743355	-2.247656771913171	-0.0008328939593411633	-0.000836235704923638	-0.0018948494695223417
1051211594.1358556	2.454897122690454	0.8123459101188928	-3.0933794097509235	-0.0013071929529360204	-0.0010425976744841137	-0.0015567039226880297
1051212066.7481004	1.7433526273816824	0.28602216206490993	-3.7243939144536853	-0.0016951507767544172	-0.0011767617194493596	-0.0010982294973018725
1051212507.6684475	0.9337742710486054	-0.24691319442354143	-4.096226974856108	-0.0019644068810862336	-0.001231139437699369	-0.000576589186266574
1051212926.3675965	0.07636713981628418	-0.7605124248657376	-4.223117248431663	-0.0021159766632621313	-0.0012122248389232482	-2.284498941662605e-05
1051213302.0725443	-0.7283434448763728	-1.2029509651474655	-4.134259651764296	-0.002152932672146335	-0.0011341689104824582	0.0004978944027698162
1051213799.69376	-1.777928814291954	-1.7225264667067677	-3.7163871477823704	-0.002045709774961324	-0.0009426630793996083	0.0011822183680578746
1051214290.0080454	-2.7167445835657418	-2.119227448827587	-2.985271488316357	-0.0017637076580285793	-0.0006654359297044721	0.001792758318288179
1051214770.1640912	-3.4642950906418264	-2.3594096160377376	-2.005540472920984	-0.0013318432272626524	-0.00032729891222516017	0.0022739066826034104
1051215237.0381048	-3.963386731687933	-2.427399917563889	-0.8663463899865746	-0.0007917912548691675	4.047566403642122e-05	0.0025863638973078196
1051215658.686913	-4.181535939394962	-2.3384259482263587	0.2549506430514157	-0.00023483725317419157	0.00038199771859126486	0.0027102721140082053
1051215996.5698973	-4.1817822303273715	-2.16424700000789	1.1704671364277601	0.00023507491118834878	0.0006467785494805867	0.0026920909045315966
1051216485.5795493	-3.9007608785759658	-1.76195286703296	2.4407922360114753	0.0009135564748703473	0.000993338806324573	0.002478120196542477
1051216964.9767883	-3.3146481511648744	-1.2189525216817856	3.535435415804386	0.0015236380170335906	0.0012630324168867446	0.002065513217530679
1051217433.9006556	-2.4807214359752834	-0.5830112353432924	4.375253578647971	0.0020191967703340197	0.001437771481391792	0.0014975492504163412
1051217746.6117859	-1.8077407022938132	-0.12280579330399632	4.774632497457787	0.0022741255772871227	0.0014980094649956754	0.0010496399197563733
1051218169.8600489	-0.7919379961676896	0.5151381788309664	5.079704934731126	0.002506941482806724	0.001504038223401949	0.00038332117742356786
1051218616.6558745	0.3534770063124597	1.170282632810995	5.086536027141847	0.0025984420486082627	0.0014155970773117588	-0.00035548524078876653
1051219002.7709991	1.3500088681466877	1.689661871874705	4.8266870302613825	0.002544792820458497	0.001264728645537616	-0.0009869976070149278
1051219502.2254009	2.5647226343862712	2.2526573028881103	4.141799081349745	0.0022963631734000955	0.0009781213070709782	-0.0017474519559073087
1051219994.5365125	3.595386249711737	2.646868994110264	3.1222501979209483	0.0018694665147904743	0.0006140674292964832	-0.0023796076086455287
1051220478.102691	4.366390610812232	2.845693587238202	1.8549969056621194	0.0013019838722811983	0.00020231159010108968	-0.002840814891669652
1051220928.6239251	4.814034957904369	2.8455148935317993	0.5120218945667148	0.0006735684626164584	-0.0002051621986538521	-0.003096856824356564
1051221360.4212583	4.963778048753738	2.6724609822267666	-0.84577696910128	1.390270176671038e-05	-0.0005950334177668992	-0.003166762585522065
1051221738.4659064	4.856571792741306	2.385670621879399	-2.0305798817425966	-0.0005821841020861029	-0.0009186852810216806	-0.0030794975136814173
1051222237.5952044	4.37259069015272	1.8309543980285525	-3.4929445292800665	-0.0013542575627525366	-0.0012967002472805689	-0.002750136914869472
1051222723.4503655	3.546703251777217	1.128910041647032	-4.704034052789211	-0.0020350592744762253	-0.0015819613474832295	-0.0022072706142353127
1051223193.2269356	2.4596489523537457	0.34149624104611576	-5.580501600634307	-0.0025758299510698635	-0.0017560851936764266	-0.0015005303587258823
1051223625.7455715	1.2638039626181126	-0.43347763386555016	-6.06548116938211	-0.0029323919406465393	-0.001812232764024202	-0.0007264424193635932
1051223977.0667137	0.20069527439773083	-1.066188971279189	-6.201248903849773	-0.0031014172649435068	-0.0017779360991312387	-3.9580797420057934e-05
1051224334.1277696	-0.9189100102521479	-1.6834689618553966	-6.086595417233184	-0.003149283711394446	-0.0016675515019528575	0.0006836564364220976
1051224823.2326907	-2.430459593888372	-2.436924001434818	-5.512077760882676	-0.002998767376197975	-0.001395308747873969	0.0016622126381662383
1051225314.398911	-3.8122130311094224	-3.0279609385179356	-4.47367777954787	-0.0025949700751652927	-0.0009953865269380913	0.0025519986511426396
1051225795.4275391	-4.918132512597367	-3.3922403364558704	-3.0713092805817723	-0.001974756692561641	-0.0005076960702581346	0.0032539237170112756
1051226263.5915865	-5.665704659069888	-3.5070379196840804	-1.433000526856631	-0.0011978628526776447	2.304860026924871e-05	0.003712239543403939
1051226653.082611	-5.99088765803026	-3.4096104927011766	0.053580633364617825	-0.0004621309578851651	0.0004771541747459196	0.0038914544751520452
1051227014.4316118	-6.028390505060088	-3.1627162646036595	1.4626887845806777	0.000257901183431386	0.0008860254400815393	0.003880169158719582
1051227498.7381047	-5.669368924340233	-2.6113276509568095	3.2822053162381053	0.0012221076931382413	0.0013817604626638058	0.0035930533779264806
1051227979.1470603	-4.8676094906404614	-1.849584807176143	4.879163673147559	0.002102600616581185	0.0017749467224348336	0.003018330343593334
1051228449.4049724	-3.704597655683756	-0.9499275616835803	6.117407073033974	0.002821576100245693	0.0020330440168550012	0.0022183563992257405
1051228900.8992832	-2.3102200855500996	-0.0025241205003112555	6.912776974146254	0.0033272321159074636	0.0021440144471256417	0.0012852115137320652
1051229268.8538138	-1.0349578689783812	0.7864835881628096	7.23336881963769	0.003580708494553164	0.0021296822283431993	0.0004500180173181434
1051229716.9654828	0.5995591240935028	1.713126802118495	7.199769821309019	0.003680848716868468	0.001986467876804454	-0.0006023558930792206
1051230127.5639726	2.0935068991966546	2.4816861047875136	6.757349072257057	0.0035662655826627088	0.0017414534488580102	-0.0015456380745035858
1051230626.29862	3.7824030588380992	3.2484222629573196	5.720898539293557	0.0031705871011808995	0.0013159653533421078	-0.0025940348489257303
1051231117.7086365	5.191270272480324	3.76876483426895	4.229928631335497	0.0025320535528408072	0.0007889595933647797	-0.0034475178840693843
1051231599.8814539	6.219414344523102	4.009909071188304	2.4140315749682486	0.0017080093364256754	0.0002037720677208199	-0.0040504078418734935
1051232034.0822414	6.7764066028175876	3.978881696355529	0.5812162416987121	0.0008432892761902622	-0.0003481302856016555	-0.0043565398443377035
1051232459.4462252	6.942062900852761	3.716635428601876	-1.2927236817777157	-7.18062194664526e-05	-0.0008821463037520516	-0.004417708396914577
1051232882.0057133	6.715504934079945	3.2377188932150602	-3.128746475558728	-0.0010010269893427903	-0.0013777781492763097	-0.004234937879573408
1051233378.8990774	5.954206706024706	2.425097599858418	-5.114218207541853	-0.0020547063957110367	-0.0018796359535144802	-0.003711739096843303
1051233862.7216324	4.73520277463831	1.4226578655652702	-6.724405354354531	-0.0029650454202965193	-0.002245628259345267	-0.0029047163477571303
1051234328.8325559	3.1832119980826974	0.3225103123113513	-7.849454851355404	-0.003666285081294518	-0.0024529681819274174	-0.0018913394587798393
1051234748.3654124	1.5472826682962477	-0.7207764773629606	-8.424227229610551	-0.004101460170545579	-0.0024993236771706506	-0.0008301421701162326
1051235093.5190163	0.0938444696366787	-1.5743411392904818	-8.549697475595167	-0.004295081277220447	-0.002430939402131571	0.00010948378189823416
1051235487.92367	-1.6111355824396014	-2.4981127677019686	-8.28976900165435	-0.0043162074139786455	-0.0022335178033472403	0.0012096671346171206
1051235986.329784	-3.701513837557286	-3.5121908085420728	-7.348701991140842	-0.0040225427516134005	-0.0018094530007601861	0.002556426019509672
1051236475.4513378	-5.526346845785156	-4.26033697638195	-5.807079519610852	-0.0033930640668131673	-0.0012285149185800037	0.0037203050806056126
1051236954.230458	-6.942919038468972	-4.687650986365043	-3.8044292381964624	-0.0024861574718215707	-0.0005423834589919352	0.004604925779062796
1051237418.4639944	-7.849469918641262	-4.7721417381981155	-1.5303328186273575	-0.0013927370937381056	0.0001842404695935329	0.00514304283956335
1051237854.9656222	-8.209370921031223	-4.5408808189677075	0.7632189258001745	-0.00024349767886633344	0.0008730122939368812	0.005315017421921198
1051238253.0711501	-8.090557614457794	-4.0738583864877	2.8597927927039564	0.0008411640178564994	0.0014651061713948366	0.0051728486312754285
1051238739.766766	-7.365955197950825	-3.203916871221736	5.256321110762656	0.0021251353518891847	0.0020923815312698935	0.004617921245994694
1051239216.796973	-6.080310239922255	-2.089802175294608	7.253229337045923	0.0032391341369475413	0.00255468144570159	0.0037061292555335967
1051239681.8216977	-4.364906694740057	-0.8327105822972953	8.712629159679636	0.004102514027522375	0.0028244349672092994	0.0025344491068608477
1051240119.7534833	-2.437882882077247	0.4260793188586831	9.546511389315128	0.004657340070082228	0.0028972147271417725	0.0012533173212432303
1051240526.9642031	-0.48025517631322145	1.5916641298681498	9.799135271532577	0.004917690864715496	0.002803411795127886	-1.9861452983604977e-05
1051240902.289776	1.3740309928543866	2.6063413384836167	9.569018475129269	0.004927771472807763	0.002583863003053466	-0.0012031411390580615
1051241388.2870419	3.7052554306574166	3.757372318999842	8.62516442220658	0.0046142330811562715	0.0021267347361799693	-0.002663966136651652
1051241884.0655143	5.83709950465709	4.659752708859742	6.973153082188219	0.00393757742199341	0.0014921158725655914	-0.003968337264495858
1051242372.319003	7.532243159832433	5.209633001883049	4.779057540465146	0.0029664422038422344	0.0007460352206862808	-0.004975250514121399
1051242849.2788931	8.673203654121608	5.377375652256887	2.239436013158411	0.0017892845594360551	-4.907167294732062e-05	-0.005621992173985291
1051243255.5609633	9.174616027274169	5.217229156172834	-0.10487747704610229	0.0006656135624325543	-0.0007383256165667262	-0.005873152830773165
1051243612.6550987	9.228116908605443	4.847902708454058	-2.204954957589507	-0.000370603480405407	-0.0013257171747227403	-0.005851524657543905
1051244112.687539	8.678281903383322	3.993788386695087	-5.042311990167946	-0.0018251011015308904	-0.00207625592918248	-0.005432732377698812
1051244604.4377047	7.447482313960791	2.819052190054208	-7.522027229890227	-0.003161697060932056	-0.0026793167546088625	-0.004592863107063749
1051245083.5235769	5.658078890293837	1.4303490798920393	-9.450791964773089	-0.004275932319956155	-0.0030898870272153545	-0.003408680929624097
1051245440.1875944	4.011368570849299	0.2945570854935795	-10.479075127281249	-0.004930956488919946	-0.0032590384235362535	-0.002333293903120648
1051245859.0954248	1.8252755352295935	-1.0837261681444943	-11.16384092590306	-0.0054630593619435786	-0.0032924496081250254	-0.0009135245695688354
1051246308.42076	-0.695855971891433	-2.531765779014677	-11.210518768813927	-0.005704038621459517	-0.0031195248550375254	0.0007171218185249018
1051246440.0	-1.4467924060299993	-2.936400095000863	-11.084330225829035	-0.005704773932166063	-0.0030278423618028683	0.0012008376420453715
