1051160040.0	-680115.5851790947	187293.02177610213	3022637.345486988	1513.6310065311943	917.5378347659666	280.9958482782914
1051160050.0	-664968.1200805164	196465.24926358694	3025397.3103770628	1515.8536846312495	916.9026126130243	270.995569212228
1051160090.0	-604163.5002290563	233086.0953960044	3035435.793892345	1524.2435507581515	914.0590358408929	230.90589263727136
1051160247.9090562	-361313.5549559929	376265.1413662948	3059339.020955409	1549.466239809902	898.1325064906504	71.62672573592681
1051160446.7285087	-51559.80907438604	551986.0543910839	3053567.490833154	1563.0719662507772	867.5868369475362	-129.62210031127643
1051160645.280318	258456.19067804408	720280.5698327166	3007998.268827277	1556.3103957034698	825.7957293170632	-328.8856798754912
1051160843.7086879	564928.0625332906	879107.4901544342	2923319.6225706157	1529.3370393994883	773.3240668948608	-523.6628308882671
1051161042.2927125	864302.5094118376	1026628.7481831893	2800528.0198693676	1482.4903069347824	710.8056849137151	-711.6382429230966
1051161241.3218855	1153084.5509352016	1161094.5321011813	2640908.7693197774	1416.270630237923	638.9552938245149	-890.557254803332
1051161441.0974939	1427835.8939182253	1280841.4286062322	2446031.19655707	1331.3370535620527	558.5663082852831	-1058.2270327568858
1051161641.9639567	1685209.0806826835	1384305.2294561353	2217713.557002407	1228.48995065088	470.49667420394536	-1212.5392060209388
1051161844.3215312	1921939.4937684787	1470010.967399701	1957994.7022648205	1108.654676936553	375.66041322057896	-1351.4652681450175
1051162048.6524128	2134835.314388596	1536559.2674522107	1669092.5175344984	972.8581320844546	275.01555675351074	-1473.0496840703515
1051162255.5748717	2320762.591321808	1582602.4887840145	1353323.3678214606	822.1851032123732	169.54162042369092	-1575.3973139133172
1051162463.5099595	2474998.954743046	1606643.0647288933	1016980.9810117414	659.6560139766251	61.47106826350128	-1655.833977162608
1051162669.7701851	2593666.542175639	1608207.4708073577	669208.2743444607	489.76369129530394	-46.263930796238796	-1712.4243127586087
1051162874.83131	2676232.5888420898	1587808.5259312913	314297.78087628295	314.697214085645	-152.40823718596064	-1745.1359579006837
1051163079.1096144	2722371.0243600905	1546066.7747101753	-43511.3087030663	136.6139561340103	-255.75142229003126	-1754.0763772434598
1051163282.9614298	2731980.4288130016	1483728.1339920757	-399994.2686580001	-42.34163216573287	-355.1189920827582	-1739.5030967323992
1051163486.6923565	2705213.545814165	1401681.7332609098	-750935.6061313943	-220.03523431529226	-449.37370638861864	-1701.8390303872554
1051163690.5881987	2642497.4645612603	1300962.6913953342	-1092175.0094689701	-394.3654221097683	-537.429699201445	-1641.6784654462274
1051163894.9301046	2544536.622888811	1182749.4966407244	-1419630.1257528488	-563.2747473248729	-618.2580700245348	-1559.783207989048
1051164099.9934232	2412317.982288659	1048367.5130253417	-1729293.6531866516	-724.7470301766433	-690.8851619346061	-1457.0817005832503
1051164306.0586127	2247112.312213162	899286.3231363427	-2017251.158218513	-876.8144290755333	-754.3957663156716	-1334.6646930264178
1051164513.442236	2050450.6613315374	737099.0639386189	-2279719.097123415	-1017.5749911939307	-807.9391577367363	-1193.7643413647777
1051164722.5106658	1824103.0897563128	563511.3112524064	-2513039.4251940404	-1145.1876572501947	-850.7231488069195	-1035.7379725990152
1051164933.6974002	1570056.4953144463	380331.8695664479	-2713661.4613546804	-1257.8604275278828	-882.0044168035902	-862.0527663789546
1051165143.0800744	1296507.6819989593	193472.32979298412	-2875100.633620917	-1352.0289705854204	-900.8086234371673	-678.2812592048759
1051165350.9171823	1007382.7817465916	5370.099861388775	-2996320.5055129477	-1427.0470412412512	-907.2445166338706	-486.9338619946325
1051165557.5934448	706381.3383194647	-181751.25928676853	-3076728.8591799038	-1482.4861316729198	-901.5100264001841	-290.3368774209531
1051165763.4266269	397237.21356481034	-365698.81753382785	-3115997.526643776	-1518.0302850854346	-883.8667439458841	-90.8140150306058
1051165968.6820662	83722.70573263319	-544314.5919253326	-3114097.514934781	-1533.4917048214236	-854.6498855704423	109.30804485164664
1051166173.5757613	-230345.37861179543	-715478.3194640973	-3071331.8949937406	-1528.8259264846365	-814.2783202846626	307.6924367425375
1051166378.3200859	-541176.8163389764	-877150.8674298407	-2988350.749475606	-1504.1430568930618	-763.2531773098165	502.03316802001734
1051166583.1331327	-845027.6964592083	-1027383.8681601783	-2866142.69570162	-1459.705687087983	-702.1552664674455	690.0624192978687
1051166788.2213111	-1138180.6595746805	-1164310.2257019852	-2706044.378900235	-1395.9344779741507	-631.6514104154215	869.5339955417621
1051166993.829655	-1417022.5996141122	-1286181.3135673637	-2509702.8882061196	-1313.3963606036593	-552.4793377508254	1038.2673771281118
1051167200.2216318	-1678012.407811781	-1391348.8609515901	-2279077.421832823	-1212.8069677322437	-465.453521396009	1194.1243026515533
1051167407.7369946	-1917742.1768234272	-1478285.880360484	-2016365.6294435216	-1095.0010571121422	-371.44191015793297	1335.0423868307923
1051167616.7968259	-2132902.2113215947	-1545560.7652392318	-1723972.4779767455	-960.9189996570403	-271.36293433898766	1459.0102971645179
1051167827.9526616	-2320267.313043672	-1591814.592247208	-1404432.0478554813	-811.5708301072748	-166.1673842242816	1564.055135576515
1051168039.594206	-2475109.306951535	-1615573.9978030545	-1064193.1238835724	-649.8480742371889	-58.0321530911568	1647.4019619115484
1051168248.8516983	-2593500.4442328163	-1616415.698574256	-712828.6282648764	-480.27316357211214	50.05631157785827	1706.9136098013357
1051168456.1601161	-2675007.990188464	-1594955.1742542116	-354878.34054549725	-305.0669452332092	156.8042995894964	1742.4484804968167
1051168661.9462795	-2719463.182820078	-1551925.1318550836	5293.171241352633	-126.39638386877972	260.9791589149938	1754.0245305342585
1051168866.5600102	-2726933.9934745044	-1488188.6341601685	363345.59862135333	53.55176718232341	361.36610017830725	1741.8132694510114
1051169070.3217891	-2697757.2384851812	-1404745.7314913117	715024.5069396609	232.60121349659846	456.78957469031303	1706.1614678884132
1051169273.511022	-2632553.3696975596	-1302747.1882270179	1056133.5360521968	408.57291915523	546.1084558366156	1647.6055095753704
1051169476.4193988	-2532222.1400621934	-1183474.9701409903	1382624.1442195957	579.3327744270944	628.2424382853304	1566.86719395802
1051169679.3458083	-2397932.244151867	-1048338.986151568	1690581.6576050078	742.7876922825467	702.1690749879031	1464.8499175528666
1051169882.5914849	-2231122.540897804	-898879.9559395849	1976213.8722930623	896.8824649875273	766.9225362143716	1342.6416416762302
1051170086.5084515	-2033458.6814713064	-736733.5316875495	2235909.640241987	1039.634677012761	821.607835580902	1201.4849117714743
1051170291.4907236	-1806824.6015749448	-563633.4875313607	2466196.5160380076	1169.1165230106437	865.3898701579485	1042.7738331307207
1051170498.0137681	-1553274.0865834947	-381383.3906899581	2663744.3407374546	1283.4619935708824	897.4915137935665	868.0224544609019
1051170702.1920822	-1281159.8661604875	-195942.54673776336	2822273.5231860178	1378.9625628440042	916.893024789927	683.0089231788751
1051170904.4525455	-994239.309703421	-9591.486153113678	2941063.521097383	1454.997268006116	923.720023478241	490.2616998471566
1051171105.2566546	-696103.9997184768	175544.50780629166	3019713.102473852	1511.128096828921	918.1803929359721	292.1930884117056
1051171304.9942907	-390352.34505290404	357379.0819214258	3058046.7738147397	1547.0435788185757	900.5537814794826	91.21357137761461
1051171504.0045137	-80591.40467511545	533870.1586015887	3056148.4984254297	1562.5763274830697	871.201032065087	-110.2712632068254
1051171702.5695993	229535.99365308884	703010.1535335459	3014391.8166586403	1557.7172492597228	830.5748510590519	-309.8472277097246
1051171900.9918481	536464.60571455	862891.3854086465	2933443.585293924	1532.6235185636783	779.2098344673968	-505.1681195709775
1051172099.5409518	836622.715174544	1011659.9993043417	2814274.151003838	1487.6190691240547	717.7325217523626	-693.9042007775494
1051172298.5014981	1126505.1355667843	1147555.4445722161	2658145.8352581346	1423.192054038197	646.8505595570427	-873.7916975544604
1051172498.1858261	1402686.8105606043	1268914.04144791	2466590.882151502	1339.983443269702	567.3442696161944	-1042.6429615108887
1051172698.9260533	1661801.1777661487	1374156.3726310611	2241410.1921412502	1238.7840563620202	480.0671779978361	-1198.3347582070958
1051172901.1202849	1900581.6209926584	1461800.3334301112	1984617.406298544	1120.5067245592911	385.9251860561899	-1338.8343344493164
1051173105.2343935	2115822.773057208	1530436.1871342857	1698423.9274912418	986.1748629692734	285.8745958067928	-1462.1754359908484
1051173311.8801335	2304396.953453689	1578714.697128394	1385126.851211086	836.8643691179395	180.88780588521553	-1566.464329207508
1051173520.0128323	2461923.146334261	1605151.5454993753	1050086.7131946383	675.1414028361324	72.90440066508046	-1649.1913824655544
1051173726.4312547	2583943.611087201	1609074.3282962488	703181.2875480084	505.8435682880674	-34.88474703265273	-1708.084488307218
1051173931.6082736	2669899.857930676	1590982.044623367	348724.95470378903	331.1705643555597	-141.21575316983598	-1743.0946981039017
1051174135.9675723	2719446.6392436516	1551481.1350530328	-9042.203096725083	153.2800440867188	-244.87582770973128	-1754.3160713703603
1051174339.8724877	2732459.727582805	1491300.8533754954	-365896.73241181223	-25.68458769423286	-344.6882932127483	-1741.9903791660395
1051174543.6298243	2709065.959998362	1411313.5489627514	-717615.2885776736	-203.58568042654719	-439.51082199769326	-1706.523432800915
1051174747.5262212	2649666.324001079	1312537.4846162316	-1060029.3299684622	-378.31836451244646	-528.2522471244824	-1648.4924481284863
1051174951.837553	2554942.107922059	1196137.790371185	-1389038.6279940298	-547.8168444975179	-609.8758992177648	-1568.644756814843
1051175156.8448217	2425852.4223466404	1063420.3652562264	-1700636.002747685	-710.0659176933949	-683.4047706659217	-1467.8904201985815
1051175362.827924	2263641.0985374986	915837.9132596711	-1990896.2615816228	-863.0932923258783	-747.9173045872927	-1347.303208723085
1051175570.1021587	2069812.4673537596	754967.0392703072	-2256024.1311080814	-1004.9921625253571	-802.5561221321601	-1208.0987059045333
1051175779.0189426	1846124.7262232979	582507.9638898089	-2492335.7805695045	-1133.9089907729328	-846.519878318012	-1051.6281838412992
1051175990.0111223	1594539.862416391	400252.4558922892	-2696277.185926961	-1248.0512864108607	-879.0610196650894	-879.3433580613035
1051176199.5682797	1322634.8325548903	213714.33231322875	-2861566.704731136	-1343.9884899153428	-899.1998174892854	-696.4101381023404
1051176407.535398	1034813.9077727488	25691.235729214557	-2986700.485563415	-1420.81888862219	-906.9601048688623	-505.67199762301976
1051176614.3112491	734765.0211945886	-161596.8314607427	-3071065.386715158	-1478.105494671278	-902.5319293369323	-309.4499571861102
1051176820.2060401	426238.53415534087	-345942.1139692523	-3114301.2940899655	-1515.5171437156769	-886.1686005777608	-110.08095244456715
1051177025.4877571	113007.36219523998	-525181.8299177274	-3116353.8490962386	-1532.855096252384	-858.1974194760699	90.10569503111915
1051177230.3907186	-201136.5521224533	-697204.0022744269	-3077494.7482457533	-1530.062488531318	-819.0253955145748	288.78656285739453
1051177435.1239703	-512394.64197083947	-859957.8879353284	-2998339.5737436516	-1507.23389548107	-769.1439856782157	483.64792400909016
1051177639.901777	-817013.4784285298	-1011483.1715201905	-2879846.0253114384	-1464.6181732142159	-709.1253934301467	672.4138950174598
1051177844.9317017	-1111273.4287214514	-1149904.276201482	-2723318.2287156023	-1402.6218696956432	-639.6266744783157	852.8350264347783
1051178050.4536271	-1391550.3457906041	-1273459.838341588	-2530376.477833779	-1321.8001276413552	-561.3780783615022	1022.7225105352861
1051178256.7307554	-1654299.7667597486	-1380492.25324071	-2302949.7994482275	-1222.8554082659589	-475.1848485821204	1179.9348258126101
1051178464.0893619	-1896096.5561066878	-1469460.112712986	-2043222.1370077992	-1106.6165419108595	-381.91134196690797	1322.3985076141591
1051178672.9473687	-2113631.6627750574	-1538925.360373708	-1753574.295995804	-974.0134863288499	-282.4677286638711	1448.1023090149424
1051178883.8444358	-2303677.525956895	-1587522.6535450965	-1436526.4251469686	-826.0504993970414	-177.79940998183227	1555.0721785842718
1051179095.7182194	-2461849.782939984	-1613788.544166362	-1097576.0115556505	-665.1625490900931	-69.78626135863253	1640.7095221593754
1051179305.1668508	-2583626.399760221	-1617093.2340174739	-747051.2508404506	-496.2155758830713	38.32614323915145	1702.5305176241352
1051179512.6442841	-2668554.7474150737	-1598033.7285811906	-389478.7244725136	-321.4211594464479	145.24731847174687	1740.3799331382716
1051179718.5532482	-2716430.602259951	-1557329.006023201	-29281.46037704277	-142.97187071687082	249.72641967516233	1754.25504816095
1051179923.2616482	-2727303.8365530665	-1495824.1146567008	329216.6475408187	36.956732065985655	350.55264952857664	1744.3138979864218
1051180127.0862167	-2701486.446243521	-1414504.1431200516	681741.1997794069	216.18173836493312	446.5435015273144	1710.8867298135756
1051180330.3183892	-2639571.0494679236	-1314497.9851817312	1024103.3225420086	392.531524155194	536.5579754547165	1654.4897217095147
1051180533.2506824	-2542428.314868942	-1197068.9824988563	1352241.4956456113	563.8690650075233	619.5097326460864	1575.8242566611589
1051180736.1655022	-2411210.3303569695	-1063620.6528909982	1662201.4634008582	728.0840134667587	694.3635913070879	1475.782393528389
1051180939.3807325	-2247320.297880935	-915666.7519716446	1950203.2076477942	883.1309197784217	760.1533351081991	1355.4257098356836
1051181143.2238084	-2052420.1431803734	-754845.3401027189	2212589.5181170804	1027.0055515485133	815.9697909453329	1215.9938249231311
1051181348.0952593	-1828366.3942902228	-582870.2344405899	2445889.2595657427	1157.7832976098161	860.9744085354046	1058.8602602918666
1051181554.4540628	-1577208.7832741956	-401542.85876925825	2646750.4056734764	1273.5879874065297	894.3819157024183	885.5348958030747
1051181758.8267524	-1306674.735195914	-216419.76227651865	2809101.5148915243	1370.853347010942	915.1679733724587	701.3758367919919
1051181961.2334503	-1021006.1158622586	-30143.932308267205	2931762.272168767	1448.698167274186	923.3704034136241	509.24861778444614
1051182162.1545153	-723777.9896956726	155166.25621954215	3014314.7216062364	1506.6765966326989	919.1879500020674	311.5554050901858
1051182361.9675274	-418614.38251523493	337404.07252134307	3056551.01194405	1544.459124303884	902.8906608258653	110.72522689378977
1051182561.0089407	-109132.91734969364	514517.38548324635	3058533.5963517227	1561.8667552499735	874.8315363732562	-90.82770632049848
1051182759.5941354	201070.89136741136	684519.8205650301	3020606.9410346677	1558.8781231700011	835.4480526424355	-290.71747901403745
1051182958.0062816	508398.23794047965	845478.4803174371	2943409.449503306	1535.6343054490824	785.2674071199358	-486.57323651363964
1051183156.5269486	809291.865162632	995540.1754080963	2827876.8973822854	1492.4427403432885	724.9027140694587	-676.0712486218097
1051183355.4306841	1100227.4588985262	1132927.3894353774	2675247.2279064404	1429.7786961002455	655.0543459876579	-856.9322621208064
1051183555.0185688	1377761.921557851	1255961.31416063	2487036.627327224	1348.2747175681181	576.4977469211733	-1026.9542279043064
1051183755.6331469	1638542.6875244067	1363061.6059918802	2265010.1145411273	1248.7048889593918	490.07315827084415	-1184.0191839635233
1051183957.6646702	1879293.4479097624	1452734.4170854003	2011161.3861229427	1131.9722807389908	396.6799927462997	-1326.0851079642737
1051184161.5755918	2096808.3803495355	1523562.294135489	1727676.7768711897	999.0884703495774	297.26585001596743	-1451.182183942727
1051184367.9486562	2287941.6326471954	1574185.0466852405	1416865.6343882193	851.1355598337635	192.80653550514813	-1557.4037743421973
1051184576.28652	2448684.6890923516	1603146.5068104956	1083144.9862224092	690.2219269098536	84.94240593224038	-1642.424327044986
1051184782.8648231	2573981.616012062	1609559.0638679059	737131.361197844	521.5310526345042	-22.875099818745788	-1703.6215543012213
1051184988.1642588	2663255.373446766	1593906.5864595773	383143.6784551126	347.26449218097275	-129.37879933235723	-1740.9331324435886
1051185192.6158158	2716139.8000197057	1556778.4306095582	25423.203775838596	169.57982753252426	-233.3532086010807	-1754.4381256087345
1051185396.5788405	2732486.281613068	1498888.0176746098	-331788.02250583476	-9.371121253268404	-333.6136892661893	-1744.362136039374
1051185600.3722218	2712397.7829323323	1421086.614436514	-684277.2394009971	-187.45703741508237	-429.01790276684125	-1711.0935133590679
1051185804.2778082	2656249.531267831	1324375.852694571	-1027857.2187149609	-362.5648167222302	-518.4662233372114	-1655.192574070493
1051186008.5831736	2564691.767037558	1209896.1690071644	-1358436.0727530138	-532.63429358577	-600.9202902091731	-1577.3849214384445
1051186213.5462044	2438668.977498597	1078948.7738282802	-1671958.8950531862	-695.6270477530304	-675.3873233344058	-1478.5728189467168
1051186419.4636602	2279390.4939398593	932958.4283628686	-1964516.395966544	-849.5804431633884	-740.9454708637145	-1359.8060233784117
1051186626.6312377	2088351.2458057972	773498.180477783	-2232276.4518772885	-992.5697634811594	-796.7247497166297	-1222.2954650288734
1051186835.410348	1867276.0150947566	602243.0649661816	-2471561.0335071017	-1122.746110894335	-841.9205792150539	-1067.3702369739162
1051187046.2137762	1618123.1443421824	420982.92586122255	-2678789.309178553	-1238.303998559759	-875.7759251743703	-896.4810956700222
1051187255.957214	1347841.7695228835	234821.7148028874	-2847912.209484686	-1335.9624327750842	-897.3115652983367	-714.3801827544764
1051187464.0551665	1061328.1382517184	46928.93682453127	-2976932.470434828	-1414.551288778418	-906.4587874531561	-524.2543935178295
1051187670.909992	762277.0457154667	-140468.96665759722	-3065219.136074712	-1473.6259697296978	-903.4013768103267	-328.4313931110278
1051187876.8613389	454402.0654394213	-325182.96076332923	-3112397.443043831	-1512.8517379893512	-888.3833595812672	-129.2267739873402
1051188082.1692115	141491.0930885108	-505035.41315520246	-3118379.404979048	-1532.0144656923683	-861.7223771815318	71.01740554420444
1051188287.0755454	-172672.62797739528	-677913.1438346291	-3083406.2521852753	-1531.0449208917876	-823.8145793065983	269.9803852473964
1051188491.7913797	-484290.7662398233	-841758.3313546656	-3008060.2346937153	-1510.0236559458506	-775.14060515584	465.3457175568013
1051188696.5216748	-789592.9726207599	-994594.506206112	-2893272.2338852864	-1469.1879589342363	-716.2652098368587	654.8244033295908
1051188901.4861547	-1084874.6832575013	-1134545.588082608	-2740308.3506925683	-1408.9289961084723	-647.8320396717817	836.1740587701767
1051189106.9197055	-1366500.8548910294	-1259836.015381161	-2550759.4201301686	-1329.7893610298524	-570.5625771966268	1007.1971118593393
1051189313.0795761	-1630916.157945382	-1368794.251491629	-2326528.857735866	-1232.4607333510453	-485.25424653398204	1165.7438052524803
1051189520.2908131	-1874692.6579893518	-1459868.4821646253	-2069771.3378835034	-1117.7595259875	-392.76172268262957	1309.7377502987063
1051189728.9593	-2094509.3945087856	-1531607.3528191415	-1782852.422565311	-986.6094420204789	-293.98998845710173	1437.1598893783084
1051189939.6031166	-2287127.1684437892	-1582635.2385854058	-1468293.5984738318	-840.0164089406233	-189.88358829392368	1546.029508630035
1051190151.712751	-2448530.1438799826	-1611512.8813437945	-1130644.0691798544	-679.9620481448416	-82.02369590119845	1633.9403335351844
1051190361.3558619	-2573592.7048253664	-1617389.0771506315	-780973.489838655	-511.6484321381592	26.089024879786344	1698.0535393890568
1051190568.9787139	-2661834.9619220677	-1600844.9062262094	-423842.11880218296	-337.30066787262245	133.15359266423005	1738.1973314997517
1051190775.0183319	-2713041.0669691316	-1562578.1679572472	-63630.44273239856	-159.08713433959727	237.9310947623254	1754.3584864649222
1051190979.8231487	-2727228.2347871526	-1503417.8571116112	295289.31107743434	20.796566499550693	339.19531741624473	1746.6747468125411
1051191183.7167337	-2704685.564412176	-1424329.8959292509	648640.9628003935	200.17043368468342	435.76183616901506	1715.4596707741032
1051191387.0024301	-2645976.762865466	-1326419.1101604055	992242.2254015984	376.8703470371828	526.4891622740929	1661.2079933425891
1051191589.957014	-2551951.166332166	-1210938.0932976506	1321991.0711650054	548.74248459344	610.2775541125995	1584.6063993008981
1051191792.8685389	-2423735.009280491	-1079270.3379500885	1633929.2345983356	713.6781656193039	686.0877270677043	1486.5273051814784
1051191996.0544102	-2262707.342882407	-932912.7230442389	1924262.3729619267	869.6280139546354	752.9461545224995	1368.0140756800658
1051192199.8409153	-2070506.135631479	-773486.902456366	2189317.9574306733	1014.5830309926739	809.9355946160847	1230.2882385192286
1051192404.6081164	-1848986.165191453	-602706.9577265215	2425589.636114731	1146.6021474174415	856.2054243738435	1074.720737658641
1051192610.8204297	-1600170.6071245922	-422353.58541780803	2629727.4661555234	1263.8126774926677	890.9661248196772	902.801141549519
1051192815.3900563	-1331202.6401825843	-237604.2382334471	2795858.966301687	1362.7842462472533	913.1886624130062	719.4944443570371
1051193017.9554477	-1046768.1257945646	-51438.5995966858	2922352.3381753275	1442.3826236813034	922.819892921237	527.9765190799346
1051193218.9801757	-750477.9863187463	133998.58788051424	3008755.9163544625	1502.142955559822	920.0485878831914	330.6746884777288
1051193418.8652186	-445930.6611476312	316612.91661322536	3054849.2375874138	1541.7308326770024	905.1352220277031	130.0025987892095
1051193617.9495072	-136745.208440494	494345.8987271528	3060667.18435572	1560.953417720958	878.421637226584	-71.6220974754272
1051193816.5452957	173473.71896192268	665200.1425048765	3026527.7429207326	1559.7758218037447	840.3353610696377	-271.8046790594316
1051194014.937337	481126.46728800714	827236.1318426114	2953043.6715351692	1538.3266709198208	791.393304217336	-468.1706060850591
1051194213.4083023	782655.0658800041	978593.5405928254	2841124.5625763717	1496.9008808323738	732.1983457867775	-658.3922978613159
1051194412.2442416	1074550.0101226757	1117494.212053666	2691972.209828504	1435.957104084422	663.4365892990533	-840.19605413228
1051194611.7409147	1353357.2979957738	1242245.155738139	2507075.291085296	1356.1144851287877	585.8742132136871	-1011.3690317222238
1051194812.2344443	1615713.746833941	1351252.4207828986	2288175.7737704073	1258.1360931057538	500.34359791285755	-1169.782909316234
1051195014.1072415	1858333.9431790514	1443009.8163908857	2037248.575137657	1142.91627852982	407.73748133831566	-1313.3865647631042
1051195217.8120167	2078006.0340826511	1516089.7385365195	1756465.4334524553	1011.4601603549058	308.9977563737496	-1440.2033669721982
1051195423.9224129	2271586.279206576	1569126.07413376	1448120.100847092	864.8432114609108	205.0935225834391	-1548.325137840622
1051195632.4600676	2435430.6511356556	1600696.5024762584	1115737.763010011	704.7419001393591	97.3807627667018	-1635.6085154108055
1051195839.2035588	2563896.448570305	1609687.8634106442	770621.6803040738	536.6598847276282	-10.445045822072743	-1699.083527125442
1051196044.6303774	2656379.895464769	1596565.684550245	417113.08624344226	362.80880458617315	-117.10763058849432	-1738.6698274983282
1051196249.1732254	2712494.299538819	1561902.6024026128	59464.73458600644	185.3509595355343	-221.3858868665192	-1754.4319317597724
1051196453.2036308	2732070.886107074	1506391.597161244	-298090.78877694305	6.432215395773202	-322.0952090526783	-1746.5799274988215
1051196657.0414438	2715186.6504079583	1430863.7053487059	-651331.4443796766	-171.8130012955935	-418.0873317623125	-1715.4839893315154
1051196860.9691415	2662190.6226373888	1336300.379919265	-996059.9448525289	-347.2681680013914	-508.2562092342841	-1661.6862021651168
1051197065.263174	2573713.0068879006	1223829.1066646546	-1328155.2932105218	-517.8598928348897	-591.5521286202118	-1585.8990921460431
1051197270.1984073	2450665.92826827	1094722.707849859	-1643578.8585989976	-681.5598713173603	-666.9820342526481	-1489.0014758266414
1051197476.0472714	2294249.951080805	950403.1688366929	-1938373.8747977105	-836.3825227439903	-733.6081972844628	-1372.0386744264504
1051197683.1219333	2105924.6809687414	792414.1880624929	-2208722.6454198714	-980.412430729681	-790.559096789498	-1236.1969138983957
1051197891.7657695	1887407.3664610987	622426.1719030945	-2450915.5178765203	-1111.785659699384	-837.0183662560523	-1082.801362990338
1051198102.3842705	1640642.364588147	442216.86323357356	-2661361.247528602	-1228.6926607627126	-872.2222943520422	-913.2938996392993
1051198312.2907857	1371997.0101191653	256506.38839211635	-2834238.4513028353	-1327.9975766903465	-895.1941818916317	-732.0422735541746
1051198520.5122606	1086796.7461538285	68794.04936212639	-2967081.803824816	-1408.2784441844558	-905.7719657990784	-542.5352664299293
1051198727.4596786	788732.0039755203	-118692.25088958928	-3059235.736586552	-1469.080495166018	-904.1295047596882	-347.1007191247782
1051198933.4650172	481533.11824870296	-303748.275211569	-3110294.4164283476	-1510.0547998687177	-890.5011933795025	-148.06834236494058
1051199138.8014082	168972.45620627116	-484200.26666405407	-3120145.0526138106	-1530.9780868767293	-865.1939627348918	52.22662119894463
1051199343.7023323	-145151.00414318917	-657919.7904031613	-3089000.494420327	-1531.7688702374635	-828.5952417724654	251.45011156307092
1051199548.3967742	-457064.00956655375	-822855.6007537497	-3017409.9829454464	-1512.4955046538894	-781.172141942999	447.29838657990007
1051199753.0749437	-762971.5035140609	-977010.0787268124	-2906278.7370613324	-1473.3843087323824	-723.4824392241525	637.4639341872613
1051199957.9630328	-1059176.838633058	-1118502.9013795801	-2756841.151880734	-1414.8142437532158	-656.1582916496603	819.7067320301894
1051200163.3020997	-1342051.3624730576	-1245551.8849374054	-2570651.470891987	-1337.313163709952	-579.9084783235917	991.8307387177802
1051200369.3377295	-1608021.6942022087	-1356467.2351145237	-2349592.196066778	-1241.564341539068	-495.5241185112894	1151.6732156450732
1051200576.3997343	-1853665.347224206	-1449689.057153047	-2095782.0849451525	-1128.3692808586609	-403.8472637569868	1297.1594986654472
1051200784.8728195	-2075639.4052139407	-1523747.8287981264	-1811582.941344461	-998.6509365666315	-305.78138115855324	1426.2565255909858
1051200995.2734365	-2270712.3601091923	-1577262.00660499	-1499488.9227472327	-853.4038974006731	-202.26014148726478	1536.9877125640196
1051201207.6205508	-2435230.6345580346	-1608822.232567324	-1163144.9077541167	-694.178316708689	-94.57867399770353	1627.13751998694
1051201417.4596889	-2563463.7410474084	-1617343.559455892	-814338.8213730466	-526.5008090376933	13.514591524147841	1693.508341419792
1051201625.2504394	-2654912.8383403667	-1603387.3052022336	-457628.35153753054	-352.59194419865304	120.71889434592516	1735.9151423119256
1051201831.4160252	-2709333.0382016865	-1567634.1604189707	-97434.99612662943	-174.63652479405366	225.78235555604425	1754.3265235708006
1051202036.3279252	-2726723.736237797	-1510890.174881259	261894.06755892077	5.186240275401859	327.484900381126	1748.8656520983045
1051202240.3056517	-2707346.2326264097	-1434101.437425844	616061.2447990574	184.69009776261612	424.63407048957805	1719.8266954030573
1051202443.6426346	-2651742.393441963	-1338358.3003092734	960853.3246922328	361.6995155679201	516.0777457158501	1667.6888103159472
1051202646.6270268	-2560735.519776597	-1224889.880590698	1292173.9069453883	534.0678025949505	600.71486715924	1593.1182708196807
1051202849.535754	-2435434.0984947295	-1095068.111705338	1606033.2334143205	699.6739767512803	677.4946378869611	1496.9739270564223
1051203052.6911616	-2277192.928785716	-950369.9365139604	1898632.3689506745	856.4699750049689	745.4384217980581	1380.279971292038
1051203256.4064535	-2087639.7448316836	-792409.9177593619	2166269.527036589	1002.4345038161159	803.6176436775836	1244.2490421375637
1051203461.0803767	-1868589.104592615	-622870.3126748642	2405451.8589116675	1135.6371084687732	851.1791770624184	1090.2218158448343
1051203667.1489401	-1622071.696594412	-443537.6797362677	2612788.4407885615	1254.185114572906	887.319566230112	919.691539894807
1051203871.9133667	-1354652.7704616245	-259209.01687240275	2782628.082858003	1354.7952666927295	911.0112916435613	737.2329985406858
1051204074.6149689	-1071477.5247430543	-73211.42459343876	2912870.2513233693	1436.0716693623654	922.1048773239871	546.3432433570654
1051204275.7361029	-776143.1109287458	112316.59848956211	3003053.7979494473	1497.5457079377732	920.7806800582049	349.44155321571424
1051204475.685671	-472243.4238408251	295278.7579989249	3052935.8245231155	1538.8722097567888	907.2881207048425	148.94074625432984
1051204674.8049662	-163398.7651944119	473610.0733235397	3062524.563597334	1559.8452896701708	881.957511288374	-52.737853420526925
1051204873.4185205	146801.61145225557	645315.0759589409	3032108.4466044437	1560.4165928793745	845.2027666433759	-253.20611708445855
1051205071.7970407	454732.8370804129	808432.9000241398	2962273.5705930893	1540.7008831033684	797.5319374818267	-450.06946469554816
1051205270.2295275	756843.9750588045	961099.4548082522	2853901.4358429885	1500.980377561309	739.5359817671495	-641.0009984317664
1051205468.9971857	1049616.0915456063	1101523.6496595824	2708170.1850901055	1441.7026347389508	671.8920799001551	-823.7171087089237
1051205668.4068137	1329609.2895796103	1228010.0606679602	2526531.956635544	1363.4704816645663	595.3519441630183	-996.0096297205561
1051205868.776709	1593434.6595454705	1338943.7186572992	2310717.510881824	1267.04160283502	510.7444442776019	-1155.73041791497
1051206070.4931391	1837813.960169493	1432812.2964340895	2062671.843292435	1153.2971060143263	418.95070128701184	-1300.828990635268
1051206274.0025331	2059531.7632686938	1508177.240396866	1784546.1340307414	1023.2330139019016	320.9047005512867	-1429.3229472452958
1051206479.866748	2255441.07388332	1563662.8221129184	1478621.2077612719	877.9194603861075	217.5697829637049	-1539.2990476848163
1051206688.6177467	2422269.435614582	1597890.4794712535	1147552.2895875867	718.6125064476086	110.02294330545928	-1628.8026575556314
1051206895.5345818	2553779.0674944734	1609508.8413879503	803324.8316165148	551.1333477768346	2.2022832361400946	-1694.5085508230936
1051207101.0913714	2649343.1572862472	1598966.004515095	450304.3901193047	377.70454827182635	-104.60650752131798	-1736.3206045184045
1051207305.738566	2708561.925443049	1566815.6648450538	92728.0398820142	200.47940848312973	-209.1847775145002	-1754.2917563048754
1051207509.8433319	2731242.165217424	1513731.9822734972	-265151.84680155775	21.611961458298246	-310.3392736085096	-1748.615147811774
1051207713.7262195	2717439.5825239783	1440527.1938270382	-619103.3413316899	-156.76017112441664	-406.91585436682055	-1719.6454399431618
1051207917.6756192	2667480.0065448	1348161.208995049	-964928.7150054734	-332.5221665944806	-497.80471104818247	-1667.907434028406
1051208121.9623377	2581972.3813606435	1237744.892244326	-1298486.9536756861	-503.592426067289	-581.9468075549402	-1594.098809014627
1051208326.8607142	2461807.7628622325	1110533.0280935196	-1615728.8494161451	-667.9391386048782	-658.3420590426977	-1499.0832675142601
1051208532.6480718	2308160.6928793634	967925.5221122049	-1912694.8241622157	-823.5772819584952	-726.0470616339105	-1383.8876394430417
1051208739.6289374	2122473.2350371405	811452.5041375535	-2185546.290486239	-968.5825024605348	-784.180159150151	-1249.6864619989121
1051208948.1378053	1906449.3088279509	642773.0092231196	-2430555.3126156125	-1101.0830277367031	-831.9157276307387	-1097.7961571107378
1051209158.5828083	1662007.9733294046	463643.7427320744	-2644129.2102311216	-1219.2704786801878	-868.4841990803351	-929.641728832145
1051209368.6641383	1394953.8965104974	278411.1226033328	-2820676.270647997	-1320.1541867549463	-892.9134097428247	-749.2184703872078
1051209577.0156475	1111042.1372705644	90905.64232189744	-2957248.8377410867	-1402.0541409609095	-904.9420536656129	-560.3180312344274
1051209784.046312	813976.2983723453	-96633.05087551125	-3053166.7180262813	-1464.5046892434748	-904.7349825966943	-365.27987077434074
1051209990.0961658	507482.25438942015	-281999.65072796383	-3108005.622307996	-1507.1502290909052	-892.5178834220502	-166.43388677559759
1051210195.4512734	195316.7434306521	-463024.2180052194	-3121629.6065788404	-1529.7593700629611	-868.5869016447859	33.89128709498968
1051210400.3524721	-118730.422784066	-637576.2819640976	-3094220.4425936034	-1532.2385749156363	-833.3172850288287	233.36368252240922
1051210605.0197449	-430870.2577397827	-803588.0379914382	-3026298.5842076205	-1514.644256102351	-787.1669891272059	429.66599515277323
1051210809.6555246	-737324.1575159625	-959061.7982126212	-2918734.2263534805	-1477.189556419776	-730.6801761347256	620.4976619904332
1051211014.4815036	-1034386.0557940047	-1102102.6282416945	-2772731.7610617536	-1420.2414718660536	-664.4791797384123	803.609669756593
1051211219.7221771	-1318402.3321626612	-1230906.940090088	-2589830.48800366	-1344.322499155616	-589.2684782756222	976.7881241944431
1051211425.6574779	-1585844.1670472987	-1343793.7752610026	-2371849.937692052	-1250.0901826464292	-505.81551446261693	1137.8950784796689
1051211632.57465	-1833232.5990325052	-1439167.969590302	-2120922.8650521194	-1138.3528889834126	-414.9686408012562	1284.819996616545
1051211840.8646663	-2057237.4804084986	-1515555.194394892	-1839378.1718336153	-1010.0203719741443	-317.618470303769	1415.536400328758
1051212051.0328507	-2254624.2395456643	-1571563.301486453	-1529696.336180466	-866.0822451179081	-214.69229403863883	1528.0653306178174
1051212263.6129286	-2422108.6647180435	-1605825.1211663447	-1194650.2860683617	-707.6739719431546	-107.20770980109083	1620.3886728661328
1051212473.649229	-2553366.56902799	-1617013.5830341156	-846704.3831760389	-540.626485681152	0.8525301942645145	1688.9534167666936
1051212681.5930867	-2647871.3001092942	-1605670.5705292758	-490450.2795918333	-367.17338847602304	108.17678453411014	1733.5570055381136
1051212887.8909177	-2705365.510403953	-1572456.0158126983	-130286.5663000325	-189.48445070496166	213.51925110423696	1754.1573164899116
1051213092.9102702	-2725821.4355854727	-1518155.1201805088	229418.30842474566	-9.74490702358151	315.65207994184027	1750.8587756488434
1051213296.9717054	-2709476.2286382257	-1443693.3646750073	584354.4657838327	169.85744138059516	413.3773859929637	1723.9377622812449
1051213500.3639234	-2656849.680456074	-1350143.700690494	930286.7627862795	347.14052895657403	505.53459788196403	1673.8569292776322
1051213703.3807741	-2568741.477238075	-1238713.9832677003	1263114.8894150658	519.9601489493926	591.0185438460228	1601.2638261962059
1051213906.3046016	-2446232.787100323	-1110753.4909114344	1578842.9190333986	686.1966344356963	668.7727492014254	1506.9959955721154
1051214109.4400017	-2290667.663678018	-967732.8575032685	1873630.886419423	843.784328030305	737.803998076475	1392.068634750879
1051214313.11613	-2103639.7450600876	-811238.0167806973	2143786.4724523025	990.7107670673843	797.180618959635	1257.6678928427646
1051214517.7023523	-1886971.006290945	-642957.5381772445	2385767.9226615	1125.0220759048996	846.0331824952751	1105.1379564866252
1051214723.6336193	-1642677.3538468936	-464663.57392411894	2596180.7337262076	1244.8259519556134	883.5522219463187	935.9593693543842
1051214928.5837313	-1376776.7507773875	-280789.46052734286	2769598.538736695	1346.986307586696	908.7154583640184	754.3365000999784
1051215131.4331334	-1094818.3188145715	-94973.30008188942	2903470.680303165	1429.8589904993596	921.275429894297	564.0505546222935
1051215332.6572151	-800420.0318858982	90628.85160190114	2997306.763250771	1492.959923315616	921.4011048274918	367.53657739698474
1051215532.6675354	-497180.94154636265	273913.51156062505	3050844.9979752423	1535.9346827651707	909.332257372272	167.21305040594572
1051215731.8228688	-188700.19585444088	452822.88328725967	3064074.149897417	1558.5694036351956	885.3872605405667	-34.509635167553384
1051215930.4288341	121400.01401605435	625336.4470402974	3037259.4876370677	1560.803298862094	849.9722148953521	-235.21843742821434
1051216128.7886573	429543.0849268706	789512.7943591718	2970957.010451549	1542.7396057814585	803.5783590783842	-432.54609995735626
1051216327.1818243	732160.8865374394	943469.5288179206	2866019.8539818283	1504.646742450289	746.7865543382075	-624.1502948168126
1051216525.8791982	1025717.171824785	1085398.0136044575	2723605.9032901414	1446.9628025127051	680.2664571976889	-807.7322575063307
1051216725.2039275	1306794.5825521667	1213604.0352263453	2545128.111916457	1370.273640174631	604.7536168599659	-981.0936301928074
1051216925.4623256	1571985.5159522803	1326453.3469518682	2332298.3715387685	1275.3282836045826	521.070374894914	-1142.0703649897991
1051217127.032843	1818002.8771660265	1422419.7962383067	2087044.283690698	1163.0003746389903	430.09104422017765	-1288.6027129770682
1051217330.3585974	2041631.793381742	1500055.0939322764	1811495.030505458	1034.27648146199	332.74076058762023	-1418.704981630768
1051217535.9831638	2239716.1415853584	1557971.7245726117	1507930.1123388554	890.2270973589493	229.98072084712194	-1530.455588871462
1051217744.6255667	2409135.8442560416	1594810.018793177	1178670.1954334648	731.9478375678709	122.77813176647778	-1621.9774843709679
1051217951.7053251	2543577.8740124083	1609084.3265981472	835359.4202083499	565.0850251705559	14.980304087211156	-1689.8683828706692
1051218157.3922812	2642120.2900700173	1601152.0141948035	482845.36268404394	392.0902595128704	-91.96501869984702	-1733.8650554882545
1051218362.138191	2704342.686938157	1571547.641113862	125377.02002333115	215.12108884493892	-196.83308840588563	-1754.0053440500299
1051218566.3165684	2730031.8184498227	1520924.579621822	-232792.3582674793	36.330068810629925	-298.4274428816141	-1750.4669642858555
1051218770.2430309	2719221.305329173	1450076.628499263	-587411.3714126693	-142.13753371885664	-395.5850878236201	-1723.5888151679326
1051218974.2172838	2672213.6035489026	1359939.4997888245	-934291.3024409809	-318.1736624505446	-487.1947749847041	-1673.8774960598691
1051219178.5157677	2589589.257627427	1251599.341771381	-1269288.49122425	-489.69783319513454	-572.1919556517773	-1602.0099811614355
1051219383.3951933	2472222.563706636	1126300.1399479012	-1588312.966730749	-654.6596887540821	-649.561206936622	-1508.8390534202902
1051219589.1376053	2321264.2944532447	985420.4802709842	-1887401.7946486475	-811.0746514040411	-718.3531293108804	-1395.3742733229426
1051219796.03977	2138141.013281351	830477.5407597959	-2162695.1297404123	-957.0094012107511	-777.6755810823438	-1262.7795737156898
1051220004.4335089	1924538.5827754142	663114.4880158545	-2410453.687612379	-1090.5882324148138	-826.6946979082779	-1112.3590197853862
1051220214.7231597	1682358.6802109338	485072.68467769236	-2627074.7977974	-1209.9994756285987	-864.6329637889364	-945.5261398899672
1051220424.9630755	1416895.1953590966	300356.4888341135	-2807186.765239469	-1312.390086458348	-890.525007166654	-765.937364255822
1051220633.4285921	1134286.2838595368	113094.36928084548	-2947388.1508206464	-1395.8393725673186	-904.0120100355264	-577.6558061492207
1051220840.5370225	838232.79244847	-74471.90320131081	-3046978.9412099873	-1459.8740935963253	-905.2492555172934	-383.02234368060357
1051221046.63624	532454.3267279164	-260135.6417821185	-3105511.368397176	-1504.129704626492	-894.4518046523067	-184.36644356856877
1051221252.0092161	220715.473029324	-441716.0006384886	-3122821.796548577	-1528.3634036773904	-871.9055078769187	15.974340172269352
1051221456.9039705	-93202.6784996737	-617080.5818791696	-3099065.6425369415	-1532.4720575053227	-837.9744564589059	215.66979937792448
1051221661.5366868	-405503.9460932521	-784149.6949621021	-3034736.627404065	-1516.5017641067232	-793.1069583143861	412.3943171564067
1051221866.1272782	-712434.9035358434	-940929.7413216683	-2930668.5620468026	-1480.6524203536608	-737.8322280917147	603.8595166299332
1051222070.8873775	-1010272.3779172992	-1085506.5715856536	-2788038.454510353	-1425.2801439646398	-672.7639539480864	787.802313502466
1051222276.0418296	-1295361.470056037	-1216065.1819880626	-2608355.4144868436	-1350.89591668859	-598.5958615897372	962.0051354857728
1051222481.8644227	-1564163.9658464594	-1330909.2271621665	-2393415.7617900074	-1258.1485945501952	-516.0872885546609	1124.3219392799624
1051222688.6411821	-1813199.6284749429	-1428431.351012481	-2145324.935447048	-1147.835919360101	-426.0765274139343	1272.6394752530375
1051222896.7606509	-2039137.3774695427	-1507144.9761879763	-1866385.3015339377	-1020.8569440008018	-329.44420393093895	1404.929204982726
1051223106.7109863	-2238731.2847377243	-1565643.136692955	-1559071.3115920078	-878.1997043653794	-227.11397788377744	1519.2046302472518
1051223319.1495026	-2408797.9063680987	-1602566.2948676783	-1225923.722473229	-720.8904890684294	-120.02702041418434	1613.502018218193
1051223529.3826345	-2543029.0713272686	-1616468.0928180728	-878871.0637055925	-554.4917278252483	-12.010910201282812	1684.2486082549096
1051223737.4946216	-2640547.527012275	-1607783.4827296	-523080.68420245306	-381.5028954233921	95.43368136854545	1731.0412210481309
1051223943.9336771	-2701071.845564701	-1577150.961491346	-162964.8056353561	-204.09612608030372	201.05566456515766	1753.82103799836
1051224149.0580754	-2724550.284953386	-1525337.7576914171	197076.62919446026	-24.46772992056016	303.616605316701	1752.6760474270025
1051224353.194725	-2711201.4793001814	-1453249.548758472	552730.9807325186	155.197669594431	401.9160777123383	1727.867843956958
1051224556.6491379	-2661519.3522050264	-1361932.2900913558	899778.5035925014	332.73075184498856	494.79490079023157	1679.8381989715408
1051224759.7045448	-2576280.524024666	-1252577.5971698752	1234086.200334417	505.97552908131496	581.1354972154202	1609.2173971424427
1051224962.6375091	-2456547.327485812	-1126519.5711756656	1551635.027412547	672.8048351184198	659.8713711601291	1516.8277775534648
1051225165.7517537	-2303644.7005207185	-985212.3116164163	1848571.186953195	831.1498219513168	730.0012352886633	1403.6686674704156
1051225369.3748806	-2119147.6987999645	-830225.9940347243	2121188.4847241864	978.9943631678111	790.584777074684	1270.9107940521392
1051225573.8678004	-1904867.1240301805	-663239.2960647877	2365924.8658312857	1114.3768371191616	840.7422176663816	1119.8883146407902
1051225779.6680007	-1662796.5230341079	-486005.4908906091	2579382.212773837	1235.405839589501	879.6570051942937	952.0640840319581
1051225984.8091613	-1398425.7705977417	-302606.25969527283	2756356.350016779	1339.0897251901904	906.3135611089151	771.284719246305
1051226187.7908671	-1117728.9716546794	-117005.66361150389	2893824.3760054694	1423.524673489619	920.360320485823	581.6303269118048
1051226389.1070753	-824311.1205338032	68645.53302253244	2991288.241556308	1488.2239990984363	921.9575993243114	385.52887952008274
1051226589.1770359	-521767.16744217416	252241.19423830404	3048465.6295260796	1532.8237749570014	911.3339415812579	185.3988086953726
1051226788.3565313	-213705.65085794427	431711.8749352842	3065321.0327958735	1557.0982344816439	888.7969232401956	-16.340028422834223
1051226986.9683319	96274.73284672509	605043.4311515137	3042094.6456089797	1560.9762107837992	854.7390027595094	-217.2860944566944
1051227185.3066192	404581.08961334697	770277.1123886621	2979315.8687227834	1544.5479949611326	809.6412474522332	-415.05732789215665
1051227383.6517539	707645.065492795	925521.9393727407	2877812.6301971073	1508.070830811845	754.0736322108498	-607.306965892555
1051227582.285841	1001945.8439094741	1068967.3347718273	2738708.6036298503	1451.9680199763106	688.6913056749916	-791.7414637555129
1051227781.515415	1284040.693688267	1198896.71546511	2563401.7838494717	1376.8184649346388	614.2247073919774	-966.1421788766379
1051227981.6515007	1550529.515733141	1313669.041460808	2353574.953160412	1283.3587315599545	531.4843433556354	-1128.3455149614424
1051228183.0826695	1798138.425841351	1411752.1764929446	2111115.433010674	1172.4445208826266	441.32928178022297	-1276.2954096724307
1051228386.2248024	2023622.3758777322	1491674.6680664949	1838157.0924308067	1045.065012214822	344.68603884831396	-1407.9841870150285
1051228591.6194446	2223833.3226453615	1552042.3684596338	1536956.1509218707	902.2807707013093	242.50597794049577	-1521.4917608657397
1051228799.9709253	2395654.076236351	1591488.6451209513	1209825.2007056992	745.184691159936	135.7511669159583	-1614.9400793645455
1051229007.2179254	2533017.786725011	1608469.2604542132	867468.9065620803	578.9612293495273	27.982239217131866	-1685.0252012498154
1051229213.0439345	2634533.0242640506	1603196.6924692104	515487.6100182197	406.4194565948463	-79.09973216883688	-1731.21762385277
1051229417.8912176	2699753.645564995	1576186.2724401287	158161.1543855354	229.73025667832283	-184.25793780118155	-1753.5377120138714
1051229622.1396489	2728449.6822715797	1528072.1101895438	-200255.773708273	51.04492170096964	-286.292617435304	-1752.1498216347745
1051229826.1219022	2720632.93290994	1459622.3175720545	-555530.5843600216	-127.50303926454473	-384.0422940504288	-1727.3749934790264
1051230030.1213589	2676582.7348208125	1371756.939478826	-903435.2483952604	-303.7882587981084	-476.380649758136	-1679.7043736462817
1051230234.4142647	2596860.3209429155	1265543.651942055	-1239815.9397826681	-475.72739651219115	-562.2361094761693	-1609.8003776846401
1051230439.2740211	2482309.420783925	1142197.1104823276	-1560598.6785711283	-641.2807577911594	-640.5920288371178	-1518.4927144389956
1051230644.9701682	2334062.5807478335	1003082.7395780127	-1861788.4974451032	-798.4497392094264	-710.4852763848295	-1406.7787710089249
1051230851.7857233	2153536.4938429664	849709.1657844135	-2139496.734016425	-945.2881688327661	-771.0113046390709	-1275.815850674271
1051231060.0685405	1942381.2938440426	683689.1726471614	-2389996.7314654235	-1079.929301795782	-821.3327256829101	-1126.883023533835
1051231270.2002157	1702499.2573742082	506763.3811695034	-2609651.8617309122	-1200.5455133929106	-860.6587472357525	-961.3952100039672
1051231480.6175414	1438644.1644936446	322571.276187975	-2793348.045164104	-1304.441034155304	-888.0392627025841	-782.6492509839702
1051231689.2096629	1157361.8297791686	135559.487554625	-2937190.5404712665	-1389.4345316845283	-903.0076263436129	-594.9975978548489
1051231896.3971295	862359.9878104039	-52022.286631831405	-3040460.5217462364	-1455.0452942758302	-905.7104715361742	-400.7888568146765
1051232102.5463082	557338.1266474641	-237975.01345027448	-3102695.43204158	-1500.9048992321923	-896.3532535710142	-202.34294380404828
1051232307.9424148	246060.379187736	-420111.22762900457	-3123704.026413423	-1526.759691611175	-875.2106758730229	-2.001225392731527
1051232512.8353952	-67693.11643216808	-596291.3619458643	-3103613.71860091	-1532.4958277707867	-842.6358068158269	197.90260404597927
1051232717.4484107	-380135.3592668466	-764431.9565633828	-3042887.398436244	-1518.1479836348158	-799.0646801653655	395.0447197159349
1051232921.9918406	-687497.1010524957	-922521.4479660398	-2942333.0989737273	-1483.9060445268851	-745.0180042902284	587.1230493527137
1051233126.6836182	-986063.6870337419	-1068639.9866365478	-2803097.073337542	-1430.1149473322728	-681.0976343728876	771.8765154160089
1051233331.7602648	-1272194.9447795048	-1200967.9025723357	-2626647.720166815	-1357.269804990809	-607.9822766290683	947.09351176635
1051233537.4666593	-1542311.9397619714	-1317778.4775265637	-2414777.862006185	-1266.0189797290848	-526.431287626673	1110.600609541444
1051233744.117196	-1792971.2208788493	-1417467.7763149291	-2169534.054262746	-1157.1358600488193	-437.2609740797846	1260.304714979545
1051233952.0739427	-2020809.8510637605	-1498523.4456219876	-1893218.4386887504	-1031.520219600457	-341.3519374015405	1394.1565067901765
1051234161.8143097	-2222578.308997735	-1559526.3041733294	-1588292.5563805385	-890.1554247401605	-239.62170179115338	1510.1664949641752
1051234373.974699	-2395091.112057602	-1599108.1233675927	-1257299.7037950961	-734.0703058533542	-133.00918779417236	1606.369812672827
1051234584.4112113	-2532300.237575661	-1615763.5811386483	-911182.1466435696	-568.3469125127006	-25.041176972133307	1679.3112515310886
1051234792.6969336	-2632840.5088822288	-1609776.4529026	-555894.1191129405	-395.8484467097214	82.52248701664351	1728.3072795856638
1051234999.2766349	-2696405.285468316	-1581764.5397664306	-195871.01851497637	-218.7539162723222	188.42245094927438	1753.2820129985457
1051235204.5207025	-2722922.2754422715	-1532472.054198452	164492.9412224375	-39.25198362388804	291.4201582331485	1754.3074613005392
1051235408.7517557	-2712584.6686528446	-1462784.222129996	520862.98234374076	140.46678203292316	390.3064225578021	1731.6267564216112
1051235612.265194	-2665866.831683487	-1373731.981039588	868987.938675163	318.2220539138921	483.91065179317803	1685.6669431544651
1051235815.3553761	-2583522.818488749	-1266483.938302834	1204740.6148310683	491.8655512342618	571.113419943212	1617.039569295237
1051236018.3098546	-2466584.8353200937	-1142347.855722153	1524104.755841302	659.2764459626186	650.844264542956	1526.5432077712528
1051236221.4148539	-2316364.1881453055	-1002769.6262617009	1823183.978461549	818.368036292259	722.0859673586556	1415.1661496278089
1051236424.9965035	-2134417.560300508	-849303.981976836	2098257.672555281	967.1203438590076	783.8891808589916	1284.0638689349457
1051236629.4073839	-1922544.6580054641	-683619.995439546	2345742.8566105245	1103.563773556122	835.3633326633386	1134.5606074406112
1051236835.0875849	-1682717.1489846036	-507452.63864651846	2562237.439800191	1225.8076712768875	875.6845004329689	968.101937280516
1051237040.4128184	-1419926.4981639755	-324550.3262080896	2742757.4637431838	1331.0016976978034	903.8467857125333	788.1962983085268
1051237243.53435	-1140522.2107715546	-139170.6830446709	2883825.376180752	1416.9947117728557	919.3936312094603	599.1894931608216
1051237444.9544837	-848108.2956127229	46531.21655778171	2984923.1453836216	1483.2905192948824	922.4741873271307	403.5109975695037
1051237645.0849669	-546298.5750297938	230431.89708484724	3045742.1093583303	1529.5115640199385	913.3060590438673	203.5946401205009
1051237844.2990792	-238680.4508215607	410468.40386675135	3066228.73283726	1555.424917433427	892.1850522265859	1.8496968662227289
1051238042.911061	71131.05799959491	584609.6765013664	3046597.9722398156	1560.946925089689	859.4934522798542	-199.3076731008921
1051238241.2267994	379559.22179191926	750897.9399234636	2987353.6448423774	1546.1570968494173	815.6995697687039	-397.5016786117147
1051238439.5276415	683035.7303377098	907432.830848447	2889295.6532228235	1511.3000610357924	761.3617034379332	-590.3810188324582
1051238638.1016357	978047.1224385167	1052397.1465008445	2753515.2846992593	1456.7848114584672	697.1218029493801	-775.6520981403626
1051238837.2388196	1261125.5103489163	1184051.5148928156	2581395.347819805	1383.183175724708	623.7051479069413	-951.0759832994394
1051239037.2663788	1528893.3268442024	1300754.167730797	2374577.330623776	1291.213736427477	541.9057736875596	-1114.4985831635502
1051239238.5478593	1778045.079775639	1400948.107133439	2134948.2553900788	1181.7322835219145	452.5828368252584	-1263.840418779608
1051239441.5081586	2005352.0798196606	1483157.580645377	1864605.8179489023	1055.7120572343367	356.6487361884835	-1397.0998169966178
1051239646.6745863	2207658.7290879227	1545975.004926319	1565797.0203242546	914.2099570776629	255.05050819229814	-1512.3486896947986
1051239854.7370219	2381850.7711935285	1588026.4066625196	1240826.3741717532	758.3160313927281	148.74526116629897	-1607.7079235636365
1051240062.1614094	2522127.4927845444	1607722.8211479657	899450.4356385466	592.7493825828057	41.00320959475795	-1679.985534875914
1051240268.1304151	2626605.628894029	1605117.499612108	548037.0102254607	420.68283044411834	-66.21526264882917	-1728.3708269410724
1051240473.087685	2694818.6370535525	1580706.2293200206	190878.781057008	244.2916392629203	-171.666522715345	-1752.8691238912174
1051240677.4249494	2726517.701184782	1535100.9957251411	-167777.4920373382	65.72094124300854	-274.14966492570875	-1753.6295461476616
1051240881.4645416	2721690.8465410816	1469051.8956595657	-523669.48863277514	-112.88334093460102	-372.49085777611884	-1730.9567410481436
1051241085.5011967	2680594.9825282213	1383455.1520637681	-872577.6670665427	-289.40258463903206	-465.56179559473924	-1685.3242251960687
1051241289.8055197	2603769.1570043056	1279360.4099963258	-1210327.084827132	-461.7453107530568	-552.2803487381099	-1617.3786730089778
1051241494.638901	2492042.758290597	1157970.6909093894	-1532814.2274610305	-627.859074311786	-631.6173242911863	-1527.9397415516457
1051241700.2814016	2346523.338942422	1020627.5088762487	-1836051.5921419365	-785.7513959320742	-702.6059743720948	-1417.9861804769382
1051241907.02057	2168600.5087398826	868817.0104128538	-2116145.8389206934	-933.4761499275395	-764.3342743382952	-1288.6564123165622
1051242115.1833371	1959921.256074862	704149.4001156661	-2369334.0514669865	-1069.149728828653	-815.9505587945747	-1141.2282065418847
1051242325.1604964	1722357.5406555682	528340.047260396	-2591985.578196229	-1190.9499632134705	-856.6588638888021	-977.0960246409766
1051242535.7456921	1460157.9075595485	344687.2307281312	-2779230.6938287667	-1296.3294454306106	-885.5249201225182	-799.2203297442488
1051242744.4648616	1180238.7403034726	157932.0080670118	-2926691.6120015155	-1382.8537967769284	-901.9724909345765	-612.218666251981
1051242951.7416888	886312.1428574431	-29667.895319679406	-3033625.0550266257	-1450.0321785749352	-906.1378067592098	-418.4462319912678
1051243157.9399266	582087.6967480769	-215901.5021994019	-3099543.800234988	-1497.4859113641364	-898.2166852736476	-220.23338044743335
1051243363.3576139	271314.1883117456	-398584.0485377493	-3124236.0542320255	-1524.9546921226731	-878.4734019834917	-19.915504162379335
1051243568.2519225	-42237.69342650767	-575573.152641583	-3107800.8752127904	-1532.3141874589262	-847.249263795756	180.17554418682292
1051243772.8423057	-354774.1918413018	-744772.3242188575	-3050671.9932500175	-1519.587638044193	-804.9699657860439	377.707530132064
1051243977.345833	-662535.1469715824	-904164.838141827	-2953625.7673891922	-1486.9531937727284	-752.1440600756234	570.3802912017721
1051244181.9813938	-961805.7450372516	-1051819.5787377765	-2817776.388568242	-1434.743438832515	-689.3621019274027	755.929109174939
1051244386.9803767	-1248936.7353716092	-1185900.7301588273	-2644565.3565405305	-1363.4431332314612	-617.293778934077	932.1337025771959
1051244592.5874798	-1520347.6921653051	-1304668.651311745	-2435756.100008927	-1273.6891907449883	-536.6881057960549	1096.817148123087
1051244799.1160814	-1772593.0792876966	-1406505.7782555972	-2193366.384275618	-1166.24341579331	-448.351247219193	1247.8829620901772
1051245006.913857	-2002294.53280844	-1489881.0174183713	-1919686.8470480978	-1042.0013992692284	-353.15944220600824	1383.270975984836
1051245216.441086	-2206193.308220484	-1553361.2834281034	-1617176.3041429599	-901.9464414441399	-252.0276156488805	1500.9854753460854
1051245428.3338575	-2381120.1068844497	-1595574.4331893912	-1288350.1750467955	-747.0955126928795	-145.88271868170017	1599.0707549134434
1051245638.9821975	-2521287.546340254	-1614966.364153631	-943193.0753866845	-582.064624085022	-37.95930352019955	1674.192050672805
1051245847.4493567	-2624831.5610015052	-1611657.4580103394	-588435.078530225	-410.0744197537702	69.72591294936943	1725.376850181332
1051246054.1713632	-2691419.093603627	-1586246.0005203479	-228544.49764136592	-233.31547616081633	175.90223787684843	1752.5318841704234
1051246259.5307523	-2720960.7507440625	-1539455.5682363072	132089.80502532597	-53.9691158523984	279.33092955205586	1755.7155114248117
1051246440.0	-2716376.4409518046	-1481049.8890002854	447691.39703619195	104.8027507333263	367.40747875433533	1738.772838610963
