1051160040.0	-680115.5851790947	187293.02177610213	3022637.345486988	1513.6310065311943	917.5378347659666	280.9958482782914
1051160050.0	-664968.1138380776	196465.2529461921	3025397.313691746	1515.854922950137	916.903341570425	270.9962294779459
1051160090.0	-604163.3543975174	233086.17988323685	3035435.874203686	1524.2491268183835	914.0622255603298	230.9090441009733
1051160247.9090564	-361311.74855674	376266.08256562735	3059340.27547054	1549.4790150786664	898.1382663529141	71.63815372577855
1051160446.5954771	-51764.36880161037	551871.7521196716	3053589.243124112	1563.0684426202934	867.6042499990962	-129.46587385313958
1051160645.0353535	258074.62557970555	720075.4268855869	3008089.0852704337	1556.2912753699434	825.8184914899213	-328.60442701962955
1051160843.357297	564376.7513003121	878821.8798375067	2923523.6468564286	1529.3022807900247	773.3486500926314	-523.2601832826903
1051161041.851295	863606.8977217271	1026280.74603241	2800878.205547553	1482.4390816162227	710.8261661255756	-711.1290452571334
1051161240.8073946	1152270.8779391763	1160700.201677361	2641427.8435185463	1416.2015692842783	638.965328985535	-889.9582779486223
1051161440.5332831	1426937.7033181607	1280417.3103560132	2446725.0062565156	1331.245129871969	558.5562707334703	-1057.5629974435542
1051161641.374555	1684256.9243503492	1383862.9238414392	2218573.253515895	1228.3661670837691	470.45440490240156	-1211.838235648469
1051161843.7329277	1920958.5135964043	1469555.6665069985	1958996.0167154747	1108.4838862422619	375.5700420766795	-1350.7588671436122
1051162048.0891898	2133838.99665324	1536087.0293017605	1670199.8926499505	972.6184270853117	274.8577773420942	-1472.3697878871922
1051162255.0670452	2319755.9137798194	1582100.3721658685	1354480.9693731745	821.840473714675	169.28928190807264	-1574.7777428587378
1051162463.1288731	2473995.7893355237	1606088.013866263	1018051.9767576599	659.1249470596397	61.07058519877979	-1655.3155934051113
1051162669.5127435	2592602.7944119778	1607553.9589687083	670167.5393359262	489.011376300932	-46.830209697617974	-1712.0045238675013
1051162874.6892333	2675035.2440803344	1587008.9875094334	315134.21553456923	313.6864394115884	-153.15727476056065	-1744.804650221473
1051163079.0529374	2720958.436339487	1545077.7133897545	-42764.121372655114	135.32067071728574	-256.6901958748054	-1753.8136816930005
1051163282.9598144	2730276.0742694163	1482511.1238271825	-399294.63029980863	-43.94485594062983	-356.25446577019477	-1739.2821052521817
1051163486.6981889	2703149.5265856595	1400210.9258577416	-750205.3789638424	-221.96231956807887	-450.7032849949139	-1701.6261557391658
1051163690.5525556	2640020.018498769	1299222.3561232043	-1091329.6346230365	-396.62822644147167	-538.947642581746	-1641.432676862047
1051163894.7852187	2541616.6813818333	1180745.0178784367	-1418553.0815989464	-565.8655124357728	-619.9468246395817	-1559.4629300214303
1051164099.6572765	2408960.1148965396	1046127.6364952837	-1727852.0443236628	-727.6411248171645	-692.717901918824	-1456.6497123074084
1051164305.4575888	2243342.9689200507	896848.8415209905	-2015336.2035679573	-879.9864441367239	-756.3440601639787	-1334.0798822635093
1051164512.4988542	2046324.5284768825	734517.3148449608	-2277231.583917234	-1020.9866314422768	-809.9676480582273	-1192.9897851093024
1051164721.1396011	1819708.6381282103	560857.0066648455	-2509892.0160719356	-1148.7848019167066	-852.7894407181467	-1034.7488720986594
1051164931.8142501	1565506.89463437	377686.65347987	-2709796.358905003	-1261.5795774303938	-884.0625869586306	-860.8352493327038
1051165140.5274558	1292054.5308450537	191000.73121063062	-2870450.964644392	-1355.7625769186832	-902.8070581896626	-676.9197783356321
1051165347.6328831	1003178.0278267895	3155.9085378208456	-2990950.520753164	-1430.7385534644827	-909.1502815955929	-485.4562483479072
1051165553.5341451	702554.0457579584	-183644.18981519638	-3070744.330418057	-1486.0855059884766	-903.2946882322293	-288.7729741967622
1051165758.5627038	393893.82769768	-367224.1333204302	-3109533.45056284	-1521.492567440701	-885.5064296870243	-89.1997478657657
1051165962.9926074	80949.86659847845	-545440.3773698392	-3107310.06826781	-1536.7783281067486	-856.1268618177114	110.92678277291105
1051166167.0596644	-232501.30039309768	-716197.2304388685	-3064389.776783047	-1531.9072826362572	-815.580155126544	309.27245284522456
1051166370.9967196	-542712.662791427	-877479.0973673873	-2981420.3101624884	-1506.9969845505655	-764.3714173426137	503.53688976441754
1051166575.0214219	-845951.894618278	-1027343.1250763542	-2859387.415714808	-1462.3207158579805	-703.0906029131095	691.4409842998283
1051166779.3681182	-1138554.0654666019	-1163946.6248313182	-2699600.846573339	-1398.3043427595426	-632.4050263493217	870.7567834817618
1051166984.2772627	-1416908.3704989967	-1285539.635777752	-2503695.0892274426	-1315.5275058097072	-553.0621884379284	1039.2962155955297
1051167190.0375009	-1677513.1696846182	-1390487.7836723046	-2273584.4088173923	-1214.7061074676467	-465.8739560674761	1194.941674577561
1051167396.9917378	-1916963.9901607616	-1477260.3285348746	-2011436.0449562431	-1096.6805808092993	-371.7119425781109	1335.635111790634
1051167605.5715828	-2131957.415700387	-1544421.5628695057	-1719613.3750498672	-962.390197433253	-271.49316495668995	1459.3763388058906
1051167816.330936	-2319258.6944588455	-1590601.416468645	-1400618.6442541876	-812.845211798621	-166.168802000886	1564.1985576964667
1051168027.7248904	-2474162.9803683287	-1614316.620919523	-1060766.9257809133	-650.8888197333831	-57.88476132530503	1647.3554746956083
1051168236.8153738	-2592652.852993382	-1615111.9774228842	-709711.7570656656	-481.09231859569644	50.33698989302199	1706.6806238560343
1051168444.0414722	-2674273.7224829807	-1593588.079166328	-351970.27939688426	-305.6646066901919	157.20934977140269	1742.0364890636301
1051168649.8082184	-2718824.856404889	-1550466.7980756497	8064.480634696307	-126.78164398136555	261.492966416367	1753.437585436132
1051168854.4493911	-2726354.369580214	-1486606.7758140313	366027.23280521954	53.364739821924736	361.9693394541292	1741.055516568044
1051169058.2695988	-2697188.4447509297	-1403009.6076815967	717635.549247589	232.59282546072302	457.4594250787471	1705.238798654068
1051169261.5485601	-2631939.910133418	-1300824.4994080388	1058691.1227188928	408.7316069724225	546.8257040961008	1646.5219144091816
1051169464.5618566	-2531509.079089312	-1181342.1188558058	1385114.5744448954	579.6393445086743	628.9831986111839	1565.627550797548
1051169667.5973765	-2397071.687403714	-1045982.9096902211	1692970.6660664307	743.2185895947165	702.90690854117	1463.460609496955
1051169870.9563342	-2230070.462072083	-896292.9887873905	1978464.569469739	897.4168383670698	767.6316761406293	1341.105536987817
1051170074.9610062	-2032205.8436217713	-733938.1244612015	2237945.678347465	1040.2314395261621	822.2542137842229	1199.822260325828
1051170280.0102881	-1805372.156763464	-560658.1174570457	2467955.836461704	1169.7404536117122	865.9426707349955	1041.0039152486067
1051170486.5815613	-1551633.8159486346	-378263.5563475912	2665175.0424469807	1284.0794126950498	897.9211057536345	866.164971565095
1051170690.6983694	-1279483.3695991656	-192806.44564458466	2823279.1432505557	1379.5019022881388	917.1679702018167	681.1720536637704
1051170892.8745345	-992582.8158838211	-6494.129031271388	2941653.953620823	1455.4418821994295	923.8283387222801	488.484072567677
1051171093.5859413	-694506.219108258	178560.6868871281	3019918.6914867745	1511.4687335259132	918.1133208760011	290.5007583447695
1051171293.2266638	-388845.9284471934	360275.5701526187	3057906.393534455	1547.2727285977232	900.3045071908132	89.62957157757813
1051171492.1297954	-79217.73608413484	536603.724664839	3055707.536076126	1562.6878984845175	870.7666118084927	-111.71645488240625
1051171690.5923718	230759.85426528438	705551.6527341859	3013700.644884142	1557.7092216771578	829.953762898463	-311.137210635169
1051171888.9108688	537514.5911662369	865207.8388500261	2932556.1473621177	1532.4971205670802	778.405316146029	-506.28097549327197
1051172087.3758649	837508.6906685402	1013735.4979837601	2813233.617824231	1487.3748173733527	716.7452128046396	-694.8398640317038
1051172286.2774997	1127244.6681898783	1149375.975487859	2656982.149605101	1422.827742729883	645.6803379349261	-874.5566749713192
1051172485.9229499	1403287.5387924442	1270459.108868225	2465328.2181399018	1339.496953254295	565.9936236502346	-1043.2413784384657
1051172686.6507025	1662275.0751991153	1375405.4834620636	2240056.774152875	1238.1680621166981	478.5362227302834	-1198.7790335848356
1051172888.8599489	1900934.274195737	1462727.803397457	1983169.0776286982	1119.7483391068188	384.21250638486697	-1339.1399255588708
1051173093.0180202	2116050.3617845103	1531009.633781163	1696863.9754345869	985.2531202206819	283.97609204652906	-1462.3596832935057
1051173299.7318991	2304476.7345890263	1578891.8037087526	1383436.6863775454	835.7523555484066	178.79904425331492	-1566.5407854631992
1051173507.9645028	2461823.1491318676	1604885.422506302	1048229.5780996915	673.7967000209472	70.6152248186916	-1649.1735542084414
1051173714.4818002	2583598.3714459124	1608317.2648121759	701171.6164013108	504.24226370751154	-37.367560358623734	-1707.9693767188621
1051173919.7456123	2669234.354409578	1589688.8545032092	346599.78066066164	329.29108172459235	-143.88168776430092	-1742.8724603687199
1051174124.1683366	2718382.78434628	1549613.4906609408	-11220.672885196529	151.10494671252937	-247.70979510377825	-1753.9703348263665
1051174328.1016358	2730923.5811249157	1488831.8045455287	-368039.9900569051	-28.16632970306862	-347.66964571859415	-1741.4990885987156
1051174531.84565	2706994.5050094114	1408229.694614347	-719618.4862707433	-206.38089810997616	-442.6148680232035	-1705.859300868615
1051174735.679836	2647011.9937721905	1308841.447952733	-1061772.6225708704	-381.426712396034	-531.4488186318354	-1647.6233703449059
1051174939.8666072	2551681.0050543384	1191854.2899301047	-1390380.6184587784	-551.2229467629247	-613.1259107867481	-1567.5382438901586
1051175144.6841353	2421985.481685444	1058592.679952758	-1701436.3447807166	-713.7461000992172	-686.6641918125874	-1466.513211768557
1051175350.3970807	2259206.292740395	910537.2897418105	-1991003.4381084028	-867.0041479206975	-751.1327845308546	-1345.6314430691746
1051175557.3163515	2064882.10783511	749286.4539237235	-2255300.46133507	-1009.0788868352507	-805.6699416331161	-1206.1178576734908
1051175765.8009411	1840792.5738627175	576550.9317046313	-2490677.978968833	-1138.112581948249	-849.4733182663899	-1049.3280694587093
1051175976.2814689	1588927.4994799749	394138.2631938387	-2693608.3320216243	-1252.3015115131072	-881.7924352452562	-876.7281566274587
1051176185.1525176	1317032.2909098882	207669.525234204	-2857790.6452157265	-1348.1638809280416	-901.6459715814622	-693.6026872063094
1051176392.378576	1029384.6634913055	19842.335194863168	-2981881.7616364514	-1424.8636760448842	-909.0838073535608	-502.7199968889049
1051176598.3712854	729656.9756680734	-167138.0304330586	-3065309.412888773	-1481.9694230084358	-904.3028134183191	-306.4075980038625
1051176803.4697182	421553.4414705226	-351095.2238229317	-3107748.7652845043	-1519.1588781278426	-887.5621529885896	-106.99268711990166
1051177007.9393927	108842.76628436541	-529870.8564587623	-3109162.651357133	-1536.236384028962	-859.197364361253	93.17592694971808
1051177212.02846	-204714.31881394068	-701372.9313449117	-3069838.6812594994	-1533.154567729875	-819.6241860177229	291.7727847069298
1051177415.9712132	-515369.87055815477	-863579.2759664737	-2990392.8416174236	-1510.0163490602743	-769.3397336954579	486.4956152908985
1051177619.9809651	-819381.2135497963	-1014535.635509029	-2871782.025994104	-1467.081249333089	-708.9275316310959	675.0578260499187
1051177824.2815288	-1113064.6043722637	-1152384.7480253063	-2715295.851173187	-1404.7651475480232	-639.0515171800002	855.2192590455224
1051178029.1360255	-1392837.3463728018	-1275383.6409698552	-2522521.2375891428	-1323.6263789702339	-560.4438494412933	1024.8085430509543
1051178234.8152558	-1655168.1837112627	-1381878.1486052542	-2295357.294675397	-1224.3724200788174	-473.9150947521175	1181.6896413595755
1051178441.648245	-1896634.2121942048	-1470325.0433823764	-2035960.9351086016	-1107.838075387292	-380.33573114380977	1323.7935934971583
1051178650.0630684	-2113931.639238738	-1539284.5169972193	-1746675.127392368	-974.9527095599669	-280.6170706622243	1449.1204721044182
1051178860.6014744	-2303822.4057474523	-1587382.6961819981	-1429992.0583568288	-826.7214633034243	-175.70757101500712	1555.702439251118
1051179072.2269133	-2461921.1494276663	-1613150.844683999	-1091345.311765701	-665.5624076692003	-67.47911228364862	1640.9578555588225
1051179281.504678	-2583654.865497016	-1615950.9480539758	-741093.9278721288	-496.36825049908373	40.8017196395585	1702.3991189841024
1051179488.8819052	-2668549.1542869303	-1596373.1967590794	-383759.8032370391	-321.3478640700942	147.8455769771897	1739.8768400676488
1051179694.7604703	-2716379.713877583	-1555129.9098749897	-23756.454676717465	-142.68482441994934	252.40612157456485	1753.3916754394206
1051179899.4918991	-2727174.234757078	-1493064.5597733788	334569.26376323256	37.440891312118886	353.26894852181533	1743.10120386942
1051180103.3713673	-2701232.9553834894	-1411169.2523496544	686906.9811451703	216.83633996979455	449.24562310794346	1709.3382702562121
1051180306.6903464	-2639141.8643725403	-1310576.1561593737	1029067.4034641271	393.3379277934731	539.1993644345997	1652.6190130373834
1051180509.7194734	-2541776.1578921806	-1192565.409480207	1356951.151457622	564.7964657381688	622.0378729926817	1573.6499991390328
1051180712.7410256	-2410290.647927054	-1058549.2467887474	1666603.3714692548	729.1068352784051	696.7291679943664	1473.3224627564903
1051180916.0555123	-2246106.0684249466	-910063.2089913401	1954218.8446901678	884.2133921802792	762.3034404440594	1352.7058370851364
1051181119.9897028	-2050894.9309286019	-748757.7614836192	2216143.6038650535	1028.114022198542	817.8540182423312	1213.040664023149
1051181324.934135	-1826535.0970378558	-576366.9238072722	2448900.49895236	1158.8784910312522	862.5421651837423	1055.7087851242507
1051181531.3464208	-1575091.277493825	-394705.86790810217	2649146.3452410186	1274.6306979253764	895.5852543174451	882.2244323895175
1051181735.6578451	-1304438.41312744	-209433.64671578773	2810769.16357937	1371.765870948431	915.9636999407813	698.0398954150797
1051181937.9919463	-1018702.0379307383	-23106.377292788304	2932712.709515107	1449.4665133067917	923.7403985967054	505.93635666096145
1051182138.817406	-721476.9245705213	162146.14358597086	3014568.5279690037	1507.2856766559544	919.1198278197239	308.32767078448126
1051182338.5307338	-416360.34934214596	344235.1585425441	3056151.206367928	1544.9027782530475	902.3780824177825	107.6249786337684
1051182537.482339	-106946.9754339743	521122.08330361603	3057531.004410054	1562.1414282560738	873.8714727707263	-93.771581164052
1051182735.9760265	203151.32908473074	690811.483049364	3019056.380516445	1558.9803432658057	834.0443417300631	-293.4645370501287
1051182934.2990412	510343.7601872496	851376.1876251193	2941371.1653928617	1535.5641463427742	783.4296674511965	-489.08829691605564
1051183132.7480004	811097.6050320283	1000976.7049319544	2825405.5127996635	1492.2001508901317	722.6421087463734	-678.3360316128844
1051183331.5969561	1101887.5899569378	1137835.6625530869	2672393.5229773712	1429.3636332844405	652.3865200246483	-858.9307622930745
1051183531.1579635	1379284.026841775	1260281.0168361224	2483835.9117765334	1347.6818959063123	573.4378041908561	-1028.6833928726394
1051183731.773965	1639928.8713507906	1366730.0308427392	2261487.6410672027	1247.9247653031493	486.6381466157424	-1185.478750582483
1051183933.8299172	1880531.0052411947	1455683.2596013837	2007340.4732472007	1130.9932189877907	392.8909372448477	-1327.273409886324
1051184137.7954768	2097882.033524951	1525722.4385799025	1723564.521766721	997.8880008906095	293.1412719520521	-1452.1040074942575
1051184344.2517905	2288818.7449531974	1575480.7808955894	1412464.7970971672	849.6830959179714	188.3657594058697	-1558.0612529287037
1051184552.6501769	2449279.932510554	1603496.5253044644	1078539.6986635297	688.518451684835	80.23282101877489	-1642.7982470871834
1051184759.3004915	2574240.135044978	1608913.133023944	732357.0521008293	519.5488507861741	-27.819990909891736	-1703.7151812938653
1051184964.6558503	2663101.766028016	1592220.8593130123	378283.21369881905	344.9910148254726	-134.51322849272364	-1740.7381920229077
1051185169.1357026	2715498.6472843755	1554022.8338236748	20583.58813705823	167.007270998543	-238.62696250469202	-1753.9429301623195
1051185373.1038395	2731289.3884658776	1495045.3040234316	-336503.72530879534	-12.25811102025624	-338.97936324867464	-1743.55100680163
1051185576.855846	2710585.7056270307	1416162.4590831732	-688722.4581037938	-190.6548164477079	-434.4162583329423	-1709.9474108834593
1051185780.6717399	2653779.9301976915	1318396.1725742035	-1031881.9956247548	-366.06710419749186	-523.8361175668317	-1653.6899534118704
1051185984.8197912	2561549.718813257	1202917.789574523	-1361862.1114362294	-536.4150502470757	-606.1906593360892	-1575.5087244911808
1051186189.5664377	2434860.1688165735	1071046.0274140066	-1674630.3347296203	-699.6617732110581	-680.488469269236	-1476.3034361102548
1051186395.1872846	2274960.472809104	924241.7148645093	-1966259.5501575149	-853.820559103772	-745.797961961382	-1357.137616931354
1051186601.9858575	2083368.5329783862	764094.8122292004	-2232950.041396561	-996.9643773802636	-801.2502774906667	-1219.2252955669705
1051186810.3092864	1861851.0473616163	592312.3048134093	-2471033.372635178	-1127.2261710777364	-846.0366580342018	-1063.9163528691356
1051187020.5908265	1612370.131078676	410685.4944307148	-2676984.1423595953	-1242.8045350386494	-879.4048426301977	-892.6605641218696
1051187229.6250635	1342072.7448707987	224453.29215648767	-2844714.450648535	-1340.3547338506783	-900.376930921135	-710.3495592128253
1051187436.9813979	1055684.7828231896	36656.51400034649	-2972422.3191273087	-1418.7896402274396	-908.9192194032037	-520.0655340523997
1051187643.0743273	756881.4641220275	-150492.93833694392	-3059509.260665999	-1477.6656216294314	-905.222412791973	-324.1400684427004
1051187848.2348598	449384.3295253903	-334803.5547211981	-3105622.755464826	-1516.6468946310972	-889.5404414101788	-124.91346819432522
1051188052.7517345	136930.82318944886	-514130.48912060005	-3110703.0393454814	-1535.5293976493815	-862.200514138057	75.28400771617923
1051188256.8696313	-176710.35473801286	-686370.9680447167	-3075005.0161641375	-1534.250310316688	-823.6108433106771	274.12011547045745
1051188460.8082404	-487765.797808992	-849483.6924632753	-2999120.559704176	-1512.90043330154	-774.2649068048435	469.2753568354233
1051188664.8036746	-792524.179885352	-1001525.1360492699	-2883968.923946132	-1471.723370206449	-714.7335772494579	658.4818634453162
1051188869.0695503	-1087282.0469987474	-1140621.6493449241	-2730812.7515624887	-1411.121587339463	-645.6756348445335	839.4863512397069
1051189073.8634444	-1368444.969486738	-1265018.9659269927	-2541214.8237018823	-1331.641684824083	-567.8179963545543	1010.1097995173964
1051189279.4438075	-1632463.1872260452	-1373049.7481221093	-2317060.5473153736	-1233.9840625620704	-481.9693369005715	1168.2048885727831
1051189486.162017	-1875940.063641848	-1463175.5810445026	-2060453.3606664613	-1118.9587945094913	-388.98304484177356	1311.7182697924086
1051189694.4153893	-2095535.6970566018	-1533937.6709292328	-1773744.776646146	-987.4978865394381	-289.7759759253987	1438.62881894239
1051189904.7335775	-2288009.38073354	-1583958.9255607126	-1459418.013965506	-840.6019723074133	-185.29412249178554	1546.9681339369822
1051190116.5931944	-2449314.801350507	-1611796.2565146715	-1122024.8894073337	-680.265059777579	-77.13356007129379	1634.3317455271674
1051190326.0653694	-2574310.3632486556	-1616618.3635670333	-772613.9510706175	-511.6924904226696	31.19780390632023	1697.9019191859454
1051190533.594699	-2662495.5443018666	-1599004.8806803473	-415729.9684016486	-337.10186248640355	138.40277923065932	1737.5142378575545
1051190739.5959921	-2713627.6200748067	-1559656.2880272716	-55779.51161009095	-158.67084033880712	243.23614916006585	1753.1575246061648
1051190944.4118776	-2727709.1826190935	-1499407.129812965	302862.2104444224	21.40914110433258	344.4741584712351	1744.9746012597652
1051191148.3603953	-2705016.366126092	-1419230.3687016135	655913.101481292	200.96217696895937	440.93482977496006	1713.2811454855344
1051191351.717794	-2646110.2386079547	-1320251.134242151	999146.1240613229	377.80838970961656	531.4692641835262	1658.578471462414
1051191554.7607307	-2551840.395157494	-1203735.0724282232	1328461.2596347972	549.8009606235779	614.9832131179242	1581.55580342947
1051191757.7659681	-2423340.406575359	-1071085.9665657454	1639884.358608812	714.8273057658943	690.4377930580057	1483.0905041237852
1051191961.0391338	-2262003.8119698656	-923824.2576063982	1929607.9762383227	870.833102297443	756.8603737930985	1364.2332283376181
1051192164.8999205	-2069484.4168575492	-763593.4589357696	2193958.576219721	1015.808062365364	813.3372180360608	1226.2119164504606
1051192369.7365341	-1847638.8796414265	-592117.4007725897	2429448.9551396654	1147.81848735966	859.0247927783313	1070.3936034591413
1051192575.9934654	-1598523.2453898585	-411209.66797647503	2632718.2839107146	1264.9799870704212	893.1345296455013	898.286169108754
1051192780.5082022	-1329400.5957939108	-226137.90500676294	2797875.886786936	1363.8338205865941	914.6519365419548	714.9308537057561
1051192983.0029403	-1044866.0106964911	-39814.43810575426	2923402.4257507897	1443.3000246511194	923.5523751738712	523.4359853983394
1051193183.9443717	-748528.5169365951	145618.34141836478	3008866.0339057334	1502.9178504588008	920.0342888255774	326.2251010430194
1051193383.7468015	-443966.88407934277	328079.10210126225	3054064.8160343715	1542.3581216459195	904.366638924749	125.69764102428147
1051193582.7524353	-134793.80535264115	505513.84940105316	3059042.1519727977	1561.4285164784098	876.8990991666069	-75.73334775788294
1051193781.2718457	175384.68779450472	675925.9977775209	3024122.958449767	1560.0947862343096	838.0681372193886	-275.6728837653374
1051193979.5934904	482975.8250975886	837382.3723073455	2949925.424235408	1538.4871196395814	788.3990622414959	-471.75237793766837
1051194178.0093938	784436.5782024661	988033.3584421851	2837357.4664283735	1496.8997635561964	728.5006973180203	-661.65647658368
1051194376.8101468	1076263.0455362238	1126106.6731354469	2687615.8408896714	1435.7889926928217	659.0649585271929	-843.1191852988076
1051194576.2965761	1355004.8503453357	1249914.4686189494	2502180.285601437	1355.7694048407461	580.862488135001	-1013.9356963111989
1051194776.7931622	1617277.5798450059	1357857.9007086267	2282800.220616707	1257.6058895066394	494.73621387033916	-1171.9721367924415
1051194978.6941497	1859804.1849826677	1448439.2843455211	2031434.471900006	1142.1828329708399	401.57893223204405	-1315.1909769272029
1051195182.4656188	2079374.7441161135	1520235.1477981918	1750230.3818853537	1010.4889875308022	302.32961647371746	-1441.6250582023301
1051195388.6666124	2272812.044155407	1571871.3843399521	1441496.495113971	863.5993053506256	197.96741677800776	-1549.354642085344
1051195597.2597029	2436412.741921234	1601923.741264581	1108855.3288975689	703.228208738545	89.8836444763978	-1636.2124724436037
1051195804.0440471	2564562.366343588	1609335.7782280496	763590.6872075398	534.8655028482228	-18.2277166475171	-1699.256373464684
1051196009.496652	2656658.8509969283	1594590.9858811274	410046.829707007	360.717766692312	-125.09208966454628	-1738.4076561633137
1051196214.038667	2712314.498562789	1558282.008087058	52498.60463174408	182.95238646146876	-229.48404198025798	-1753.7282348906613
1051196418.0406088	2731366.9986637104	1501122.7911948373	-304817.7753392986	3.7130337013406898	-330.2194788685154	-1745.4260317412811
1051196621.8045243	2713902.961761508	1423972.6946205748	-657648.6602167205	-174.85113993069672	-426.1418228986749	-1713.8699174786625
1051196825.6055377	2660289.7219270766	1327842.5204087836	-1001786.6404026306	-350.615827784742	-516.141869644353	-1659.6030779848477
1051197029.7121478	2571180.8921758966	1213891.2877380091	-1333104.1416896898	-521.497363145423	-599.166482917762	-1583.341327997154
1051197234.3963612	2447513.4708346864	1083421.5132527363	-1647569.537590437	-685.4595758364314	-674.221399391501	-1485.9672847430804
1051197439.9213711	2290519.5709891687	937889.2692360596	-1941229.489227525	-840.5025156912981	-740.3659056750496	-1368.5362192476089
1051197646.6013086	2101683.8969729426	778863.9769874085	-2210292.622903019	-984.7042730735793	-796.7301815001604	-1232.241763966677
1051197854.7813245	1882746.4844252334	608039.5066363304	-2451079.44917893	-1116.1931003128686	-842.4999443924395	-1078.4188473188556
1051198064.8684688	1635672.1005176539	427214.74713969213	-2660032.6701305984	-1233.1512733633938	-876.9145817115442	-908.5223060216091
1051198274.0757601	1366995.4691878601	241232.14286921735	-2831311.1225680634	-1332.388638625374	-899.0075684505606	-727.0400767912565
1051198481.5609192	1081904.0415868834	53487.91367883119	-2962630.0137716597	-1412.5542528937517	-908.6562657723523	-537.3781915596247
1051198687.746674	784070.5437253104	-133804.0042025989	-3053372.696848764	-1473.1966032711923	-906.0469209005839	-341.8684449215957
1051198892.9822959	477194.49358921545	-318460.6931366793	-3103165.75509588	-1513.9717868941273	-891.4264675665911	-142.8387390327632
1051199097.548113	165028.97085422694	-498322.22065659345	-3111917.066463399	-1534.660034707133	-865.1154352995757	57.36865574880799
1051199301.6906399	-148656.9004831504	-671280.3177662006	-3079853.9434140683	-1535.186011963836	-827.5152188433623	256.41978313965075
1051199505.6364543	-460097.1480407748	-835292.0387910226	-3007537.324336791	-1515.6267433951477	-779.1107761874239	451.99859065591943
1051199709.6174327	-765570.5063657023	-988402.7603066379	-2895857.979913205	-1476.2123024941275	-720.4666370932982	641.8299590852961
1051199913.8479521	-1061370.8297976288	-1128731.6073572868	-2746048.6745872693	-1417.331207201006	-652.2340786295122	823.6581932259651
1051200118.5857946	-1343899.8552721632	-1254516.4583511993	-2559642.4271280244	-1339.5159586093735	-575.1325196318661	995.301382226044
1051200324.0890521	-1609602.6508089406	-1364081.244800374	-2338494.2959472784	-1243.4523065989026	-489.96295044332857	1154.6086456786754
1051200530.6835539	-1855049.1540002057	-1455868.8947189322	-2084709.9438169505	-1129.9502016208328	-397.58248083485046	1299.506720055351
1051200738.775794	-2076913.7019762534	-1528421.8527493288	-1800604.6997651972	-999.9246998028558	-298.8966057131188	1427.9833323322434
1051200948.884115	-2271949.763425479	-1580357.1307722542	-1488648.2796047055	-854.3694960453482	-194.8478906152719	1538.0672754335394
1051201160.9841237	-2436450.8906530607	-1610263.0443777544	-1152538.5159708727	-694.8686174727906	-86.76429712725272	1627.5330781429761
1051201370.645544	-2564692.5819617715	-1617107.2968079774	-804015.8851496978	-526.940469850842	21.602989774169846	1693.2238917199993
1051201578.326546	-2656159.3550529606	-1601460.3629322066	-447621.90409746126	-352.7988952295605	128.95719488845674	1734.9662176585166
1051201784.4388934	-2710585.0289035803	-1564013.2349820593	-87783.63567467338	-174.62918783864714	234.0461334515446	1752.7351576558797
1051201989.3483864	-2727952.597063708	-1505583.945964925	271151.6708950652	5.393827092151764	335.652887393551	1746.6596460936737
1051202193.3583678	-2708510.4641925744	-1427136.6917303181	624864.8290881519	185.07852966504933	432.5834005168867	1717.039037009354
1051202396.7460829	-2652797.3179454776	-1329785.4743010374	969120.1463617918	362.24328489472026	523.6850005152723	1664.3600955973518
1051202599.7997144	-2561634.5486631286	-1214778.1419072987	1299826.5192564062	534.7486406143414	607.8639387668597	1589.2925869880999
1051202802.8018419	-2436123.74000556	-1083500.8361887096	1613006.5538646583	700.4833215075272	684.0779651792768	1492.692269603176
1051203006.0350007	-2277647.8276109667	-937476.7685639854	1904806.4659260102	857.371064413418	751.3408089605315	1375.603935688
1051203209.8350899	-2087824.0372814569	-778326.0200660891	2171566.118660803	1003.411147140295	808.7392811319884	1239.2297274801074
1051203414.5702047	-1868503.6032003325	-607775.9067078438	2409763.739661765	1136.6531013282815	855.419637902459	1084.9333291804517
1051203620.6811129	-1621724.8645785383	-427631.1622231976	2616031.9033464454	1255.2103815119724	890.5896507003645	914.2098588323751
1051203825.3980149	-1354163.1667834052	-242781.2749314041	2784703.957013453	1355.7703901916577	913.2429537118213	731.7050979470257
1051204028.0516129	-1070862.8855641233	-56483.40713175248	2913796.4908073037	1436.9913534882799	923.2652353421315	540.841323055087
1051204229.1117013	-775439.6831134154	129112.15631942084	3002856.074128496	1498.400092649732	920.8487197057304	344.04667322735503
1051204428.99511	-471476.8109876161	311917.5567545203	3051659.968248814	1539.6553869110403	906.2561506908304	143.72404376070688
1051204628.0563259	-162573.72172806787	489882.18805967714	3060229.653295472	1560.553213940674	879.8290513698224	-57.72124670198553
1051204826.6075876	147661.98172295222	661003.2672232635	3028862.20855435	1561.0437647843203	841.9954883179375	-257.89168915943407
1051205024.938642	455635.4234271156	823341.0272747861	2958147.5145346434	1541.2414183506437	793.2723569885285	-454.4154850709291
1051205223.331725	757784.6096045839	975030.9248174691	2848971.9411500324	1501.4272435438363	734.2636421655624	-644.963183750172
1051205422.0884738	1050618.8490746883	1114302.2001133356	2702500.639871425	1442.041011065195	665.6506929287232	-827.2748091100482
1051205621.4983892	1330667.8793433881	1239452.2812732342	2520195.6358147464	1363.6863129699866	588.200720336962	-999.1305787189214
1051205821.8963047	1594558.8209648572	1348882.0222763135	2303770.1868820908	1267.1094533397006	502.7452389551166	-1158.4008419947663
1051206023.6627265	1838994.7597075552	1441080.0611855597	2055170.8445899633	1153.186988590212	410.1754318234132	-1303.0330690035494
1051206227.2444636	2060747.4248737355	1514612.6631097842	1776546.0602491521	1022.9069468365524	311.43239618965674	-1431.0467750354346
1051206433.2076236	2256656.9180744356	1568108.953018597	1470169.4416608734	877.3272810830305	207.4841124729841	-1540.5299210978146
1051206641.9823685	2423355.4619053705	1600183.8343464874	1138863.1266730705	717.7739381568165	99.46784528822549	-1629.484841802222
1051206848.9142333	2554673.592867874	1609581.2033457211	794526.1640382766	550.02239858004	-8.697233289836058	-1694.6431389639065
1051207054.4608539	2649975.5355678643	1596774.6664519787	441551.9614728169	376.3036953758853	-115.71884140262623	-1735.9064513529768
1051207259.0775449	2708867.355414566	1562344.6128367356	84169.70557833047	198.7631604429495	-220.38279292176006	-1753.3296404242728
1051207463.1143537	2731157.1722311606	1506996.7977174954	-273338.7601506756	19.567426896258247	-321.4887321916276	-1747.1040655003414
1051207666.879687	2716913.031158239	1431579.4565274785	-626722.5494793988	-159.1353119950927	-417.8783556295046	-1717.5866584441844
1051207870.665881	2666476.032590969	1337084.2402637373	-971796.184554629	-335.2317544321632	-508.4453734084285	-1665.3029199369316
1051208074.7361739	2580473.2109280257	1224658.3359989126	-1304414.5501065939	-506.62946188853186	-592.1287202988135	-1590.9533196958896
1051208279.3509305	2459822.9335074513	1095598.5787191612	-1620520.0037451775	-671.2790115561507	-667.9247579131942	-1495.4109690099567
1051208484.7901944	2305721.7689111475	951337.3038725299	-1916177.3088005306	-827.1903645664714	-734.8941144807628	-1379.7084709703972
1051208691.3609928	2119631.378244877	793434.5300242694	-2187575.3906740164	-972.4321380540867	-792.1592216729443	-1245.0271663668623
1051208899.3875892	1903286.9059032234	623587.3581874567	-2431003.1275677537	-1105.116490542703	-838.8966341652823	-1092.7021100273653
1051209109.2862318	1658619.6354332245	443573.6869917145	-2642913.077768839	-1223.4320661830727	-874.3454784843581	-924.1676769515502
1051209318.6726602	1391574.6391146176	257853.3098592974	-2817705.9654541356	-1324.3396622554246	-897.5513325468736	-743.5228173839852
1051209526.297438	1107785.628308242	70170.93280091725	-2952604.6549342666	-1406.2204976341934	-908.298577554419	-554.4882150677722
1051209732.5862362	810930.2432132574	-117252.39501692865	-3046969.875288002	-1468.612556965459	-906.7684586711619	-359.40088039722576
1051209937.8908061	504710.680975687	-302227.95785469224	-3100405.790621264	-1511.161756043038	-893.2027632060266	-160.59221044248824
1051210142.5094037	192856.80961167408	-482604.56474994373	-3112796.600283944	-1533.6389444743859	-867.9141350472474	39.608814162029546
1051210346.6850666	-120854.18172573438	-656263.2605432376	-3084337.6729213153	-1535.9537018796018	-831.2966636405388	238.86137746189132
1051210550.645894	-432655.27468154166	-821154.6467924553	-3015559.1931689125	-1518.1689148233088	-783.8276163156463	434.8474317044939
1051210754.6086212	-738798.8629253653	-975305.077889692	-2907330.99814061	-1480.5040092120876	-726.0687564054231	625.2744653701465
1051210958.815842	-1035616.9331002807	-1116846.8566738274	-2760840.740777462	-1423.3281332828503	-658.6559407136092	807.9096993101418
1051211163.4975628	-1319466.5386036648	-1243990.4064463994	-2577611.2082867557	-1347.167250370022	-582.3102037663533	980.5431369712097
1051211368.9227991	-1586804.7746723164	-1355059.567809177	-2359460.9240583363	-1252.6903059448423	-497.82159141409403	1141.0309982397916
1051211575.4100989	-1834189.0719771092	-1448486.1136401142	-2108474.4604268875	-1140.6966254591903	-406.0426086117088	1287.2923501045918
1051211783.3475662	-2058273.8413998217	-1522800.5331454813	-1826964.0959760014	-1012.099030926874	-307.8796537004157	1417.3034768860698
1051211993.2517104	-2255818.6101589617	-1576618.8772575934	-1517376.336212981	-867.8800957595405	-204.26812409263775	1529.0974759064356
1051212205.5804789	-2423460.229437464	-1608569.5494255896	-1182590.3438203442	-709.2318906145524	-96.27742741980678	1620.6317024691946
1051212415.4459492	-2554912.352556479	-1617415.876850858	-834957.6332934771	-541.9464711092022	12.122325673074702	1688.4199239405516
1051212623.276942	-2649615.730331991	-1603716.109985529	-479086.73263964016	-368.2676240767065	119.61265976523	1732.2644478465213
1051212829.5141742	-2707295.5499431905	-1568149.9286029285	-119371.17042432005	-190.36195050295385	224.95077321762483	1752.1336132386175
1051213034.5145034	-2727907.560927893	-1511525.1819435244	239813.61122775025	-10.415539529496426	326.9102549032722	1748.1402666686188
1051213238.5933579	-2711676.767672344	-1434790.8848103313	594158.0018472688	169.38753652998048	424.29835794137347	1720.5680109951381
1051213442.0344002	-2659112.626118967	-1339044.5025088892	939425.5222113319	346.8682711185827	515.9602283998055	1669.8842736130514
1051213645.1100086	-2571015.341265393	-1225529.0734661312	1271486.816075424	519.8703336981492	600.7900808542155	1596.7462043487892
1051213848.10274	-2448465.459297342	-1095620.5674302496	1586354.8414465683	686.2798538091957	677.7414902552222	1501.9954152139583
1051214051.305961	-2292815.1550834617	-950823.4703344825	1880181.9385652386	844.0263432589851	745.8273988357361	1386.6552519647319
1051214255.042793	-2105667.4184922655	-792755.1291683587	2149279.6504033464	991.0962472432577	804.1255352136316	1251.9186286996232
1051214459.6821203	-1888850.0989282813	-623130.7110448589	2390119.9023936572	1125.5376939252571	851.7782384167209	1099.1328644226264
1051214665.6519119	-1644392.6900294174	-443753.4563609654	2599316.5928710634	1245.4553757829956	887.9870623211036	929.7866915608647
1051214870.5653691	-1378403.5345455857	-259145.03015861916	2771434.984156038	1347.685771087524	911.7579465444034	748.1435902867289
1051215073.3821379	-1096341.2745229504	-72886.17889563635	2904034.189666119	1430.6306291344522	922.885537427677	557.9166061353008
1051215274.5698742	-801833.9549772438	112860.27445940992	2996632.0530044707	1493.8004006132942	921.5543674417809	361.54256098484524
1051215474.5529444	-498461.35552143597	296004.19403446163	3048983.4668141124	1536.8414882380569	908.0197998793818	161.42269243278537
1051215673.6775937	-189841.64757203546	474479.3354192516	3061083.89889812	1559.5343743579815	882.6170390246313	-40.02441187526358
1051215872.2627574	120422.75560689815	646281.7217807865	3033208.600016751	1561.817151895059	845.7668249503722	-240.40345117766137
1051216070.6045547	428742.73886513745	809469.8619067592	2965921.124228859	1543.7898439716064	797.9774686018478	-437.3446736826083
1051216268.9860084	731553.382061609	962172.3259395172	2860080.447361547	1505.7182147727922	739.8449707399205	-628.5146768411008
1051216467.698181	1025344.4378327867	1102603.694881204	2716833.3606533394	1448.0305755627767	672.0469055275951	-811.6389548553842
1051216667.0412179	1306658.1510891553	1229062.3413521592	2537609.3525645942	1371.3136525736015	595.3398458052845	-984.503032931703
1051216867.3432832	1572109.0955166516	1339938.0464750568	2324101.142449148	1276.3018711373538	510.55052848618345	-1144.9667399886614
1051217068.9708962	1818382.1957961542	1433707.5262911606	2078247.1149218355	1163.8661250137716	418.5694945855066	-1290.96394134323
1051217272.3701718	2042252.6360044933	1508934.8399713503	1802173.7784245214	1034.9830949862378	320.33144817798666	-1420.513709604085
1051217478.0951096	2240556.5494140913	1564245.2427329826	1498146.314103559	890.7060970489237	216.8025925255177	-1531.6994375651875
1051217686.859627	2410144.7507875785	1598284.7234465515	1168494.7800299246	732.1228102733996	108.9629147346348	-1622.6351464525567
1051217893.9321417	2544592.4876632	1609652.974820182	825126.2316121947	565.001563597845	0.7593126461766673	-1689.8853834671968
1051218099.5870483	2643073.3470009426	1598770.9883041766	472729.27676302934	391.71478456098436	-106.41478165593561	-1733.244452410642
1051218304.2651055	2705166.6920308056	1566211.190062676	115571.33387716571	214.42711859493872	-211.33121129100513	-1752.7517430467915
1051218508.3393432	2730666.876286025	1512665.7928867612	-242095.60632020322	35.29079671448863	-312.7957982684575	-1748.587881991976
1051218712.1245952	2719615.2823653445	1438967.32772234	-596023.2024569019	-143.54719609435654	-409.64765816562016	-1721.09262425149
1051218915.8972015	2672329.774486398	1346101.007412591	-941990.12750518	-319.95531931926996	-500.7677184175249	-1670.7790158926407
1051219119.9374298	2589409.106921152	1235193.9038828015	-1275872.126084208	-491.8517891400006	-585.0974393639611	-1598.3288480008305
1051219324.4998875	2471746.6802530605	1107532.1336017922	-1593592.9985949472	-657.177969477295	-661.6252539637984	-1504.6012123798612
1051219529.8581017	2320518.418755053	964539.6549849518	-1891199.61249207	-813.9349243685286	-729.4046036504321	-1390.6176409339555
1051219736.3115954	2137169.5046086344	807770.1124864917	-2164864.9658811474	-960.183374813952	-787.5518228273986	-1257.5511245310713
1051219944.2010423	1923394.6927474225	638894.6760181219	-2410893.038167437	-1094.044546331614	-835.2438261370444	-1106.7114256988991
1051220153.9170405	1681125.758068336	459698.01405194716	-2625702.3058669404	-1213.6897312499755	-871.7105537532011	-939.5366939416593
1051220363.4715983	1415737.6226645836	274265.6052579089	-2803950.0646404307	-1316.2369781062469	-896.0154886884068	-759.7484772043387
1051220571.2352027	1133267.8275646581	86663.79602412375	-2942380.621713898	-1399.8086592955674	-907.8498599009217	-571.3542499076572
1051220777.631061	837404.3399007312	-100874.7329134851	-3040324.5779283005	-1463.9282131911045	-907.3883459241683	-376.7001445550689
1051220983.0080813	531859.4540485427	-286150.5738940425	-3097360.2154814806	-1508.229245623853	-894.8673160551788	-178.1260083564072
1051221187.6665659	220364.51940648537	-467007.48640608863	-3113349.654952446	-1532.4727080618509	-870.5942295088369	22.03673307367209
1051221391.8671805	-93327.39178416041	-641335.2290621968	-3088461.7267930717	-1536.5574456590755	-834.95438507369	221.46124992188643
1051221595.8341662	-405440.75147309207	-807073.6559601694	-3023195.682620253	-1520.5317175638545	-788.4179988698417	417.822674040239
1051221799.7908341	-712234.4894007613	-962246.3778644474	-2918387.355044033	-1484.5995350437024	-731.537473357707	608.8314436425732
1051222003.9640188	-1010013.3005786887	-1104966.1758946143	-2775203.6902617672	-1429.1193620326271	-664.9459463723055	792.2370279399562
1051222208.5837826	-1295131.6674329517	-1233437.1870740696	-2595142.168062455	-1354.6053584513566	-589.3580828555873	965.8274964773815
1051222413.9301625	-1564058.4365323102	-1345982.6120422252	-2379982.720325835	-1261.7086407543115	-505.55245705036356	1127.4658660404198
1051222620.308649	-1813330.7039091017	-1441019.585127826	-2131794.0017336486	-1151.2200879834925	-414.37912323321746	1275.0587521287862
1051222828.1110595	-2039605.7978615556	-1517073.833970587	-1852854.536979239	-1024.0361924512476	-316.7348351947937	1406.5841353035114
1051223037.8170601	-2239609.571158507	-1572746.6352177218	-1545634.1937594782	-881.1495481863803	-213.56431354602964	1520.056189750655
1051223250.10027	-2410149.1446658517	-1606692.0430978064	-1212636.3831494579	-723.5730708740994	-105.81701542415652	1613.5251379574509
1051223460.1663626	-2544813.5332729137	-1617551.1818729546	-865944.4822951091	-556.9557905613202	2.6012943569907527	1683.41389772593
1051223668.164477	-2642767.619389475	-1605809.0918622785	-510609.57643086486	-383.74679937443716	110.22543367451223	1729.3697858760888
1051223874.5322978	-2703710.9250617223	-1572134.8231926633	-151046.31181286782	-206.12052484385055	215.80526455917624	1751.346075421183
1051224079.6285274	-2727577.676808188	-1517325.913774994	208359.4980074448	-26.265679642884635	318.1103575411665	1749.4423741411865
1051224283.7753633	-2714570.7681511375	-1442318.7294772556	563298.3857511607	153.63637746692962	415.94676563692053	1723.9278467991342
1051224487.2628955	-2665173.6178383026	-1348195.8803320094	909533.8318206565	331.4094565237849	508.1579531174865	1675.2526439414535
1051224690.3586826	-2580162.116531145	-1236190.2051586697	1242917.1534257035	504.8901086134224	593.6311146848509	1604.0583882813664
1051224893.3509808	-2460589.1468329486	-1107662.2517031808	1559459.3687229427	671.966182234592	671.3172261865182	1511.1678880528507
1051225096.5214552	-2307789.8652141723	-964112.2469910403	1855284.1643853027	830.5545928172378	740.219977058005	1397.5936577411148
1051225300.1978123	-2123341.102725589	-807143.0543913929	2126700.726485599	978.6428056432801	799.4142097468708	1264.5103952227023
1051225504.7348654	-1909061.5182350094	-638469.3810645326	2370155.842896851	1114.2672161979845	848.034382734873	1113.259205850056
1051225710.5727683	-1666944.1581735597	-459871.9112301284	2582272.607111393	1235.539479627516	885.2811301525096	945.3031175360629
1051225915.7023127	-1402538.380060331	-275508.9670242277	2757848.70191431	1339.4450186577917	910.1736094902521	764.5284948902905
1051226118.6805655	-1121751.0230232503	-89310.95438765755	2893950.5422464465	1424.1093496073577	922.4086720497781	574.9629150945004
1051226319.9935952	-828197.0237097738	96565.01116572651	2990086.648091449	1489.037844705923	922.1662580117588	379.0343067834844
1051226520.0631684	-525468.1923570742	280017.3940309808	3045988.1091090143	1533.862975648179	909.6953917703852	179.15238117235805
1051226719.247773	-217169.99968615695	458983.3027495659	3061629.9259656724	1558.3542553723198	885.3235881733663	-22.27177232003985
1051226917.8628092	93085.29224782778	631448.3072390332	3037261.976186655	1562.4350573557617	849.4646563247653	-222.83512513782605
1051227116.2160218	401722.79432748543	795473.6653243306	2973419.6020115586	1546.1905277694955	802.6169901677144	-420.17540797131926
1051227314.5807323	705158.686969483	949172.6078336148	2870937.8785209875	1509.872051761958	745.371072113611	-611.9450920209088
1051227513.2482525	999879.836899487	1090753.4484060095	2730939.3330641733	1453.8943302878401	678.397466373382	-795.865683694711
1051227712.5184083	1282425.2187636257	1218508.0373318065	2554829.003430473	1378.8305017751595	602.4458431404855	-969.7182243155585
1051227912.7240843	1549413.1741397623	1330822.432417495	2344268.758193451	1285.3986821518592	518.3337200583943	-1131.362066342553
1051228114.2182325	1797509.2423534407	1426160.0454268921	2101185.2258875887	1174.4621889859307	426.9500953684614	-1278.7164642516777
1051228317.4466844	2023490.2410492278	1503081.1534636624	1827680.1543158335	1046.9848136520886	329.2226577135592	-1409.798692895796
1051228522.9420632	2224176.726987694	1560202.847648369	1526022.5455844502	904.0208534279868	226.12034259795607	-1522.680737369028
1051228731.4026707	2396423.751820518	1596173.0546895002	1198539.93299936	746.6569479690993	118.6223408454015	-1615.477684763508
1051228938.6211927	2534050.277368601	1609550.3409321879	856192.7237945867	580.1952741063018	10.390162789643579	-1684.8553987874943
1051229144.3887092	2635762.334057916	1600631.4412673016	504418.6706328894	407.36600485901954	-96.92887236592557	-1730.3473022309147
1051229349.1370041	2701112.940270801	1569979.231211202	147514.01422351733	230.34838859477617	-202.09525939100797	-1751.9769635189232
1051229553.251363	2729879.5091236657	1518274.2321068516	-210279.8702180527	51.28983151467499	-303.9153464517939	-1749.9133078348557
1051229757.0421748	2722080.8683167757	1446339.1996867557	-564698.3606693284	-127.65420042441875	-401.22084289812796	-1724.4826190175706
1051229960.8030659	2678009.319573368	1355140.547285581	-911542.227784122	-304.3632026672189	-492.8956795379518	-1676.1806309109843
1051230164.7978748	2598242.54129387	1245800.0348602948	-1246651.9289349606	-476.7374029829172	-577.8689847989689	-1605.6782972921187
1051230369.3039817	2483638.362846613	1119577.9336299635	-1565980.3599268305	-642.7333944544495	-655.1333947494056	-1513.8111274721882
1051230574.5771179	2335354.5326890238	977894.8486108831	-1865537.5090315586	-800.3336349303503	-723.7301323860105	-1401.5922641114742
1051230780.9216076	2154807.1709284117	822287.9367659807	-2141495.837718836	-947.5992464432417	-782.7724718655718	-1270.1774235379407
1051230988.6512692	1943692.2130068091	654436.390413603	-2390120.731320981	-1082.6315201787145	-831.426786474526	-1120.8807687413962
1051231198.1820571	1703891.033119727	476090.6598791187	-2607859.2769858423	-1203.618298610309	-868.9263031443788	-955.1080938019863
1051231407.9123905	1440219.4575840146	290969.2381364483	-2789619.9911550265	-1307.8315857913587	-894.3519403844228	-776.2109586795198
1051231615.8159044	1159129.6991729375	103471.61476290716	-2931640.716360723	-1393.12038168024	-907.2951219718686	-588.4922363964057
1051231822.313572	864321.1300919199	-84157.76804153145	-3033224.4752684226	-1458.9947968222789	-907.9247670042888	-394.30776801283804
1051232027.7726575	559484.9611989666	-269727.896523095	-3093930.4260773943	-1505.0811232138335	-896.4708180968106	-195.9855750197719
1051232232.4956732	248352.20675592657	-451076.6502794452	-3113588.803767749	-1531.1256581790728	-873.2327210783536	4.141069740151552
1051232436.7293123	-65299.36081654239	-626074.091651027	-3092339.04613885	-1537.0125620068325	-838.5907088621082	203.72791696134433
1051232640.7100614	-377709.60896659247	-792663.4539107771	-3030651.996382525	-1522.777993710889	-793.0064541243576	400.4586920157479
1051232844.6625171	-685135.8339343467	-948861.5032587459	-2929332.4370665443	-1488.611613242805	-737.0245749251532	592.0416911468993
1051233048.8088979	-983871.8393442718	-1092769.6106717738	-2789520.041302874	-1434.8588276153098	-671.2722020015658	776.2187878939241
1051233253.385249	-1270276.2439677948	-1222587.733619873	-2612677.9373453674	-1362.0178740019214	-596.4545452108491	950.7799730259554
1051233458.6540494	-1540789.923747483	-1336620.7625733453	-2400573.7489485703	-1270.7330430382515	-513.3495815910724	1113.570936027282
1051233664.9253076	-1791954.436799902	-1433282.5632804886	-2155245.587074041	-1161.7808298341008	-422.79864033302493	1262.500993071503
1051233872.5759299	-2020410.5314071507	-1511087.8474561647	-1878963.8282357117	-1036.0531729893073	-325.69769482821204	1395.5385713141093
1051234082.0941813	-2222897.7085932232	-1568638.0774176077	-1574158.3978248218	-894.5236223150214	-222.97900027546842	1510.7062180771945
1051234294.1230694	-2396205.5779036693	-1604580.0292355884	-1243346.9813297011	-738.211254313554	-115.59723099184478	1606.0452256232925
1051234504.3874365	-2534153.7600467876	-1617507.9925289566	-897675.6272915144	-572.3062472250646	-7.176211251423418	1678.0836112630905
1051234712.5544327	-2635439.2705406058	-1607781.1283011364	-542936.9735207751	-399.60218581496093	100.57202080740902	1726.205005786979
1051234919.0429358	-2699728.885833481	-1576058.9645122718	-183593.82760170364	-222.29450775417928	206.38185469293225	1750.3444097272115
1051235124.2403969	-2726941.5139030567	-1523123.3340085999	176004.55409506208	-42.551227145379805	309.03249485970457	1750.589973437376
1051235328.4599116	-2717250.9053769424	-1449899.2419268463	531520.9998962372	137.43543430354612	407.32044146303593	1727.193257669923
1051235531.9982032	-2671113.7624965627	-1357454.0540226153	878718.9562822855	315.4921886067348	500.0874449919136	1680.5867121665349
1051235735.1237026	-2589277.8594048587	-1247006.575801328	1213439.149397757	489.4531527661281	586.2158056406872	1611.3935513351598
1051235938.1139456	-2472775.7259006375	-1119911.218806665	1531663.80673677	657.1939356324807	664.6470808346623	1520.4238128129555
1051236141.2559712	-2322915.753538458	-977653.3116636534	1829514.6193943887	816.6329470864254	734.3822989989422	1408.671555246847
1051236344.8765833	-2141250.4177249107	-821824.0885479104	2103288.831162731	965.7537583384669	794.4909172963911	1277.2948677133961
1051236549.3228617	-1929580.9661452738	-654131.9869937157	2349413.9589615315	1102.5845081316395	844.1004187128156	1127.622974339896
1051236755.0192796	-1689895.3935616475	-476358.88268114027	2564491.6939083557	1225.226546006395	882.4048284281457	961.1150893775443
1051236960.370902	-1427147.2787742012	-292269.0605223541	2743603.0373227177	1330.842211539392	908.4474521183404	781.2540060964012
1051237163.5252984	-1147686.40418068	-106144.60935693678	2883295.3278868003	1417.2676740597876	921.8194326367975	592.3795883163707
1051237364.9668442	-855143.0759785047	79844.12905159054	2983053.699927174	1483.9944942727966	922.6947870842307	396.9300639005848
1051237565.1302451	-553099.5762295802	263598.10132018017	3042593.7141498695	1530.6465810266	911.3165069008594	197.30913071696332
1051237764.3864415	-245148.13647462756	443057.44410880306	3061866.583702848	1556.9807814621915	888.0034084604185	-4.079833690160202
1051237963.0475396	65089.29581549021	616196.6141629606	3041092.857200527	1562.9037014571647	853.1612160943555	-204.82599232006902
1051238161.4122831	374019.3019292434	781061.8709690915	2980784.658117614	1548.4863892013195	807.2828552822563	-402.5535302182296
1051238359.7707742	678079.9571180302	935772.9399842807	2881745.530306333	1513.9640855584362	750.9473059940468	-594.9269282445355
1051238558.4041713	973738.2836987077	1078522.45200163	2745075.1291666324	1459.737657917363	684.8200824930799	-779.6527418561374
1051238757.6121743	1257529.515957261	1207595.316233954	2572153.251924593	1386.3661981201756	609.6437589576856	-954.5071686243012
1051238957.7096497	1526045.6088069868	1321361.4149275385	2364635.9211631003	1294.5626587431514	526.2364607639809	-1117.330889514881
1051239159.0650066	1775973.511448258	1418288.9349876742	2124410.657444179	1185.170925262894	435.47412056442664	-1266.053521390633
1051239362.1150004	2004080.2284785702	1496929.4696921743	1853563.0210897897	1059.1456378205633	338.2808741837536	-1398.6835629330694
1051239567.3743973	2207174.3706335314	1555892.9272155107	1554360.1039246558	917.5393177062147	235.62643507273233	-1513.283589098161
1051239775.5333275	2382119.8471276117	1593829.2945059862	1229113.7045690655	761.4310810694537	128.4850788680685	-1607.9719458160093
1051239982.9074311	2522989.0140184206	1609262.2722195545	887841.4423160875	595.6593008357805	20.23303840169353	-1679.5222754638653
1051240188.7851744	2627993.835712762	1602353.5805940726	536753.1890375825	423.3222579482938	-87.21952366862995	-1727.1911482242476
1051240393.6111922	2696671.1534480173	1573655.348917447	180137.24588715093	246.595742955027	-192.63290436341134	-1750.990727420468
1051240597.7669181	2728774.41395601	1523837.75463798	-177747.48632004118	67.63623732954174	-294.8054812387802	-1751.0752846781775
1051240801.5803696	2724299.648021234	1453706.411965738	-532658.0667899624	-111.41142384458658	-392.57201692490577	-1727.7552681638756
1051241005.3406014	2683511.137871771	1364214.9651862432	-880378.3261382286	-288.41817525116784	-484.8083836399323	-1681.5097535947752
1051241209.3120338	2606959.581943779	1256471.302960614	-1216740.687148605	-461.28021924367073	-570.4383277457199	-1612.9934966230549
1051241413.7607335	2495483.2663469072	1131729.5586614863	-1537671.6906148589	-627.9406987721063	-648.44488361448	-1523.03190244993
1051241618.9536057	2350209.225452217	991390.921686874	-1839191.2138050545	-786.3875538989565	-717.8687624542077	-1412.618990186127
1051241825.1880345	2172532.3616414056	836983.8579744346	-2117453.752283555	-934.6731405718766	-777.8160948473469	-1282.899239204246
1051242032.7885079	1964110.960229705	670165.0497028846	-2368730.0384015995	-1070.902726770327	-827.4511564473811	-1135.163873424409
1051242242.1393673	1726832.5194459513	492696.4221691828	-2589425.253229788	-1193.2425507482358	-865.996340127471	-970.8265564494285
1051242452.061531	1464922.0200298962	307901.2324353518	-2774752.3167337263	-1299.146732362449	-892.5616302096632	-792.8455175577108
1051242660.1091683	1185264.7603466162	120528.85266980663	-2920409.897009166	-1386.1735861346733	-906.6313740252388	-605.8327444236762
1051242866.7222936	891543.6729261503	-67183.11524181782	-3025687.655567649	-1453.8284246587198	-908.3700645473081	-412.1352165941116
1051243072.2603794	587467.0493368425	-253028.074829447	-3090114.1189739024	-1501.7225220354883	-898.0015955530195	-214.09421101117323
1051243277.0283016	276767.30758592964	-434838.78804807796	-3113496.8530580453	-1529.5920163772535	-875.8200880819144	-14.045492310796542
1051243481.2906601	-36802.099455393116	-610494.1256109568	-3095948.646756802	-1537.3103253363117	-842.1969670293186	185.68074302512073
1051243685.2803735	-349473.0040056224	-777926.6709127851	-3037908.5002909703	-1524.8985982413244	-797.5865960967792	382.7616077001499
1051243889.2234603	-657501.6894145675	-935146.5966098362	-2940149.6039451235	-1492.5319338192173	-742.5256235625936	574.903600294566
1051244093.3431959	-957179.5953642676	-1080247.7647158545	-2803779.281267409	-1440.5406393247385	-677.6330193811666	759.8461852888883
1051244297.8706008	-1244853.6377988996	-1211418.2198711315	-2630233.1800378365	-1369.4096432436802	-603.6078966724405	935.3714737661057
1051244503.0680382	-1516960.2621175272	-1326954.641164521	-2421249.081049719	-1279.7689601969732	-521.2206771537714	1099.3220358795818
1051244709.2386454	-1770028.5682720407	-1425259.552629705	-2178842.878755279	-1172.3839741037536	-431.3078137894865	1249.5994861521947
1051244916.7509319	-2000688.6176801997	-1504838.1704497917	-1905267.1188550866	-1048.137570234195	-334.76129735416924	1384.1660263630058
1051245126.0695183	-2205661.093415395	-1564282.41573086	-1602958.0329972769	-908.005651271856	-232.51666762665172	1501.034007307879
1051245337.8332621	-2381748.2500019195	-1602242.3711194822	-1274412.7630085528	-752.9977181810827	-125.52147067272212	1598.2534509906616
1051245548.3096887	-2523029.2169397105	-1617275.1550663202	-929804.1298212302	-587.828794867907	-17.10507304853655	1672.4743388197664
1051245756.6422212	-2627689.160788624	-1609599.9108176485	-575723.9276357513	-415.6633779393172	90.75372148651617	1722.7912561155326
1051245963.2737601	-2695379.695893091	-1579862.8240201785	-216610.34689610545	-238.68227170536312	196.79567197913858	1749.1287850935873
1051246168.5832413	-2725988.4829719355	-1528833.2948753822	143158.97238449787	-59.06455009725538	299.7901350945152	1751.5565134024284
1051246372.8855392	-2719663.94859154	-1457423.706504434	499237.22718637413	120.99560486964666	398.52944691660696	1730.310009319814
1051246440.0	-2709561.7065085955	-1429620.1095657619	614973.6783098001	180.02226783058657	429.91741349659475	1718.1960813450235
