1051160040.0	-680115.5851790947	187293.02177610213	3022637.345486988	1513.6310065311943	917.5378347659666	280.9958482782914
1051160050.0	-664968.1138380776	196465.2529461921	3025397.313691746	1515.854922950137	916.903341570425	270.9962294779459
1051160090.0	-604163.3543975174	233086.17988323685	3035435.874203686	1524.2491268183835	914.0622255603298	230.9090441009733
1051160250.0	-358071.61479890894	378143.76651707705	3059487.8545480645	1549.7277978389402	897.8773704598266	69.5220928998194
1051160667.2013694	292549.5040134076	738321.5420766014	3000561.0711564054	1554.2732958166694	820.4736187354787	-350.6255043580298
1051161154.9361011	1029308.2735737006	1104442.580250278	2714607.515025224	1447.1024413553637	671.0499332402504	-814.0924539531057
1051161634.6411483	1675973.3084637471	1380684.8624917585	2226716.511152505	1232.0839898874606	473.51315474182417	-1206.9198746562454
1051162103.9789238	2187099.082587326	1550661.453609872	1587070.3575750764	933.122441879777	246.64300812922323	-1502.1433258057743
1051162441.6713611	2459667.584071145	1604657.2813611345	1053493.772045836	676.3545766912939	72.28334110171285	-1648.0812078745791
1051162858.7820344	2669935.9097257066	1589380.2794244264	342875.9004274418	327.4449563991943	-144.9809141392988	-1743.1108572185963
1051163305.7128733	2729048.874437934	1474282.0250019354	-438834.25839852326	-63.92368952011799	-367.0750864214345	-1736.2149117692843
1051163695.274805	2638137.6250851834	1296672.6814597049	-1099076.9737054822	-400.6149977369462	-540.9084100539282	-1639.7781885371292
1051164194.6390816	2336424.406430628	978862.6449118549	-1863662.175357808	-799.3403698614707	-723.3141070226714	-1402.385128156173
1051164686.835386	1858775.7650720766	590005.1089062113	-2473930.94893688	-1128.8303836634525	-846.5464351312828	-1061.7842486216523
1051165170.2262161	1251612.3011043055	164163.17026448942	-2890154.6425105417	-1367.6698303955804	-904.4696333735525	-649.9536152264977
1051165618.9757096	604850.7426247346	-242620.19300398417	-3087568.7698540245	-1499.5494295149665	-898.9049584889191	-225.35354883924154
1051166049.9306837	-52697.977903990686	-619192.5570383763	-3093976.5224170364	-1537.1647467033572	-840.1966885727567	195.74965003352762
1051166436.0833943	-640414.334340933	-926633.2035030486	-2946665.5831628265	-1494.870231209592	-745.8797563341436	564.2980908633514
1051166934.8478415	-1351344.0284117276	-1257709.3587553995	-2554093.750603369	-1337.1478653218373	-572.9252247152452	999.7944349027433
1051167420.3813776	-1942447.837660619	-1485826.0582348716	-1980022.2716715594	-1082.3576710825037	-360.7154414497577	1350.4480781389125
1051167889.591566	-2376806.4851124086	-1601410.3560870844	-1284858.4648352277	-757.9647998866025	-128.86550903724088	1595.582045518491
1051168320.2817677	-2629896.7740525817	-1609107.8910701817	-566521.4482901434	-411.15740026373714	93.51229582404575	1723.7702257382216
1051168651.1047055	-2718988.4588612015	-1550127.3178969806	10337.891430146039	-125.64476614960279	262.14120757207735	1753.4337551400804
1051168966.8427496	-2714789.86410047	-1442913.946136081	560829.1900103972	152.37684879195302	415.2774391215575	1724.1886448733774
1051169442.4573469	-2544119.6097735306	-1195150.928190613	1350397.8135456443	561.3454466587526	620.4176987365635	1575.4870803400731
1051169934.96743	-2171140.928428236	-846565.0407157044	2062962.3993279003	943.6076275238031	785.9229720310472	1298.6905388347325
1051170417.4013848	-1639219.5486795718	-440067.1768471775	2603167.663565369	1247.700160004309	888.5912746156474	926.2301235914972
1051170741.5865672	-1208745.967941978	-146057.56159277048	2856731.136015806	1400.404898522081	920.014672535332	633.4556466740793
1051171191.1896434	-545964.8832917969	267843.819467231	3043502.19880683	1531.493520750658	910.9069869921648	192.61923175708927
1051171606.3484938	99313.1540334681	634832.7380519803	3036365.7050803257	1562.308234288386	848.6299127707101	-226.83893669752072
1051172016.6152651	731598.0463401988	962194.2651701932	2860061.767589329	1505.711053006466	739.835545231376	-628.5427081314875
1051172501.273885	1423795.5310459754	1279098.3036038345	2449217.8805218074	1332.3523051126028	559.5503396244272	-1055.661511385024
1051172975.3945357	1995458.4311709264	1494166.4867100273	1864900.1143041104	1064.4664268172437	342.26007944046523	-1393.736709773335
1051173435.1348032	2410639.1752009382	1598358.204543101	1167398.4155342784	731.5921683983189	108.61104708967498	-1622.8922727925963
1051173854.8403826	2646046.3214891097	1597941.3265545378	459458.9693667535	385.1567532763961	-110.37841779830168	-1734.4002882130019
1051174161.2026501	2723376.900388383	1540097.4442351817	-76170.76749170067	118.59063025963343	-266.17071363227075	-1753.4482157473267
1051174570.5868002	2698347.9226612966	1390744.5316013386	-785527.1595771348	-239.97162763591973	-460.0087031021538	-1696.5058351105042
1051175066.4605856	2475439.844168274	1111257.3035100463	-1585100.7091224273	-652.7338942744597	-659.6321095296555	-1507.4566546502463
1051175561.3723372	2060783.7001895283	746016.5560240321	-2260186.7678267076	-1011.73021036095	-806.6308879454513	-1203.2160331553578
1051176048.6183116	1497052.5074635923	330044.0852216643	-2754786.4031228865	-1287.5373576664826	-890.0612244512636	-814.5184011855806
1051176523.809768	839484.0113695404	-99585.47986743636	-3039788.3422987154	-1463.5532155442663	-907.4331834711286	-378.0598708537287
1051176971.1276332	165366.76843152192	-498131.78208133415	-3111929.6099193636	-1534.6486120786435	-865.1499414009736	57.153186609270875
1051177351.9778568	-418427.770025693	-813800.7451265276	-3019590.9327661637	-1519.4237974953703	-786.2382570167323	425.9490156644961
1051177852.9161621	-1153144.1410003784	-1170534.0208841593	-2690456.4754897393	-1394.5262130363963	-628.5563547934128	879.6429694739495
1051178341.9801522	-1783289.7622953875	-1430122.4113034904	-2164625.316509206	-1165.9983490302657	-426.1764349018274	1257.4051153914706
1051178817.0430137	-2267118.9820558005	-1579250.0099879797	-1497316.4129889312	-858.4482218570274	-197.68705109151222	1535.3841718837318
1051179264.376502	-2575031.733526239	-1616573.7690876126	-770217.0770826482	-510.5278650003294	31.929059629617836	1698.2508895832514
1051179646.8106245	-2708532.309182395	-1566654.89932541	-107811.55862163653	-184.60652617119453	228.28214966775604	1752.37506985047
1051180055.6844597	-2710576.0790806217	-1432069.3853691062	605151.3041898279	175.00301207609365	427.2673847594777	1719.325993564193
1051180518.4827092	-2536794.6304230834	-1187099.175722807	1370724.9009268242	572.0532301068977	625.4381790283783	1569.752456492442
1051181010.8691554	-2159002.636089594	-836481.0211248063	2079532.5406868563	952.6992546603656	789.4567207661951	1289.9929159222252
1051181493.021603	-1623555.5602896798	-428930.3394040732	2614697.1180231636	1254.4303237589436	890.3837696438715	915.4671941166108
1051181687.3011854	-1370260.0055593436	-253639.70527947924	2775934.36551607	1350.4231094458578	912.2686277632257	742.6191262507199
1051182167.0589216	-678814.9603611886	188081.35041586176	3022878.333830017	1513.8240708849103	917.4845221784483	280.1370470874451
1051182491.2678252	-179093.6070819621	480557.59410702257	3060783.9779390856	1559.9548897973557	881.5285419567251	-47.00184225067916
1051182872.8425033	415675.1094427774	802708.2965741551	2969586.478355216	1544.9708577000733	800.2322555895379	-429.04333378579673
1051183360.5547429	1143125.1764485387	1156569.4075332016	2647151.9318725425	1418.643452374171	641.4304729751772	-884.3322378985955
1051183838.7946445	1770314.142803584	1416206.6031998217	2130441.139334277	1187.9481010875795	437.6938713925261	-1262.7214793652722
1051184305.8505327	2255641.7946746014	1567868.6310954485	1471950.621637439	878.1795514104083	208.07642340852712	-1539.9742412299108
1051184749.4521875	2569083.166350509	1609161.7266272015	749123.2309368422	527.7725196623442	-22.67460842688945	-1701.3464565975407
1051185112.9687905	2704736.9826443163	1566631.8714362837	119068.99673934035	216.17108316067066	-210.32129514611802	-1752.676120868502
1051185523.2106056	2719559.629945326	1438808.8185861472	-596688.837824716	-143.88506983865864	-409.82642511772474	-1721.0185537307273
1051185970.7945901	2568992.1812922135	1211381.507861658	-1339723.6165688594	-524.9298500767932	-600.7860273211271	-1581.5564981772968
1051186468.2268503	2210688.1528812535	869001.125358047	-2063691.8070208167	-905.8399899828562	-766.5939954492574	-1310.4031084877251
1051186958.1656811	1688943.605816134	465317.97628810577	-2619624.463949167	-1210.2559613989715	-870.7680602609303	-944.8812037403311
1051187338.4806411	1193751.5613706282	126083.5652700753	-2916680.2627773806	-1383.876680733643	-906.39328445205	-611.4684277592773
1051187786.1005335	543327.2044710768	-279340.9959561787	-3095976.9768970157	-1506.9425943302401	-895.5440541278529	-185.5375764425326
1051188209.1496652	-103442.43356717547	-646827.6243325545	-3086982.612213045	-1536.3536834712663	-833.6202832104489	227.85700030485356
1051188633.9627995	-747019.436337051	-979333.6103719416	-2903843.3688458665	-1479.2038135538269	-724.3582864788649	630.3597751651091
1051189130.7310919	-1443461.099282686	-1296657.9447573903	-2482482.817204939	-1306.3713854887837	-544.7964924388232	1055.2571665486278
1051189614.4397094	-2014457.9371695255	-1509211.9592376002	-1886957.629870351	-1039.7281182456475	-328.44856504494754	1392.1086302261035
1051190080.3384918	-2424139.8788389247	-1608661.575270389	-1181036.071269352	-708.489527666948	-95.78473186174027	1620.9937099515528
1051190499.0233018	-2650331.1394708497	-1603482.1514727934	-475713.20074269903	-366.61000227105467	120.61575675605067	1732.5631115817844
1051190848.2681534	-2725693.8479991704	-1530270.6845146015	134726.56691752118	-63.30087658006359	297.41301139395824	1751.7724877533117
1051191238.1659045	-2683439.2200756324	-1377792.9695005512	808851.792087593	279.47320055041666	481.688011544598	1691.9387440354212
1051191736.5303648	-2438340.5551218246	-1085667.9107982132	1608271.20443498	697.9583304578447	682.9543353220203	1494.360944735351
1051192225.6012518	-2006582.9180257448	-713770.0321025191	2267049.913695942	1056.4456166982534	828.066210001456	1181.7364797801706
1051192704.3200691	-1432001.1765858459	-295583.90717947297	2740745.620050961	1329.1211895928686	908.093614358036	784.5552892481453
1051193168.2519668	-772080.6740805634	131175.9262143472	3003624.5784759643	1498.9734681690347	920.7523001134037	341.8213045333861
1051193604.5404396	-100762.18190013334	524580.3678738804	3057151.7276455965	1562.27746460597	873.1867517216164	-97.77553472294699
1051194001.3236005	516370.2631674639	854449.3238650569	2939443.6656619515	1534.8981324520887	782.323094415663	-492.9032491002276
1051194488.0326046	1233653.325247854	1197064.092847226	2588424.6105385264	1393.4182766754182	616.4508949384649	-939.8985820301683
1051194965.0491884	1844163.6226387557	1442915.9385146163	2049316.5324498715	1150.4748015537823	408.0517206733369	-1306.0555521952956
1051195430.0518867	2307914.322106775	1579624.185552571	1376977.236513567	832.6502834636806	176.67477238004756	-1568.397339158379
1051195867.9185448	2597021.05918874	1607105.8026340636	654567.9005837901	481.3430146162841	-51.580304230622446	-1713.962027749209
1051196275.4786351	2721900.41227701	1543235.6743477082	-55262.44960009192	129.0631205601732	-260.24077625937855	-1753.7010132483888
1051196652.2271824	2708180.314658626	1410796.8910467224	-709690.7674764802	-201.32631731682457	-439.9835654005587	-1707.1934659772974
1051197138.8570932	2509411.438501773	1146229.2246455902	-1503276.8747358657	-609.98905233953	-640.2742657312624	-1533.9392614047304
1051197634.5901014	2113461.9858840755	788414.808652134	-2195442.8659649477	-976.6800632878552	-793.7466222418185	-1240.6288369556223
1051198122.7922826	1563387.890394257	376202.094385704	-2711240.4115061113	-1262.408837164484	-884.2624047392712	-859.3985626463384
1051198599.6633097	912822.6687626773	-53866.594407438635	-3019544.403026146	-1449.6649319728517	-908.6494038521241	-426.0844315992258
1051199008.6636797	301172.85582836164	-420840.7507913138	-3113147.710274895	-1528.1408969374115	-877.968645337624	-29.680048101312206
1051199358.674052	-236048.19139023384	-718085.0501774696	-3063670.9310284574	-1531.7366174744284	-815.0576290541701	311.5050770404397
1051199859.698519	-984146.0882980495	-1092897.878541622	-2789371.499366641	-1434.7995411617414	-671.2063344427829	776.3869800181388
1051200351.4340224	-1643414.6341352684	-1377317.9242600596	-2306644.361390006	-1229.3741704592983	-478.0989401331812	1174.7115526697726
1051200830.5408571	-2165852.5097071556	-1553792.609894805	-1667212.1879945246	-938.006529388947	-253.9154099493198	1478.5915572145811
1051201187.7297944	-2454757.324949671	-1612399.5299770802	-1108876.576218354	-673.9664047310473	-72.99248154364187	1637.1971081860852
1051201606.5942632	-2665791.0818907274	-1597609.293213723	-398520.4072095932	-328.6237837260429	143.48906675554616	1738.8098789295886
1051202055.9336629	-2725638.4806655673	-1482160.229648145	387234.0132083369	64.10967947672319	367.82027753111737	1739.571016680392
1051202445.12996	-2634262.605315825	-1303943.8593653347	1049271.8516912558	403.83499829761234	544.4037539827227	1648.4819872621174
1051202941.3058966	-2331568.2122149686	-985454.9808449904	1814480.7351918656	808.5212200143624	730.9610497656043	1415.0222813936093
1051203427.5593594	-1853685.7758679227	-596646.5434473536	2423790.7288270323	1144.606473631715	857.9931944338407	1074.6053152288334
1051203902.8230882	-1247885.4425844105	-171855.03010177833	2838584.3094009184	1389.0242574635693	918.5419192608047	659.8399612189744
1051204344.3228699	-601229.8826067538	234844.93192516285	3035878.201294437	1524.6327019505406	913.9133573889198	228.97723946031786
1051204767.1407261	54766.04403753337	610557.1183916345	3042423.6211539214	1563.0346576650948	854.5012482626571	-198.18082416186002
1051205144.2798814	638355.4853814563	916001.1069717366	2896998.826520543	1519.6593559462965	758.9585738356386	-569.9266005454533
1051205630.3746175	1342757.3076401232	1244658.1602955386	2511292.5480611594	1359.7771370257042	584.5683521712374	-1006.4878750792495
1051206105.7718902	1931615.4237434522	1473153.8636290617	1945944.1586664051	1102.394259109912	370.9185951177963	-1356.9313216180753
1051206567.9433713	2368065.1325120423	1591392.64154721	1258452.5372229328	775.5933393107106	137.9815301572879	-1600.5555251810026
1051206996.7714015	2626842.6557298265	1602588.1047757296	541436.1316788967	425.6320393031874	-85.81078835769992	-1726.717267227615
1051207439.8995614	2730465.832140125	1514328.4148651042	-232760.87817592412	39.9861984352996	-310.1932409276816	-1748.9961977790422
1051207799.5834923	2688140.4091507634	1372133.0948084518	-852671.2925770909	-274.25345673365945	-477.5928080813713	-1686.079741543563
1051208300.1911999	2445661.999215751	1081601.9999855745	-1651574.8130264878	-687.5607219161021	-675.1510773871013	-1484.5506713464254
1051208794.4353065	2015884.9241298425	710491.8984586853	-2312153.880213181	-1039.991905896875	-816.7282195949628	-1171.5181669105227
1051209280.8537531	1441339.2967818794	291735.15191101097	-2788954.7296103328	-1307.442350075373	-894.2732474995006	-776.9645957047063
1051209753.3269968	780412.7516542234	-136052.99015055253	-3054218.1948327096	-1473.8078626068432	-905.9415196587452	-339.4823295180898
1051210198.4310801	107009.06616846278	-530896.2536627214	-3109050.552247145	-1536.276958952444	-858.9982310937971	94.34340733001304
1051210607.0516012	-518060.9583692724	-864950.0233263894	-2989524.05621887	-1509.726421225633	-768.8547385404282	488.1735800024046
1051211106.5709796	-1242117.7973023322	-1210211.8583427516	-2632099.479133168	-1370.1938110267333	-604.3714370823715	933.7123349522775
1051211594.1358556	-1855449.5676060866	-1456009.7165373785	-2084249.0932154844	-1129.7416785169432	-397.4188219231867	1299.741095836293
1051212066.7481004	-2317647.008382211	-1590271.1714405017	-1403716.0464654758	-814.3094749044128	-167.17325876248478	1563.3130636301087
1051212507.6684475	-2601389.5804995415	-1614094.7189371448	-678176.4851335445	-465.7231988950818	59.89219173221418	1710.787431530276
1051212926.3675965	-2721631.858932792	-1544002.8687727635	50428.06483813569	-105.5815932573004	273.55132322867877	1753.209707645746
1051213302.0725443	-2699155.057621953	-1406924.5080090205	702970.6105074787	225.07094532158806	453.54271320447464	1707.2190229180262
1051213799.69376	-2480744.5447772653	-1128004.1531783699	1513050.6635460216	647.3133056063566	660.1632478800988	1526.497074819868
1051214290.0080454	-2070590.582455455	-764479.3744212041	2192622.078935136	1015.0675875796765	813.0639281823343	1226.9965548395767
1051214770.1640912	-1511343.3376802823	-350202.878371735	2691757.4135628524	1299.8254508843513	901.6659935673364	838.6263319496683
1051215237.0381048	-857703.9429611953	78251.53470058879	2982366.9555356824	1483.505930437216	922.7399131269018	398.6317765079567
1051215658.686913	-213208.61769669008	461233.1631037397	3061569.854479042	1558.5352438693285	884.9367308634515	-24.84612848368016
1051215996.5698973	314099.0706369958	749678.5710871198	2995602.0109172245	1552.8821381710095	817.0612680875028	-364.3762933903404
1051216485.5795493	1051186.5553302234	1114564.2007161072	2702174.670577947	1441.9045436108202	665.5059509419326	-827.6258569059966
1051216964.9767883	1694194.0994007606	1387660.763592668	2208727.6714592753	1223.867295227856	466.76372502004693	-1217.7338750625113
1051217433.9006556	2200483.9567389144	1554166.20569002	1565349.3022043079	922.7772016644494	239.32229280355992	-1509.5763123157049
1051217746.6117859	2452482.5243376456	1603864.9718278535	1070873.3971890344	684.7963188680233	77.79731369491785	-1644.4304515877054
1051218169.8600489	2668480.1774520273	1590015.887825318	350578.3621100591	331.2632832733218	-142.7068471516332	-1742.6149179386534
1051218616.6558745	2729330.7299204203	1475948.8214015027	-430925.3382838138	-59.925852343735954	-364.91428331012946	-1736.8519995083648
1051219002.7709991	2641315.8218176425	1300987.2107306293	-1085945.5312817043	-393.8581857557155	-537.5838537786553	-1642.5747087326095
1051219502.2254009	2342724.577345445	984574.9670095278	-1852549.2732886036	-793.4563482901301	-720.8451005707982	-1407.0583250860268
1051219994.5365125	1867558.278961863	596599.1810578417	-2465629.202475768	-1124.235780107343	-845.0833576523489	-1067.8748567270954
1051220478.102691	1262023.4063651736	171054.37646857413	-2885174.877296021	-1364.6507819693832	-904.0670385453052	-656.8903090513455
1051220928.6239251	613618.2493784367	-237361.2135122651	-3086233.864550335	-1498.428177154279	-899.3466945447874	-231.0350338024638
1051221360.4212583	-45001.85870131236	-614983.5795251876	-3094944.152044454	-1537.2417450289147	-841.1687293488847	190.87538663820257
1051221738.4659064	-620792.5115415512	-916826.2250393124	-2953986.0517168166	-1497.4750015786778	-749.687004161526	552.1117316324916
1051222237.5952044	-1334261.165505672	-1250372.4256100217	-2566774.964703754	-1342.5564461673098	-577.9762657065778	989.4815597222819
1051222723.4503655	-1928948.653885679	-1481306.6050421076	-1996756.8731055912	-1089.9921375407566	-366.56666703058687	1342.6058773366617
1051223193.2269356	-2367762.3717892016	-1599845.7631142845	-1303755.5381743966	-766.9445036086345	-134.92428330844177	1590.6828284164862
1051223625.7455715	-2625728.9514533076	-1610020.0071936792	-583806.9530791137	-419.61996635299846	88.32889322476541	1721.9180347400159
1051223977.0667137	-2720255.1467440375	-1547356.5198072998	28687.496188781173	-116.46524027405279	267.36867878302473	1753.367948423353
1051224334.1277696	-2705719.943198656	-1420783.5687098508	649865.103561098	197.86674330430057	439.31009712994666	1714.0282421120182
1051224823.2326907	-2505716.3885453357	-1153829.8456818208	1452281.0847352187	615.1166801742511	645.42989163343	1545.6437071414346
1051225314.398911	-2109369.389386472	-795760.8930069875	2144592.0449609305	988.509029313921	803.150509798622	1254.5543221377168
1051225795.4275391	-1560162.314458146	-384232.5037560011	2659394.878960383	1280.6684185900883	897.0853174300706	872.0016093560107
1051226263.5915865	-911725.9843772185	44514.82357725539	2967141.564924287	1472.8188631523803	923.4814126381009	434.5658913170912
1051226653.082611	-320090.6771421795	400090.95282562805	3060886.503788081	1552.474361089273	894.7256070189153	44.73501668153086
1051227014.4316118	243752.7216089	712467.557151621	3011070.007583511	1557.0547127475534	827.9977121009285	-319.4480646984165
1051227498.7381047	978754.7736769967	1080874.625969851	2742389.192031477	1458.630125348994	683.5951535699382	-782.7656207166933
1051227979.1470603	1633653.3702249643	1364279.779977211	2267432.996004449	1250.6277381076488	488.8931023825912	-1181.739353707712
1051228449.4049724	2155755.3455816675	1542201.6462296199	1636608.3628431123	956.6775931892895	263.4183371464344	-1484.658513074664
1051228900.8992832	2511582.122431999	1608786.1833323024	919538.88189479	611.1324043684112	30.12328251832416	-1673.9675876175465
1051229268.8538138	2679813.636032201	1584562.272601795	287958.5977804583	300.19919614227877	-161.14551555829118	-1746.323726275337
1051229716.9654828	2726493.335615144	1462042.4753164467	-495454.1947980718	-92.56767002162425	-382.49209050170884	-1731.3095803779904
1051230127.5639726	2615414.41477881	1267036.3400783278	-1186601.2662217934	-445.71996311765133	-562.9194565200188	-1620.154410772536
1051230626.29862	2292969.44681029	940048.8179328458	-1937232.3808741288	-838.3775010291462	-739.4952649531022	-1370.3344510772715
1051231117.7086365	1798968.8606243532	545501.4398555142	-2528360.800037976	-1159.067020245144	-855.9331023227377	-1020.4331438714978
1051231599.8814539	1181275.4464400033	117920.53759142787	-2922148.6700128145	-1387.246326340545	-906.7394949449179	-603.184517079941
1051232034.0822414	549978.2910590658	-275386.5166369941	-3095148.2117848913	-1506.1832862633353	-895.9293637161778	-189.83760465883896
1051232459.4462252	-100216.21045824092	-645076.6446945868	-3087458.7730642916	-1536.4210051120247	-834.0470824259875	225.81730463247587
1051232882.0057133	-740577.4829081439	-976177.154778765	-2906578.7993498156	-1480.224068187114	-725.6994210076293	626.3749318892193
1051233378.8990774	-1437933.125478826	-1294350.6115904348	-2486937.6829478242	-1308.2970452845518	-546.5280675554571	1051.936153361616
1051233862.7216324	-2010174.5673924743	-1507856.4563053977	-1892680.1354432888	-1042.3576849097426	-330.4198091612286	1389.6391997634275
1051234328.8325559	-2421369.1796956677	-1608283.806452214	-1187358.5994015927	-711.5091889560626	-97.7894824754895	1619.517807918901
1051234748.3654124	-2649207.3548914623	-1603848.0428276106	-481003.9451327985	-369.20961877536365	119.04245343817715	1732.0938535920916
1051235093.5190163	-2725218.9395902115	-1532383.1114794281	122208.4435970464	-69.58748001469705	293.8808243451791	1752.0688586285207
1051235487.92367	-2684173.420669225	-1379062.2399737027	804386.7855573631	277.1746508129695	480.50746365325216	1692.6296183347508
1051235986.329784	-2440150.157813696	-1087440.1101622386	1604388.8960540195	695.8886811487099	682.032425684743	1495.7239298808695
1051236475.4513378	-2009270.4236990844	-715877.5179021388	2264038.650480175	1054.7660390939532	827.4682895251838	1183.6316040289041
1051236954.230458	-1435303.4325207036	-297840.8324401574	2738792.528805208	1327.9457306899124	907.8503531974516	786.8017179437612
1051237418.4639944	-775353.8151273287	129164.87494651692	3002875.517426988	1498.4148330458204	920.8463124193579	343.98983862306363
1051237854.9656222	-103841.10063345052	522859.09942128987	3057342.3118488393	1562.2108065007899	873.5282068917898	-95.78239030011774
1051238253.0711501	515374.9156955689	853941.9342264361	2939762.932645355	1535.0087277686664	782.506179517371	-492.27326079063045
1051238739.766766	1232731.0240650787	1196655.985440804	2589046.309703276	1393.687299721339	616.7119743525063	-939.333937852961
1051239216.796973	1843417.743472745	1442651.2949299728	2050162.7828823756	1150.8670077289603	408.358613581855	-1305.6196007974615
1051239681.8216977	2307392.7592169666	1579513.3928300163	1377959.0035047117	833.1218720871559	176.99756074871186	-1568.1158940647108
1051240119.7534833	2596750.8024924276	1607134.5689503744	655529.2085681941	481.81568970953236	-51.287791522266815	-1713.8428459759155
1051240526.9642031	2721782.426160517	1543472.2702797125	-53666.13882591245	129.86245151706612	-259.7875439399344	-1753.7170544511148
1051240902.289776	2708647.537950017	1411822.1493387844	-705706.9020983224	-199.29836904063205	-438.9268443135806	-1707.7234092841607
1051241388.2870419	2511216.8876018035	1148126.4782701177	-1498725.3358652268	-607.6152517939196	-639.1894826883258	-1535.3586891016344
1051241884.0655143	2116311.203801126	790731.6708817331	-2191816.782261034	-974.7220482142261	-793.0156276428983	-1242.659818126805
1051242372.319003	1567007.5528579277	378738.48344626406	-2708771.1758683124	-1260.9913054441352	-883.9205628231822	-861.8529843792405
1051242849.2788931	916851.6352105766	-51340.4439122256	-3018356.0320691876	-1448.8641904626722	-908.695475284931	-428.7270172178687
1051243255.5609633	309573.5821890193	-416011.39281654404	-3112969.5466354922	-1527.6127324222953	-878.6924279094227	-35.064749850828264
1051243612.6550987	-238476.63049740583	-719376.9886261864	-3063175.6657509007	-1531.6182833468174	-814.6990544681283	313.0335254411928
1051244112.687539	-984997.5337366009	-1093296.1195787557	-2788910.407919368	-1434.615311717464	-671.0017722287457	776.909010001488
1051244604.4377047	-1644162.1580493106	-1377608.5506996552	-2305929.6405185056	-1229.0577370034794	-477.83375971255833	1175.1555988175214
1051245083.5235769	-2166403.147186943	-1553941.5614318834	-1666343.663431469	-937.6018147715843	-253.62507750696207	1478.903033685906
1051245440.1875944	-2454799.2415755857	-1612403.9982708434	-1108774.3775110957	-673.9174816967815	-72.96033706555595	1637.2192580677083
1051245859.0954248	-2665825.701380064	-1597594.0291929883	-398336.4522792052	-328.5331542447777	143.54338919144186	1738.8234703920386
1051246308.42076	-2725632.455576876	-1482126.4038914014	387393.6010039386	64.19057726116102	367.8642764052552	1739.5595649720765
1051246440.0	-2709560.2652794463	-1429617.184499951	614984.7197919502	180.02795053892157	429.92042963040285	1718.194885167354
