1051160040.0	-1.979060471057892e-09	-1.3969838619232178e-09	-9.313225746154785e-10	-4.547473508864641e-13	0.0	1.3642420526593924e-12
1051160050.0	-1.5133991837501526e-09	-1.1059455573558807e-09	-9.313225746154785e-10	-4.547473508864641e-13	-3.410605131648481e-13	1.0231815394945443e-12
1051160090.0	-2.2118911147117615e-09	-1.6589183360338211e-09	-1.3969838619232178e-09	-6.821210263296962e-13	-4.547473508864641e-13	1.9326762412674725e-12
1051160242.9213973	-3.1210947781801224e-05	-1.8162652850151062e-05	-1.819804310798645e-06	-2.2519088815897703e-09	2.6086581783602014e-09	2.044542668500071e-08
1051160386.0123477	1.2640375643968582e-05	7.029389962553978e-06	-9.783543646335602e-07	7.275957614183426e-10	-1.1328893378959037e-09	-8.13236056274036e-09
1051160644.0799255	-7.953288150019944e-05	-4.568230360746384e-05	-1.4826655387878418e-06	1.8789933164953254e-08	2.018259692704305e-08	4.966301503372961e-08
1051160919.8559319	-2.685596700757742e-05	-2.255477011203766e-05	-3.794534131884575e-05	4.116623131267261e-08	2.4750875127210747e-08	6.56007159705041e-09
1051161194.2272903	1.5315832570195198e-05	-7.827533408999443e-06	-8.70339572429657e-05	5.16549789608689e-08	2.2840481506136712e-08	-3.4921754377137404e-08
1051161467.1852133	-3.0429568141698837e-05	-3.301515243947506e-05	-8.217897266149521e-05	7.899825504864566e-08	4.019352672912646e-08	-2.5769168132683262e-08
1051161738.3655572	2.1819956600666046e-05	-1.8001534044742584e-05	-0.00015997886657714844	6.260006557567976e-08	2.1222547275101533e-08	-7.624066711287014e-08
1051162007.0198056	4.794192500412464e-05	-1.729372888803482e-05	-0.0002345831599086523	3.9883616409497336e-08	2.3237589630298316e-09	-1.0739472600107547e-07
1051162271.4814161	-2.79303640127182e-06	-3.7306686863303185e-05	-0.00018758862279355526	6.90971546646324e-08	2.2313685121844173e-08	-8.998813427751884e-08
1051162527.145122	-3.0112452805042267e-05	-4.222290590405464e-05	-0.00013151043094694614	9.922791832650546e-08	4.163901934362002e-08	-7.881658348196652e-08
1051162746.8347987	-3.352668136358261e-05	-3.191339783370495e-05	-6.713229231536388e-05	1.305190266975842e-07	6.158506948850118e-08	-6.787195161450654e-08
1051163012.8586888	-6.504356861114502e-06	-3.9861537516117096e-05	-0.00018989188538398594	7.719469863332051e-08	2.849861857612268e-08	-8.176925803127233e-08
1051163190.9067478	4.215165972709656e-06	-1.7825281247496605e-05	-0.00010629798634909093	1.2420019857017905e-07	5.653123480442446e-08	-7.545850166934542e-08
1051163414.7521479	3.191409632563591e-05	3.5481061786413193e-06	-7.708696648478508e-05	1.5052856383590552e-07	7.111157174222171e-08	-7.780454325256869e-08
1051163696.9045155	5.394779145717621e-05	1.8286053091287613e-05	-6.574136205017567e-05	1.7281007558267447e-07	7.803066637279699e-08	-1.0826283869391773e-07
1051163978.2890818	7.610814645886421e-05	2.6167836040258408e-05	-9.078090079128742e-05	1.798071025405079e-07	7.665289558644872e-08	-1.3648173080582637e-07
1051164258.8774076	8.362531661987305e-05	1.9069062545895576e-05	-0.0001505992840975523	1.723750528981327e-07	6.88668251314084e-08	-1.5509817785641644e-07
1051164538.4202907	0.00016512582078576088	7.12383771315217e-05	-0.00012095272541046143	2.17360593524063e-07	8.028575848584296e-08	-2.300009782629786e-07
1051164816.5126008	0.00019414839334785938	7.59671675041318e-05	-0.00018312968313694	2.172496351704467e-07	7.225935405585915e-08	-2.7182318262930494e-07
1051165092.486077	0.0002797842025756836	0.00011710278340615332	-0.00022382615134119987	2.3335246623901185e-07	6.494315130112227e-08	-3.585263357308577e-07
1051165296.9646146	0.000391269801184535	0.00017086361185647547	-0.00027571339160203934	2.546005362091819e-07	5.97607368035824e-08	-4.4944135879632086e-07
1051165540.732361	0.0004983498947694898	0.00021308453870005906	-0.00037499750033020973	2.514764219085919e-07	3.8146708902786486e-08	-5.535860054806108e-07
1051165801.9125855	0.00046761793782934546	0.00016837276052683592	-0.0005176868289709091	2.1069263311801478e-07	9.101313480641693e-09	-5.838561207838211e-07
1051166020.7784637	0.00041979765410360415	0.00011778308544307947	-0.0006400137208402157	1.800458448997233e-07	-1.1993051884928718e-08	-6.027503900440934e-07
1051166206.2183697	0.00043136015301570296	0.00010293256491422653	-0.0007526692934334278	1.4961938177293632e-07	-3.993932295998093e-08	-6.582951073141885e-07
1051166490.3618488	0.0004986787680536509	0.00010629964526742697	-0.0009368001483380795	5.027050065109506e-08	-1.1878444183821557e-07	-7.745398988845409e-07
1051166771.77277	0.0005064129363745451	7.19018280506134e-05	-0.0011406345292925835	-7.515518518630415e-08	-2.0520485577435466e-07	-8.523788892489392e-07
1051167051.1147988	0.0004132783506065607	-1.3432931154966354e-05	-0.0013095811009407043	-2.0328457139839884e-07	-2.8066858703823527e-07	-8.645795332995476e-07
1051167327.7876847	0.00039537670090794563	-7.647811435163021e-05	-0.0015870118513703346	-3.95837560063228e-07	-3.9988657363210223e-07	-9.134150786849204e-07
1051167600.7803985	0.0003227139823138714	-0.00017538457177579403	-0.001888608792796731	-6.164116257423302e-07	-5.264520268610795e-07	-9.168463748210343e-07
1051167868.0231391	0.00017310818657279015	-0.00031446688808500767	-0.002170531079173088	-8.416391210630536e-07	-6.443347899676155e-07	-8.607462405052502e-07
1051168062.0477517	3.054039552807808e-05	-0.00044317590072751045	-0.002419081167317927	-1.0286644283041824e-06	-7.401362793757471e-07	-8.031831839616643e-07
1051168298.1198761	-0.00022475887089967728	-0.00062359101139009	-0.002601213287562132	-1.2131641824453254e-06	-8.193571829906432e-07	-6.661218776571332e-07
1051168564.8737098	-0.0005682436749339104	-0.0008290712721645832	-0.002650609996635467	-1.3591217111752485e-06	-8.609762573996704e-07	-4.4712101043842267e-07
1051168761.3350855	-0.0008468246087431908	-0.0009958301670849323	-0.0026912280591204762	-1.470475151421624e-06	-8.916222213883884e-07	-2.742390279308893e-07
1051168975.9898105	-0.0011718911118805408	-0.0011868630535900593	-0.002719964017160237	-1.588147341635704e-06	-9.172114232569584e-07	-5.585661710938439e-08
1051169257.1993778	-0.0016008717939257622	-0.001421673921868205	-0.0026670871302485466	-1.6919565268835868e-06	-9.105983735935297e-07	2.9009015634073876e-07
1051169536.5318373	-0.0020803543739020824	-0.001683148555457592	-0.002602843102067709	-1.781586320248607e-06	-8.859872195898788e-07	6.880657110741595e-07
1051169813.9389585	-0.002532586455345154	-0.0018918978748843074	-0.002343381056562066	-1.756145820763777e-06	-7.978669600561261e-07	1.0745995950856013e-06
1051170089.3182942	-0.003011956112459302	-0.0021080179139971733	-0.002041272819042206	-1.6937315194809344e-06	-6.835829253759584e-07	1.4876943623676198e-06
1051170362.4537137	-0.00337023613974452	-0.0022189326118677855	-0.0015496606938540936	-1.5104560588952154e-06	-5.159009788258118e-07	1.818882196857885e-06
1051170632.8985785	-0.0038133065681904554	-0.0023813305306248367	-0.0010742372833192348	-1.3225374004832702e-06	-3.346393668834935e-07	2.2074606249589124e-06
1051170747.5778066	-0.004040856147184968	-0.0024685911484993994	-0.0008503319695591927	-1.2402415450196713e-06	-2.5282702154072467e-07	2.3904121917439625e-06
1051171019.9557623	-0.004271240090020001	-0.0024710859288461506	-0.00017274357378482819	-9.097930160351098e-07	-1.829585016821511e-08	2.6314702950003266e-06
1051171276.2740041	-0.004461472271941602	-0.0024494336685165763	0.0005112872458994389	-5.687984412361402e-07	2.144163318007486e-07	2.831346151310754e-06
1051171509.6764125	-0.0045651922264369205	-0.0023812465369701385	0.001180348452180624	-2.2841254576633219e-07	4.33418449574674e-07	2.9610442027205863e-06
1051171731.5240195	-0.004572897683829069	-0.002260281005874276	0.0018387483432888985	1.1836937119369395e-07	6.427403604902793e-07	3.0207348800104228e-06
1051172007.5092452	-0.004406302352435887	-0.002017641090787947	0.002613617107272148	5.797426183562493e-07	8.961607136370731e-07	2.9684788387385197e-06
1051172281.7573646	-0.0042503210715949535	-0.0017738975584506989	0.003426104784011841	1.0682504125725245e-06	1.1634411976046977e-06	2.9076840064590215e-06
1051172554.5746094	-0.0039212205447256565	-0.0014415886253118515	0.004184717778116465	1.5448576959897764e-06	1.4006493529450381e-06	2.7246053377893986e-06
1051172825.567386	-0.003487316193059087	-0.0010569584555923939	0.004903914872556925	2.0112724996579345e-06	1.617309180801385e-06	2.4641710751893697e-06
1051173093.9366765	-0.0029509402811527252	-0.0006238827481865883	0.00557033228687942	2.4589405711594736e-06	1.809297089039319e-06	2.1303696939867223e-06
1051173357.8776246	-0.0022804629988968372	-0.0001413521822541952	0.006094446871429682	2.8425826030797907e-06	1.9482555444483296e-06	1.7100053355534328e-06
1051173612.2504336	-0.0015002898871898651	0.0003590201959013939	0.00638340471778065	3.1117194794205716e-06	2.0100002586787014e-06	1.227429947903147e-06
1051173819.8570281	-0.0008475929498672485	0.0007825563661754131	0.006651000585407019	3.3484369623693055e-06	2.068981586944574e-06	8.275203526864061e-07
1051174086.3485076	6.53495080769062e-05	0.00131515902467072	0.006711188209010288	3.526179909840721e-06	2.059901476059167e-06	2.469487299094908e-07
1051174305.4828901	0.0008485680446028709	0.0017530154436826706	0.006662684434559196	3.6268924237248257e-06	2.0253008301551745e-06	-2.3670895643590484e-07
1051174492.736934	0.001539143268018961	0.0021415045484900475	0.006632652599364519	3.7242844257434626e-06	1.998599032049242e-06	-6.689244855806464e-07
1051174774.9908376	0.0025863396003842354	0.0026999227702617645	0.006425926927477121	3.7915576740488177e-06	1.90276250577881e-06	-1.3739352198172128e-06
1051175056.3369348	0.003652887884527445	0.0032336495351046324	0.006031499709933996	3.7657215443687164e-06	1.7502143236924894e-06	-2.097665856126696e-06
1051175336.8766564	0.004683364648371935	0.0037000770680606365	0.005391767714172602	3.6137113283984945e-06	1.529184601167799e-06	-2.802764811349334e-06
1051175616.355815	0.005677551729604602	0.004112740512937307	0.004578461870551109	3.3694270769046852e-06	1.2580878774315352e-06	-3.4941886042361148e-06
1051175894.3563048	0.006590720033273101	0.004442756937351078	0.003574000671505928	3.0191924906830536e-06	9.346729257231345e-07	-4.1427229007240385e-06
1051176170.1902065	0.007392884464934468	0.004676764481700957	0.002398099284619093	2.568330273788888e-06	5.654995902659721e-07	-4.729903025690874e-06
1051176441.6391202	0.007938697934150696	0.00473091288949945	0.0010461295023560524	2.0042978121637134e-06	1.6164631233550608e-07	-5.15994474881154e-06
1051176665.4531775	0.008309253957122564	0.004715647286502644	-0.00014497293159365654	1.4997824564488837e-06	-1.8522450773161836e-07	-5.469131622248824e-06
1051176853.6646763	0.008623448549769819	0.004695652576629072	-0.0011919373646378517	1.0456408290338004e-06	-4.95807285005867e-07	-5.73877095177977e-06
1051177085.689993	0.008744964728975901	0.0045089079067111015	-0.0025370116345584393	4.2255692278558854e-07	-8.841863063935307e-07	-5.910502153483321e-06
1051177277.0000092	0.008764456491917372	0.0043033676920458674	-0.003674929030239582	-1.2058944776072167e-07	-1.2125543662477867e-06	-6.006711146255839e-06
1051177561.0318078	0.008570164325647056	0.0038752842228859663	-0.0053407009690999985	-9.926218353939475e-07	-1.7102705669458373e-06	-6.006321427776129e-06
1051177842.391643	0.00817502522841096	0.0033356042113155127	-0.006990430876612663	-1.899856897580321e-06	-2.2026514443496126e-06	-5.8723953770822845e-06
1051178121.6708452	0.007579207886010408	0.0026865818072110415	-0.008612790144979954	-2.8373635814205045e-06	-2.6857061357077328e-06	-5.5987381983868545e-06
1051178398.2610694	0.006661377381533384	0.0018878199625760317	-0.010056179715320468	-3.734015308509697e-06	-3.104096435890824e-06	-5.1079266540909884e-06
1051178671.134448	0.005518399644643068	0.0009946159552782774	-0.01132057816721499	-4.5805682020727545e-06	-3.4631472658475104e-06	-4.4556561533681815e-06
1051178938.1727179	0.004220060538500547	4.156585782766342e-05	-0.0124335044529289	-5.380630454965285e-06	-3.772323282191792e-06	-3.68082737622899e-06
1051179121.8036195	0.003216085024178028	-0.0006640993524342775	-0.01312969101127237	-5.907358058721002e-06	-3.9579038215720175e-06	-3.0763599170313682e-06
1051179359.9841177	0.0017694486305117607	-0.0016264067962765694	-0.013846640824340284	-6.523930267121614e-06	-4.137758978117745e-06	-2.1724652015109314e-06
1051179626.6661568	-2.5474466383457184e-05	-0.002732751425355673	-0.014275903959060088	-7.053857103755945e-06	-4.21894702640202e-06	-1.01014938991284e-06
1051179821.7307669	-0.001431426964700222	-0.0035374329891055822	-0.014286989986430854	-7.295659472106308e-06	-4.18485569753102e-06	-1.0617441148497164e-07
1051180038.3768393	-0.003039550967514515	-0.00444864621385932	-0.014251466607674956	-7.54496508648117e-06	-4.1248263755733205e-06	9.565089840180008e-07
1051180319.5887657	-0.005142046604305506	-0.005552183836698532	-0.013743885094299912	-7.6278882374936074e-06	-3.8962957660260145e-06	2.4053442757576704e-06
1051180598.9257205	-0.007226637564599514	-0.006573731312528253	-0.012859371257945895	-7.4994510441683815e-06	-3.5451134863251355e-06	3.864684003929142e-06
1051180876.3375657	-0.009291058406233788	-0.007528718211688101	-0.01168575813062489	-7.197367267508525e-06	-3.093629288741795e-06	5.33021125193045e-06
1051181151.7238778	-0.011186870746314526	-0.008301121066324413	-0.010058708488941193	-6.625004971283488e-06	-2.5081313879127265e-06	6.689266228931956e-06
1051181424.8638597	-0.01289207604713738	-0.008900765620637685	-0.008095785044133663	-5.8378034282213775e-06	-1.8236019059258979e-06	7.924336955511535e-06
1051181695.3168418	-0.014255202608183026	-0.009239665698260069	-0.0057890028692781925	-4.822467417398002e-06	-1.052997163242253e-06	8.927508019951347e-06
1051181835.3898227	-0.014931704616174102	-0.009384779827087186	-0.00452297693118453	-4.259710749465739e-06	-6.383332902260008e-07	9.418146987627551e-06
1051182100.7732095	-0.015906398184597492	-0.009450536599615589	-0.0019461936317384243	-3.0357903142430587e-06	2.0018580926262075e-07	1.0152667130114423e-05
1051182356.6771493	-0.016503098246175796	-0.009286928281653672	0.0007019727490842342	-1.7291315543843666e-06	1.0356200164096663e-06	1.0622933217518948e-05
1051182586.1329157	-0.016737739577365573	-0.008952775620855391	0.0031603719107806683	-4.850696768698981e-07	1.7865770587377483e-06	1.0837206048108783e-05
1051182795.6293107	-0.016748655994888395	-0.008524732780642807	0.0054411496967077255	6.945599579921691e-07	2.4704039560674573e-06	1.0892100647197367e-05
1051183071.723	-0.01626535435207188	-0.007692295941524208	0.008364112116396427	2.291676764798467e-06	3.330914751131786e-06	1.0623285675137595e-05
1051183345.9642183	-0.015394532354548573	-0.006661613471806049	0.011166461743414402	3.868375642923638e-06	4.128491468691209e-06	1.0085157214234641e-05
1051183618.7734305	-0.014069560216739774	-0.0054169329814612865	0.013731170911341906	5.364649268813082e-06	4.821874881599797e-06	9.240940698873601e-06
1051183889.7595731	-0.012400549836456776	-0.004024711204692721	0.016039332374930382	6.761161785107106e-06	5.4140178917805315e-06	8.164106475305744e-06
1051184158.1150923	-0.010393701028078794	-0.0025062186177819967	0.01799782318994403	8.006785378711356e-06	5.877812213839206e-06	6.865543355161208e-06
1051184422.0338113	-0.00815808866173029	-0.0009189439006149769	0.019631721545010805	9.105355047722696e-06	6.229054378081855e-06	5.416737621999346e-06
1051184676.3446532	-0.005717932712286711	0.0006864829920232296	0.02074773353524506	9.952508662536275e-06	6.413857299492065e-06	3.847549805868766e-06
1051184883.2237684	-0.0035936562344431877	0.002019114326685667	0.02137804648373276	1.0510834442811756e-05	6.475024193264289e-06	2.4949401904450497e-06
1051185149.7704424	-0.0007283492013812065	0.003725645365193486	0.021750455198343843	1.1030252551336162e-05	6.4199615792404074e-06	6.48545210424345e-07
1051185368.6431484	0.00171385845169425	0.005103038623929024	0.02166270127054304	1.1266425666178748e-05	6.259404358388565e-06	-9.027439773490187e-07
1051185556.0659167	0.0038299476727843285	0.006244421470910311	0.02131313318386674	1.1336795950001033e-05	6.044446024588979e-06	-2.2426727355195908e-06
1051185838.3066524	0.007004657760262489	0.007889409782364964	0.020434727193787694	1.1266770059137343e-05	5.612110157926509e-06	-4.30332306677883e-06
1051186119.652729	0.010077182669192553	0.009350125445052981	0.018894883571192622	1.0858324571927369e-05	5.000296141588478e-06	-6.292024181675515e-06
1051186400.1926913	0.012968432158231735	0.010602492489852011	0.016804265091195703	1.0160426882066531e-05	4.245058448759664e-06	-8.1661873991834e-06
1051186679.6713125	0.01568475877866149	0.011679020943120122	0.014314575586467981	9.245543196811923e-06	3.3851696343845106e-06	-9.939441952155903e-06
1051186957.6707969	0.018037861911579967	0.012451425427570939	0.011316590942442417	8.044858532230137e-06	2.405501732027915e-06	-1.1484948913675908e-05
1051187233.5016432	0.019991895649582148	0.012925191258545965	0.007946586236357689	6.619454325118568e-06	1.3440870816339157e-06	-1.2786053275704035e-05
1051187504.9328488	0.02158147527370602	0.013147556346666533	0.004348876886069775	5.037949904362904e-06	2.352998080823454e-07	-1.386797868008216e-05
1051187728.9630222	0.022533536073751748	0.013084667501971126	0.001164314802736044	3.599976480472833e-06	-7.12743599251553e-07	-1.4535989237174363e-05
1051187917.8972833	0.023016233928501606	0.012829037965275347	-0.0016253581270575523	2.303689370819484e-06	-1.522710476820066e-06	-1.4903611550209916e-05
1051188149.3702595	0.023316535733101773	0.012338079744949937	-0.005104138050228357	6.374339136527851e-07	-2.5266289185310598e-06	-1.5180700927430735e-05
1051188342.7200122	0.023340254498180002	0.011789466021582484	-0.008056527469307184	-8.101865205389913e-07	-3.370803483448981e-06	-1.527428389636043e-05
1051188626.7244451	0.022734179976396263	0.010633089230395854	-0.012312726583331823	-3.012548859260278e-06	-4.576678634293785e-06	-1.5004781971583725e-05
1051188908.0688611	0.02156970603391528	0.009186124429106712	-0.01642099441960454	-5.223610969551373e-06	-5.718993293157837e-06	-1.4375386854226235e-05
1051189187.3259435	0.01980281760916114	0.0074452434200793505	-0.02026685792952776	-7.389151960524032e-06	-6.7604086098072e-06	-1.3352570704228128e-05
1051189463.8868458	0.017543873516842723	0.005478281294927001	-0.023824906209483743	-9.487308943789685e-06	-7.699943409988919e-06	-1.1996675993941608e-05
1051189736.7181005	0.014660126063972712	0.0032688563223928213	-0.026783196022734046	-1.1363042631273856e-05	-8.43380240667102e-06	-1.0227409120489028e-05
1051190003.6872272	0.01141417445614934	0.0009474644903093576	-0.02924363873898983	-1.304279226133076e-05	-9.006656426890913e-06	-8.200119964385522e-06
1051190182.4466553	0.008956735488027334	-0.0006907240021973848	-0.030479907291010022	-1.3988310342938348e-05	-9.254242257838996e-06	-6.665775799774565e-06
1051190421.9281226	0.005447354633361101	-0.0029285431373864412	-0.03171167557593435	-1.507927044031021e-05	-9.453001581505305e-06	-4.438934865902411e-06
1051190688.5736953	0.0013099000789225101	-0.0054535227827727795	-0.03256862738635391	-1.6071290502850388e-05	-9.50907917740551e-06	-1.7593854408914922e-06
1051190882.3232833	-0.0018537277355790138	-0.007281530415639281	-0.032684659032383934	-1.6549110952723822e-05	-9.392089680204663e-06	2.875310656236252e-07
1051191100.8019388	-0.005501033738255501	-0.009294165531173348	-0.03232027671765536	-1.6844589652009745e-05	-9.107136463626375e-06	2.669929926923942e-06
1051191382.01881	-0.010237007401883602	-0.011784078786149621	-0.03119870671071112	-1.6885337288385927e-05	-8.527626391696685e-06	5.835640877194237e-06
1051191661.3603528	-0.014890349470078945	-0.014056936372071505	-0.029184906976297498	-1.6441352386209473e-05	-7.677815233364527e-06	8.967713029051083e-06
1051191938.776849	-0.019280666951090097	-0.01600442104972899	-0.026250814087688923	-1.5477300053134968e-05	-6.562143084920535e-06	1.1936939245060785e-05
1051192214.1684695	-0.023395737167447805	-0.017669659107923508	-0.022659570910036564	-1.4117777936917264e-05	-5.253218773759727e-06	1.4735486502104322e-05
1051192487.3141662	-0.027040852699428797	-0.01892982382560149	-0.01834983192384243	-1.2315669664531015e-05	-3.7514134874072624e-06	1.722015485938755e-05
1051192757.7739254	-0.030056579504162073	-0.01971253886586055	-0.013419462367892265	-1.0109908771482878e-05	-2.100449819408823e-06	1.9278049080639903e-05
1051192907.9888356	-0.0314202222507447	-0.019921272731153294	-0.01042752293869853	-8.73129488354607e-06	-1.137835170084145e-06	2.0200560356897768e-05
1051193170.6613283	-0.03331379150040448	-0.019958073477027938	-0.004943882115185261	-6.103792202338809e-06	6.082783556848881e-07	2.149380003402257e-05
1051193426.3963914	-0.03446018398972228	-0.0195464042481035	0.0006550648249685764	-3.3333551527903182e-06	2.338883291486127e-06	2.2277070186760284e-05
1051193654.1075877	-0.0348953216598602	-0.018822410027496517	0.005761981941759586	-7.478602128685452e-07	3.871478270411899e-06	2.2574853119294858e-05
1051193856.9098268	-0.03479463263647631	-0.01789433299563825	0.010334320366382599	1.615177097846754e-06	5.208035759096674e-06	2.2509979203277908e-05
1051194133.0660974	-0.03391398012172431	-0.01622597873210907	0.016456217970699072	4.89031685901864e-06	6.963845294194471e-06	2.191251974181796e-05
1051194407.316659	-0.03220157977193594	-0.014130856841802597	0.02232589339837432	8.112495834211586e-06	8.582104555898695e-06	2.0751433680743503e-05
1051194680.1384779	-0.02955612726509571	-0.011594203999266028	0.02771717682480812	1.1165352134412387e-05	9.986234545067418e-06	1.897337392620102e-05
1051194951.1372737	-0.026191298151388764	-0.008747090818360448	0.03258228721097112	1.4007094023327227e-05	1.117954798246501e-05	1.672105395300605e-05
1051195219.5137539	-0.022065029479563236	-0.00561833824031055	0.03664375515654683	1.6493298744535423e-05	1.2077856183623226e-05	1.3985269106342457e-05
1051195483.4728587	-0.017480884678661823	-0.002359244041144848	0.040017057908698916	1.8662051502360555e-05	1.2739736916955735e-05	1.0959510973407305e-05
1051195737.8721349	-0.012549302075058222	0.0009225062094628811	0.042467726743780077	2.0381340050334984e-05	1.3106741825197332e-05	7.73255464991962e-06
1051195945.9009731	-0.008218164555728436	0.0036641107872128487	0.04388171236496419	2.150762981045773e-05	1.3215206493555343e-05	4.925589337290148e-06
1051196212.3697145	-0.002364090643823147	0.007156643085181713	0.04467376968386816	2.2467779615453765e-05	1.3041794176160693e-05	1.1363267731212545e-06
1051196431.6488825	0.0026117214001715183	0.009990774095058441	0.044640972453635186	2.2925130943818317e-05	1.2695731925305154e-05	-2.0523111743386835e-06
1051196618.8173397	0.006910756696015596	0.012316992972046137	0.04396963131148368	2.2999630914455338e-05	1.2217560765748203e-05	-4.786986664839787e-06
1051196901.0617667	0.013334515038877726	0.015614252304658294	0.042028212221339345	2.2644097157353826e-05	1.1231504004172166e-05	-8.899812200979795e-06
1051197182.4085116	0.019565765280276537	0.018591343192383647	0.03898243140429258	2.1723225017922232e-05	9.950001413017162e-06	-1.2869399370174506e-05
1051197462.9503688	0.02547880820930004	0.021192999090999365	0.03491887520067394	2.0270820755285968e-05	8.406262509197404e-06	-1.6622707107671886e-05
1051197742.4292905	0.030889511574059725	0.02331621153280139	0.0298485797829926	1.8278227571499883e-05	6.6173557797810645e-06	-2.004414091061335e-05
1051198020.4303896	0.035609244368970394	0.02487134945113212	0.023866317700594664	1.5777096905367216e-05	4.623201903086738e-06	-2.301895278833399e-05
1051198296.2638257	0.039506986970081925	0.02581918067880906	0.017158839385956526	1.2846668823840446e-05	2.483253410900943e-06	-2.54724028536657e-05
1051198567.7236702	0.04248624248430133	0.026151046717131976	0.009969973471015692	9.595728670319659e-06	2.699841843423201e-07	-2.735004909482086e-05
1051198791.4091604	0.044303775299340487	0.025998341443482786	0.003719010856002569	6.705929308736813e-06	-1.5981477190507576e-06	-2.849776191737874e-05
1051198979.2039379	0.04530878912191838	0.025540612230543047	-0.0016979901120066643	4.146684887018637e-06	-3.1811883900445537e-06	-2.913919530556086e-05
1051199211.535009	0.045899602884674096	0.02457954827696085	-0.008516704197973013	8.451786470686784e-07	-5.140441203366208e-06	-2.9531150943284956e-05
1051199401.5311764	0.04572867514798418	0.02341668214648962	-0.014111568219959736	-1.9274523310741642e-06	-6.706852445859113e-06	-2.9445494590163435e-05
1051199685.5716429	0.044562371796928346	0.021181217161938548	-0.02235552342608571	-6.160113116493449e-06	-8.989279876914225e-06	-2.874314975542802e-05
1051199966.9436693	0.042294914834201336	0.018381382105872035	-0.030262256041169167	-1.0357608744016034e-05	-1.1118544875898806e-05	-2.7341823738424864e-05
1051200246.2359402	0.03886663028970361	0.015025343280285597	-0.03760997345671058	-1.441363542653562e-05	-1.302575708450604e-05	-2.5198398134307354e-05
1051200522.8437619	0.03438729792833328	0.0112111393827945	-0.044212901033461094	-1.822560079745017e-05	-1.4664195646219014e-05	-2.2375108528649434e-05
1051200795.7425199	0.028972085565328598	0.007040807278826833	-0.049880419159308076	-2.1683467707589443e-05	-1.5983884395609493e-05	-1.8939337223855546e-05
1051201062.8281745	0.022796905133873224	0.0026488923467695713	-0.054433297365903854	-2.4673856273693673e-05	-1.694082163794519e-05	-1.499994459663867e-05
1051201249.1534406	0.01802597101777792	-0.0005518684629350901	-0.056940238806419075	-2.6470845455150993e-05	-1.73874208329039e-05	-1.1958097502429155e-05
1051201486.7773317	0.011518246494233608	-0.004723706049844623	-0.05934032367076725	-2.8418875388069864e-05	-1.770329632222456e-05	-7.776871370879235e-06
1051201753.4617435	0.0037335027009248734	-0.009440583409741521	-0.06077442184323445	-3.0029205476012066e-05	-1.7662233091186863e-05	-2.7334344849805348e-06
1051201949.1818373	-0.0022230753675103188	-0.012856889981776476	-0.060858838725835085	-3.07427197228094e-05	-1.733606490006423e-05	1.1186943993379828e-06
1051202164.968705	-0.00890762684866786	-0.01654499745927751	-0.0601882750634104	-3.115238223472261e-05	-1.6742069078645727e-05	5.466484026328544e-06
1051202446.1818367	-0.01761106587946415	-0.02105527324602008	-0.05778306536376476	-3.089532862077249e-05	-1.5506886597904668e-05	1.1182944945176132e-05
1051202725.5163295	-0.026065336540341377	-0.02513017994351685	-0.05383833544328809	-2.980559338539024e-05	-1.3824453731103858e-05	1.6751940620451933e-05
1051203002.9246073	-0.034066247288137674	-0.0286746647907421	-0.048467033077031374	-2.7913171379623236e-05	-1.1738999887711543e-05	2.203113831455994e-05
1051203278.3083855	-0.04136663535609841	-0.03155876079108566	-0.04172757314518094	-2.5221937448804965e-05	-9.286222962145985e-06	2.6844666763281566e-05
1051203551.4446058	-0.047792213037610054	-0.033722484251484275	-0.033827442210167646	-2.1819993435201468e-05	-6.539829087159887e-06	3.1069534202288196e-05
1051203821.8925458	-0.05318911210633814	-0.03511840716237202	-0.024978846311569214	-1.780382490323973e-05	-3.5757857403950766e-06	3.4596047953527886e-05
1051203952.1504215	-0.05529247457161546	-0.03543680965958629	-0.020345196593552828	-1.5640120864190976e-05	-2.083071876768372e-06	3.594890370095527e-05
1051204220.3832449	-0.05888103577308357	-0.03559343473170884	-0.010409279260784388	-1.0862405588341062e-05	1.0812402706505964e-06	3.824409071739865e-05
1051204476.4292841	-0.061073279299307615	-0.034948282002005726	-0.00044863205403089523	-5.935479066465632e-06	4.150421659687709e-06	3.959232874706231e-05
1051204707.4494332	-0.06197314588644076	-0.03370834281668067	0.008761255070567131	-1.2786144907295238e-06	6.900815037624852e-06	4.0075963738672726e-05
1051204922.2145845	-0.06175526004517451	-0.03194957331288606	0.017344988882541656	3.1529361876891926e-06	9.381431027577491e-06	3.981822345622277e-05
1051205198.2523948	-0.06017456762492657	-0.028982505318708718	0.028188939206302166	8.902201670935028e-06	1.243278154561267e-05	3.860744243411318e-05
1051205472.4931706	-0.056933608604595065	-0.025181265315040946	0.03843643143773079	1.4475784610112896e-05	1.5174709005805198e-05	3.62982711976656e-05
1051205745.3015507	-0.052215660689398646	-0.02069565188139677	0.04785020183771849	1.973348685169185e-05	1.755256141677819e-05	3.302402865301701e-05
1051206016.2844373	-0.04627900407649577	-0.015695539535954595	0.056312400847673416	2.459295978951559e-05	1.9553041340714117e-05	2.8961736234123236e-05
1051206284.6359944	-0.03913131542503834	-0.010252906940877438	0.06346801691688597	2.886581353322981e-05	2.1074188907732605e-05	2.414070559098036e-05
1051206548.5466043	-0.03100478369742632	-0.004550372250378132	0.06905405572615564	3.240026569528709e-05	2.2061916780558022e-05	1.8731903082880308e-05
1051206802.836565	-0.022403621580451727	0.001126398565247655	0.07308184041175991	3.516779861456598e-05	2.2563087348714816e-05	1.3066963219898753e-05
1051207009.5127778	-0.014952211175113916	0.005800777347758412	0.07529207848710939	3.690651300303216e-05	2.2631203194123373e-05	8.212045258915168e-06
1051207276.0484222	-0.00490568345412612	0.011772679630666971	0.07653667929116637	3.8377343088313864e-05	2.2230890238006396e-05	1.7000936622935114e-06
1051207494.8593808	0.0035634422674775124	0.016549283638596535	0.07623268949100748	3.893275156841014e-05	2.151494925328734e-05	-3.725092255990603e-06
1051207682.3398967	0.01087004691362381	0.020499608013778925	0.0750743712997064	3.896543316272982e-05	2.0648281804369617e-05	-8.374761364393635e-06
1051207964.593625	0.021733141038566828	0.0260477215051651	0.07164519093930721	3.8164203715496114e-05	1.887652740606427e-05	-1.5277831380444695e-05
1051208245.9386226	0.03222143603488803	0.031038617715239525	0.06641318439505994	3.643960326371598e-05	1.663292653120152e-05	-2.1890744619668112e-05
1051208526.4786628	0.04203644162043929	0.03529815480578691	0.05935864499770105	3.3763532542252506e-05	1.3937239714323368e-05	-2.8025463961967034e-05
1051208805.9566524	0.050978393759578466	0.03876360389403999	0.05075102159753442	3.0255207548179897e-05	1.0878250463974837e-05	-3.3573139262443874e-05
1051209083.9551858	0.05885120830498636	0.041362280666362494	0.04079643124714494	2.599975346129213e-05	7.525837304456218e-06	-3.8421973272306786e-05
1051209359.7860262	0.06540042627602816	0.04298516732524149	0.0296851908788085	2.1069414060548297e-05	3.950340897063143e-06	-4.241910983182606e-05
1051209631.2109575	0.07031761866528541	0.04351828559083515	0.01774336164817214	1.5599943026245455e-05	2.647140036060591e-07	-4.537834013262909e-05
1051209855.3284957	0.07322157814633101	0.04319910827325657	0.007360994815826416	1.0741384130596998e-05	-2.8348069918138208e-06	-4.709089583343484e-05
1051210044.5279294	0.07479151856387034	0.04238033469300717	-0.0016458360478281975	6.444516657211352e-06	-5.458261398416653e-06	-4.798712569709096e-05
1051210275.7691748	0.07571912849743967	0.04078420822042972	-0.012809572741389275	1.0111011761182453e-06	-8.651723760522145e-06	-4.8469637704329216e-05
1051210469.7927512	0.07542058476246893	0.03882805770263076	-0.02218812983483076	-3.650439794000704e-06	-1.1262035741310683e-05	-4.820355150059186e-05
1051210753.7927035	0.07344933808781207	0.035130355739966035	-0.03569845575839281	-1.0564418516878504e-05	-1.4951237744753598e-05	-4.685094154410763e-05
1051211035.1310383	0.06960262754000723	0.03048478439450264	-0.04856429761275649	-1.7354824876747443e-05	-1.8345417629461735e-05	-4.4319346898191725e-05
1051211314.3814938	0.06379616586491466	0.024921775795519352	-0.06037313537672162	-2.3822501361792092e-05	-2.13203441035148e-05	-4.0553386043029604e-05
1051211590.9344803	0.05640813312493265	0.018687489675357938	-0.07096593407914042	-2.9863035251764813e-05	-2.385948187111353e-05	-3.577927691367222e-05
1051211863.7523243	0.04749790299683809	0.011897965101525187	-0.07991126598790288	-3.524655517139763e-05	-2.5838700025815342e-05	-3.0034217843422084e-05
1051212130.6949362	0.03745373385027051	0.00480751832947135	-0.08703747089020908	-3.984720626704075e-05	-2.7231708656927367e-05	-2.3557486883873935e-05
1051212307.5867146	0.030180984176695347	-6.58426433801651e-05	-0.09082838927861303	-4.2490793703109375e-05	-2.7849294689019644e-05	-1.8875531168305315e-05
1051212547.6043812	0.01963626593351364	-0.00680534983985126	-0.09461083426140249	-4.547412106603588e-05	-2.8255634532570184e-05	-1.2065577720932197e-05
1051212814.2350752	0.007196399848908186	-0.014323258074000478	-0.0967997465049848	-4.7855092759618856e-05	-2.807945881500018e-05	-4.0021620861807605e-06
1051213007.3540578	-0.0021559023298323154	-0.01968435407616198	-0.09691771655343473	-4.886773274392908e-05	-2.750595552925006e-05	2.0457296159293037e-06
1051213226.5440645	-0.0129336416721344	-0.02561320085078478	-0.0957440206548199	-4.936797890309208e-05	-2.6460795027105632e-05	9.03459249457228e-06
1051213507.7641947	-0.026743698865175247	-0.032773173647001386	-0.09194524784106761	-4.882835298758437e-05	-2.4438830450890237e-05	1.8036042547464604e-05
1051213787.1087234	-0.040120279882103205	-0.0392148292157799	-0.08567346492782235	-4.6961092039055075e-05	-2.171314076804265e-05	2.6753158863357385e-05
1051214064.5276582	-0.05267592100426555	-0.04473991086706519	-0.07704907446168363	-4.378385199288459e-05	-1.8344504496781155e-05	3.49196618572023e-05
1051214339.9216558	-0.06419512256979942	-0.04930119449272752	-0.06647011684253812	-3.9470328147217515e-05	-1.4459736007665924e-05	4.239030272401578e-05
1051214613.070824	-0.07422404293902218	-0.05265052686445415	-0.053993924986571074	-3.401426852178702e-05	-1.0116007615579292e-05	4.884605777988327e-05
1051214883.5354239	-0.08259731973521411	-0.05478044968913309	-0.040077080484479666	-2.763492284429958e-05	-5.459866315504769e-06	5.4174566116671485e-05
1051215038.6085539	-0.08649358246475458	-0.05536109476815909	-0.03144560428336263	-2.3567773951072013e-05	-2.675744440239214e-06	5.660330396040081e-05
1051215299.8233303	-0.09161054552532732	-0.05538233267725445	-0.016216497402638197	-1.619437193767226e-05	2.127453171851812e-06	5.97239580315545e-05
1051215555.5032282	-0.09477151290047914	-0.05423315428197384	-0.0007045031525194645	-8.490341542710667e-06	6.867636670904176e-06	6.152246660917626e-05
1051215782.3937801	-0.09592809117020806	-0.05222231545485556	0.013323726132512093	-1.3805126855004346e-06	1.1017732049367623e-05	6.200326060934458e-05
1051215981.6688299	-0.09550676541402936	-0.049639149219729006	0.025627228897064924	4.9698851398716215e-06	1.4540329175360966e-05	6.146524185624003e-05
1051216257.8637925	-0.09300989401526749	-0.04502784390933812	0.042359914630651474	1.3802082094116486e-05	1.9195565641894063e-05	5.9435357798065525e-05
1051216532.1194185	-0.08803105726838112	-0.03917836956679821	0.05815446376800537	2.2335434096021345e-05	2.3369556856778217e-05	5.577393585554091e-05
1051216804.947379	-0.08076435490511358	-0.03227561269886792	0.0726217720657587	3.0348153586601256e-05	2.6964395260620222e-05	5.063170397079375e-05
1051217075.957612	-0.07156381732784212	-0.024569831788539886	0.08550888439640403	3.768109081647708e-05	2.9936711655409454e-05	4.4258003299546544e-05
1051217344.3501186	-0.06061107758432627	-0.016237459611147642	0.09643371868878603	4.4121108089711925e-05	3.219277226662598e-05	3.679954966173682e-05
1051217608.3353709	-0.0482057579793036	-0.0075300331227481365	0.10497348615899682	4.943065391671553e-05	3.364014747830879e-05	2.8483075766416732e-05
1051217862.8174931	-0.03511720336973667	0.001126808812841773	0.1111992544028908	5.359722592856997e-05	3.4367360910891875e-05	1.9810994217550615e-05
1051218071.7091694	-0.02362881228327751	0.008313978789374232	0.11450367979705334	5.6144458369544736e-05	3.439063526400332e-05	1.2296637123654364e-05
1051218338.1337467	-0.008364079054445028	0.017384595470502973	0.1163783913871157	5.825923372526631e-05	3.371100208937605e-05	2.387165295658633e-06
1051218557.7606527	0.004531050566583872	0.02468888694420457	0.11608053551753983	5.909423309446993e-05	3.2611091455692076e-05	-5.892829221920692e-06
1051218744.6880807	0.01558041200041771	0.030656196177005768	0.11429453548043966	5.904385358235231e-05	3.124385233377325e-05	-1.2922445193908061e-05
1051219026.9373071	0.03209014004096389	0.03912157122977078	0.10925806476734579	5.778846366411017e-05	2.853545140624192e-05	-2.3383148572975188e-05
1051219308.2845299	0.04797454131767154	0.0466726622544229	0.10129455639980733	5.503558611508197e-05	2.5068982949960628e-05	-3.333570612085168e-05
1051219588.8266294	0.06280505657196045	0.05310056498274207	0.09059168212115765	5.0855854169640224e-05	2.093367686484271e-05	-4.252325811648916e-05
1051219868.3062774	0.07629365008324385	0.05832245305646211	0.07757796673104167	4.5443536237144144e-05	1.626964251499885e-05	-5.0792385081877e-05
1051220146.3097714	0.08796895341947675	0.0621013802010566	0.062422146555036306	3.884977581947169e-05	1.1160796589138045e-05	-5.785566463600844e-05
1051220422.1473653	0.09769389894790947	0.06446460582083091	0.0456783096306026	3.1332001299233525e-05	5.764612637904065e-06	-6.365785156958736e-05
1051220693.6320628	0.10504435666371137	0.0652534833716345	0.02778479363769293	2.3072416752256686e-05	2.3342761323874583e-07	-6.794510255758723e-05
1051220916.9873972	0.10942815290763974	0.06481266758055426	0.012327043805271387	1.579599802425946e-05	-4.390955609778757e-06	-7.041741432090021e-05
1051221103.6591605	0.11178577225655317	0.06363144796341658	-0.0009447922930121422	9.437015933144721e-06	-8.258299203589559e-06	-7.166427408833442e-05
1051221289.9004377	0.11300608646706678	0.06177487352397293	-0.014353915583342314	2.910266402977868e-06	-1.2086674701095035e-05	-7.220350582315405e-05
1051221529.8416599	0.11259782826527953	0.05825447430834174	-0.031618896406143904	-5.672482302543358e-06	-1.6883168655112968e-05	-7.166335439023896e-05
1051221813.3647779	0.10962141351774335	0.052738701459020376	-0.05166413774713874	-1.5903970279396162e-05	-2.2305576635517355e-05	-6.946756002434995e-05
1051222094.7352582	0.10367690678685904	0.04573611216619611	-0.07061972049996257	-2.5873286176647525e-05	-2.722580859426671e-05	-6.54203407748355e-05
1051222374.0149125	0.09512059157714248	0.03752151224762201	-0.08811051771044731	-3.537754810167826e-05	-3.156936645609676e-05	-5.9738707250289735e-05
1051222650.6054823	0.08411227585747838	0.02827956876717508	-0.10364577453583479	-4.415845796756912e-05	-3.5206963389100565e-05	-5.2518006896207226e-05
1051222923.4808704	0.07101343385875225	0.018285461701452732	-0.11686395574361086	-5.200263012739015e-05	-3.8058688858200185e-05	-4.397829457047919e-05
1051223190.5201515	0.0562090165913105	0.007847500499337912	-0.1272999243810773	-5.863307683284802e-05	-4.001305896395024e-05	-3.436447013882571e-05
1051223374.2565236	0.04506012890487909	0.0004110329318791628	-0.13293148553930223	-6.251194940887217e-05	-4.0853627808701276e-05	-2.715024697863555e-05
1051223612.4420286	0.02968075079843402	-0.009387481026351452	-0.13828538416419178	-6.666651046316474e-05	-4.1328566837250946e-05	-1.7189223626701278e-05
1051223879.1091388	0.011449982412159443	-0.02036439278163016	-0.14127969654509798	-6.991369517095336e-05	-4.093218791467734e-05	-5.372428631744697e-06
1051224074.2305315	-0.0023419642820954323	-0.028257819823920727	-0.14138730213744566	-7.127679011631471e-05	-4.001249243401617e-05	3.544321089066216e-06
1051224290.8412151	-0.017858382314443588	-0.03676926880143583	-0.13957075856160372	-7.182586591625295e-05	-3.8414483071846917e-05	1.3583111467596609e-05
1051224572.0537633	-0.037926662247627974	-0.04714330146089196	-0.13388992776162922	-7.082801118940552e-05	-3.536761096256669e-05	2.6593548000164446e-05
1051224851.390595	-0.05734326783567667	-0.05648567737080157	-0.12474461132660508	-6.797484354592598e-05	-3.134610381039238e-05	3.91604733067652e-05
1051225128.8013141	-0.07553373277187347	-0.06448018550872803	-0.11219633836299181	-6.323727461676754e-05	-2.640886486915406e-05	5.088735997560434e-05
1051225404.1871167	-0.09202684997580945	-0.07093529379926622	-0.09665186796337366	-5.677417902916204e-05	-2.070722871394537e-05	6.145568841020577e-05
1051225677.3263469	-0.10641046171076596	-0.07570117060095072	-0.07855994394049048	-4.8777617848827504e-05	-1.4404338799067773e-05	7.058442452034797e-05
1051225947.7791595	-0.11830474575981498	-0.0786546103481669	-0.058412204030901194	-3.947217851418827e-05	-7.677565236008377e-06	7.801537060458941e-05
1051226086.5316539	-0.12344506033696234	-0.07948719523847103	-0.04737424058839679	-3.425507475185441e-05	-4.1004794866239536e-06	8.116115964185155e-05
1051226352.4293823	-0.13112489692866802	-0.07964189149788581	-0.025162559933960438	-2.3486258896809886e-05	2.9158733241274604e-06	8.572577036147777e-05
1051226608.3369683	-0.13574973127106205	-0.07803960476303473	-0.002882193773984909	-1.2415639957907842e-05	9.713797112453904e-06	8.823839336002948e-05
1051226837.9800175	-0.13737284184753662	-0.07509154046420008	0.017466959543526173	-2.0977881831640843e-06	1.570854738019989e-05	8.878958863078878e-05
1051227048.1318748	-0.13679462450090796	-0.07122274360153824	0.03605217067524791	7.487266657335567e-06	2.101327174841572e-05	8.791372289351784e-05
1051227324.2141378	-0.13293715345207602	-0.06448279577307403	0.05988531047478318	2.004748807848955e-05	2.7572043791224132e-05	8.470450029562926e-05
1051227598.4548239	-0.12580692931078374	-0.05612177262082696	0.08242053631693125	3.217324479010131e-05	3.3474329711680184e-05	7.934997449865477e-05
1051227871.265811	-0.11554155847989023	-0.0463173168245703	0.1031374242156744	4.357435796009668e-05	3.8577990494559344e-05	7.19736046903563e-05
1051228142.2508093	-0.10234438045881689	-0.03530004736967385	0.12143439217470586	5.3918554385745665e-05	4.272658463833068e-05	6.274989937082864e-05
1051228410.6062831	-0.08659687545150518	-0.023390968097373843	0.1367692209314555	6.289905638823257e-05	4.58001973129285e-05	5.196881602387293e-05
1051228674.5220711	-0.06901447148993611	-0.011030126363039017	0.1489756521768868	7.038661544811475e-05	4.7817527047300246e-05	4.0116033915182925e-05
1051228928.8235867	-0.05039509106427431	0.0012582915369421244	0.157692865235731	7.61477949708933e-05	4.874979361702003e-05	2.774024210339121e-05
1051229135.6551777	-0.03425721265375614	0.011347590712830424	0.16229997132904828	7.962871927702508e-05	4.872128471333781e-05	1.715471262286883e-05
1051229402.1879916	-0.012628063559532166	0.02421745820902288	0.16504764718411025	8.256108500859227e-05	4.771762604605101e-05	3.0923324629839044e-06
1051229621.0474629	0.005569478962570429	0.0344976547639817	0.16448246635263786	8.357350155918652e-05	4.60709122762637e-05	-8.591342748331954e-06
1051229808.5178615	0.021226785145699978	0.04293396952562034	0.1618489462416619	8.336974536859998e-05	4.405944196150813e-05	-1.854460924732848e-05
1051230090.7638104	0.04449164308607578	0.05481829005293548	0.15451673278585076	8.136332843378113e-05	4.0117182606991264e-05	-3.3233901149287703e-05
1051230372.109242	0.06685585901141167	0.06543892808258533	0.14324785256758332	7.734350765531417e-05	3.516598587793851e-05	-4.7185892071865965e-05
1051230652.6494428	0.08776633674278855	0.07451876171398908	0.12824506242759526	7.13835302121879e-05	2.931097674263583e-05	-6.006807348057919e-05
1051230932.1270491	0.10668860166333616	0.08182367018889636	0.10988112073391676	6.363750867421913e-05	2.2699286773786298e-05	-7.156974061217625e-05
1051231210.126242	0.12304643960669637	0.08710169862024486	0.08856026595458388	5.42678935744334e-05	1.5487897940147377e-05	-8.135346786275477e-05
1051231485.9572209	0.13654154282994568	0.09031808940926567	0.06499427556991577	4.359996205494099e-05	7.890420306466694e-06	-8.927255203161621e-05
1051231757.3846462	0.14686779014300555	0.091446153477591	0.039960735477507114	3.198715239705052e-05	1.3884141480957624e-07	-9.516823905642013e-05
1051231981.4733173	0.15289770520757884	0.09075360398855992	0.018245830666273832	2.1715217599194148e-05	-6.3489160311291926e-06	-9.844632796784936e-05
1051232170.5835819	0.15615513658849522	0.08903618302429095	-0.000539741013199091	1.2681816770054866e-05	-1.181316497422813e-05	-0.00010006214007063363
1051232401.93728	0.15772322678640194	0.08550868893507868	-0.023767074570059776	1.3104454410495237e-06	-1.8393364030089288e-05	-0.00010052963202156207
1051232595.8466605	0.15711198892677203	0.08145727566443384	-0.04321237886324525	-8.370159093828988e-06	-2.3766034132677305e-05	-9.972415904258014e-05
1051232879.8387386	0.152770766755566	0.07366782566532493	-0.07110715517774224	-2.259546181448968e-05	-3.125238663415075e-05	-9.639462814448052e-05
1051233161.1782459	0.14455345645546913	0.06395267881453037	-0.09749507857486606	-3.642494766609161e-05	-3.805429719250242e-05	-9.065709764399799e-05
1051233440.4297988	0.1325585686136037	0.05249260226264596	-0.12172210589051247	-4.953308143740287e-05	-4.39972844787917e-05	-8.257118452092982e-05
1051233716.9843546	0.11711796396411955	0.03960731392726302	-0.1431040158495307	-6.155575806587876e-05	-4.891279320418107e-05	-7.234320332827338e-05
1051233989.8036952	0.09889177419245243	0.025739775272086263	-0.1612934668082744	-7.22680533726816e-05	-5.274904708585382e-05	-6.037555635884928e-05
1051234256.7522401	0.078419279307127	0.011302972678095102	-0.17573824664577842	-8.133597316373198e-05	-5.538031888363548e-05	-4.7009253648866434e-05
1051234433.979159	0.06356622604653239	0.0013879244215786457	-0.18328210315667093	-8.644921615541534e-05	-5.646122490787775e-05	-3.735662699000386e-05
1051234673.924172	0.04214562615379691	-0.012245191261172295	-0.19066355167888105	-9.20864974318647e-05	-5.703172583082505e-05	-2.3452310415450484e-05
1051234940.5541623	0.01699882047250867	-0.02739894948899746	-0.19486017173039727	-9.646979717103932e-05	-5.642802994998419e-05	-7.1406136612495175e-06
1051235133.814299	-0.0018339990638196468	-0.03820753190666437	-0.19516548843239434	-9.831706948659757e-05	-5.516311603059876e-05	5.0407693379384e-06
1051235352.8106109	-0.023448612075299025	-0.05002965498715639	-0.19245405157562345	-9.888416124681498e-05	-5.2829204378213035e-05	1.8998475752596278e-05
1051235634.0302838	-0.051067744847387075	-0.06429447839036584	-0.1845700116828084	-9.734617935919232e-05	-4.855391080127447e-05	3.6841203154835966e-05
1051235913.3744256	-0.07769233640283346	-0.07706259377300739	-0.17180697177536786	-9.320245305843855e-05	-4.2924714762193616e-05	5.3982539611752145e-05
1051236190.7931225	-0.10269863717257977	-0.08807055559009314	-0.15465134079568088	-8.662912193813099e-05	-3.612116404383414e-05	7.00075709119119e-05
1051236466.1868263	-0.12538824463263154	-0.09697686892468482	-0.13340340787544847	-7.771319997118553e-05	-2.8284241466280946e-05	8.443674869340612e-05
1051236739.3361416	-0.14519944740459323	-0.10357589781051502	-0.10866719577461481	-6.671415439996053e-05	-1.9634389786915563e-05	9.689017190339655e-05
1051237009.7994229	-0.16160842939279974	-0.10769502559560351	-0.08110653283074498	-5.3935427331452956e-05	-1.0411975040369725e-05	0.00010701517794586834
1051237164.2310427	-0.16926979506388307	-0.10884713809355162	-0.06418860610574484	-4.5892310481576715e-05	-4.944292754771595e-06	0.00011161789893776586
1051237425.6672189	-0.17933433409780264	-0.10888136373250745	-0.03419489413499832	-3.129879792140855e-05	4.495376401791873e-06	0.00011744318021555955
1051237681.3513663	-0.18550254381261766	-0.1066018285928294	-0.0037306267768144608	-1.613291942703654e-05	1.376209263526107e-05	0.000120644180796603
1051237908.3458302	-0.18749924028816167	-0.10251038207206875	0.023743508383631706	-2.1853086309420178e-06	2.1819304038217524e-05	0.00012114528857409823
1051238108.0682242	-0.18671453749993816	-0.09747405012603849	0.04784150002524257	1.0238718687105575e-05	2.8671985091932584e-05	0.00011988797933781825
1051238384.2580446	-0.1814947755774483	-0.08830125269014388	0.0803676787763834	2.7341666054780944e-05	3.758225398087234e-05	0.0001154096239588398
1051238658.5122364	-0.17171628680080175	-0.0768810675945133	0.11102995881810784	4.3793698750960175e-05	4.55548829449981e-05	0.00010795826369758288
1051238931.3404092	-0.15766834001988173	-0.06350884423591197	0.13914440898224711	5.920838339079637e-05	5.241402982392174e-05	9.776892693480477e-05
1051239202.3480568	-0.13968141097575426	-0.048522094963118434	0.16392919793725014	7.31513146092766e-05	5.7963492054113885e-05	8.511352120876836e-05
1051239470.7398647	-0.1184135815128684	-0.03239527973346412	0.1848654195200652	8.53111865808387e-05	6.211568631897535e-05	7.046534824439732e-05
1051239734.723053	-0.09450542088598013	-0.015620189253240824	0.20129064214415848	9.531001273899165e-05	6.474443600268387e-05	5.429494422060088e-05
1051239989.1936059	-0.0692416150122881	0.0010248583275824785	0.21296866633929312	0.00010295377478541923	6.590299609499084e-05	3.7463659509739955e-05
1051240197.9657313	-0.047248849645256996	0.014792574103921652	0.21934167889412493	0.00010766371713089029	6.583764454148877e-05	2.300003598065814e-05
1051240464.4298782	-0.018019191920757294	0.03216589265502989	0.2229549276889884	0.00011146285629592967	6.438580166445718e-05	3.985231160186231e-06
1051240683.9771936	0.006614990066736937	0.04608197812922299	0.22218820586567745	0.0001127377279974695	6.210078413459996e-05	-1.1837615829790593e-05
1051240870.9418693	0.027672525495290756	0.057424829341471195	0.21862978162243962	0.00011237297823640802	5.934462598133905e-05	-2.521927967791271e-05
1051241153.1944253	0.05903793592005968	0.07344979234039783	0.20875856024213135	0.00010955132268009038	5.397034180987248e-05	-4.498539396990964e-05
1051241434.5414002	0.08907446451485157	0.08766647754237056	0.19337435136549175	0.00010390974887286575	4.719580692835734e-05	-6.365145259223937e-05
1051241715.0832082	0.11711562564596534	0.09981109877116978	0.1730898863170296	9.57241275045817e-05	3.9250306372196064e-05	-8.084030059762881e-05
1051241994.5636871	0.14237756724469364	0.10950746561866254	0.14827941823750734	8.513737316206971e-05	3.0304043775686296e-05	-9.608651021153491e-05
1051242272.5675234	0.16433075303211808	0.1166039202362299	0.11973400134593248	7.250663225022436e-05	2.061435293398972e-05	-0.0001091092789238246
1051242548.4039514	0.1823955497238785	0.12090573797468096	0.08816869184374809	5.8141593626714894e-05	1.0419494174129795e-05	-0.00011958574930304167
1051242819.8843856	0.1961535436566919	0.12237625627312809	0.054645342752337456	4.252735357113124e-05	3.68797827832168e-08	-0.0001273031896289467
1051243043.2977798	0.20413343037944287	0.1214204074931331	0.025701602920889854	2.8792400371457916e-05	-8.60683474002144e-06	-0.0001315221290667523
1051243230.1810542	0.2084068354452029	0.11914001178229228	0.0009134416468441486	1.684661674516974e-05	-1.581007575168769e-05	-0.0001335397111859038
1051243463.1721373	0.21062464394526614	0.114461655379273	-0.03030599933117628	1.5525365597568452e-06	-2.4649535362186725e-05	-0.00013411244449912374
1051243650.1306771	0.20971319708041847	0.10918609821237624	-0.055280407425016165	-1.0888312090173713e-05	-3.151955513658322e-05	-0.0001328957649207041
1051243934.2040564	0.20392406603787094	0.098808673908934	-0.09242624510079622	-2.9799959747833782e-05	-4.1441453845436627e-05	-0.00012830794310048077
1051244215.602382	0.19299719156697392	0.08589099138043821	-0.12751043448224664	-4.813388909497007e-05	-5.042833026891458e-05	-0.00012054143837758602
1051244494.9259439	0.1771324414294213	0.0707003662828356	-0.15972825000062585	-6.548718192789238e-05	-5.827377754030749e-05	-0.00010972016070809332
1051244771.5753232	0.15682288096286356	0.053670295746997	-0.18828120362013578	-8.143098557411577e-05	-6.479122339442256e-05	-9.614993632567348e-05
1051245044.5336759	0.13267344562336802	0.03528694366104901	-0.21242957934737206	-9.554561415825447e-05	-6.981280330364825e-05	-8.020737436709169e-05
1051245311.7195709	0.10549983661621809	0.016151176299899817	-0.23146313452161849	-0.00010739802394255094	-7.318975056591626e-05	-6.240941775104147e-05
1051245503.2158515	0.0842658057808876	0.0019866088405251503	-0.24219506897497922	-0.00011460063262802578	-7.466633473995898e-05	-4.857094199905987e-05
1051245739.72977	0.05630197422578931	-0.01576883834786713	-0.25161017570644617	-0.00012174113527407826	-7.528164015013772e-05	-3.039530201931484e-05
1051246006.458603	0.02305385423824191	-0.035752856405451894	-0.25688733186689205	-0.00012727320518024499	-7.433333004769338e-05	-8.829699709167471e-06
1051246202.8066304	-0.0021797604858875275	-0.05019392794929445	-0.2570807093870826	-0.00012954708562418205	-7.252531798940254e-05	7.482960882043699e-06
1051246417.6258535	-0.03010458406060934	-0.06545619806274772	-0.2535187404137105	-0.00013014915521125658	-6.943891912669642e-05	2.549755390646169e-05
1051246440.0	-0.03301605023443699	-0.06700555048882961	-0.25292728119529784	-0.0001300998518729557	-6.905368718435057e-05	2.7372959038984845e-05
