988189456.8678	20195417.86747651	-5093326.662972416	20265584.728258893	-3100.923535942103	1198.343172552375	-3574.8476495396267
988189466.8678	20164408.3363724	-5081343.15667981	20229835.955013912	-3100.9827192326707	1198.3580925926913	-3574.9070316590482
988189506.8678	20040364.262529407	-5033407.633519051	20086834.894682065	-3101.221529788544	1198.4181724209898	-3575.1465065029206
988189666.8678	19544090.390387893	-4841641.117346693	19514732.94398937	-3102.2112668598156	1198.665056764498	-3576.1366456077503
988190306.8678	17557261.774885923	-4074152.6319529754	17224602.32269457	-3106.8163945295373	1199.769591279799	-3580.69448032364
988191350.1207668	14310892.159860715	-2821347.5813843603	13484021.448951032	-3117.590956474986	1202.0796541205	-3591.0533175453625
988191987.1421598	12321928.50090382	-2055037.1697806795	11193658.155395888	-3127.5779413197824	1203.8954383313876	-3600.292906079956
988192510.4473139	10682372.264794372	-1424584.0293194798	9307026.517014826	-3139.257309989777	1205.6460963326872	-3610.6834243609555
988193048.6881752	8988262.74136523	-775133.4596343926	7359823.255550932	-3157.0031147621844	1207.5885687410214	-3625.6726490027168
988193358.1604785	8009100.313021821	-401257.9511183222	6236040.110490805	-3171.6629810425234	1208.5851349076795	-3637.37871542447
988193507.8431482	7533709.901954683	-220325.74614073386	5691088.43858193	-3180.5468501388527	1208.9370402251593	-3644.192198270759
988193778.8479935	6669148.4297984615	107339.37495250918	4701560.769234962	-3200.9412317352017	1209.0655421298075	-3659.077829526785
988194002.772262	5949942.025226493	378000.9933939413	3880528.302429615	-3223.852672275307	1208.1470793732606	-3674.618153668874
988194226.4286507	5225587.312202294	647933.6052092984	3056585.314017567	-3255.3014781096012	1205.1861338984165	-3694.0575248190407
988194425.2514156	4574682.718537126	887011.3897203655	2320066.405011494	-3294.4840630527215	1198.9421000709501	-3715.4347708566784
988194586.941892	4038630.481505997	1080134.8354163046	1717699.828371588	-3338.2972845699383	1188.8221581178952	-3735.8471351635153
988194717.9729995	3598272.426620505	1235048.8736084648	1227019.669914644	-3385.104061821017	1174.5235305253543	-3753.774341874663
988194826.2584262	3229169.7397182356	1361293.8587987553	819745.1965025915	-3433.7915718720556	1155.908643578383	-3768.2588929055187
988194918.5229064	2910112.77501292	1466938.7643405925	471567.00553498836	-3483.7004690399494	1132.8252842385912	-3778.654811712166
988194999.9288391	2624495.0712752994	1558078.7189362806	163699.30425411093	-3534.439056698932	1105.008863239163	-3784.384571637055
988195074.5338272	2358917.8081742614	1639334.2691146992	-118684.36990727426	-3585.7783489172907	1071.9895603458658	-3784.759929597972
988195142.3455046	2114099.511561499	1710813.4213473422	-375184.7761549691	-3634.9952553652815	1035.0628773747687	-3779.2537752640474
988195215.30859	1846933.7356027155	1784665.8783884705	-650480.1960066009	-3688.07057965845	988.1517875385911	-3765.4283063647927
988195289.2575792	1572309.9777303406	1855785.5947913462	-928126.4304161146	-3738.408728808608	934.5100822049399	-3742.1358230826713
988195361.6816229	1299974.6581314167	1921458.2918212193	-1198058.1400759744	-3780.771119804486	878.8098815103446	-3710.7875876967855
988195433.7072096	1026418.6363535216	1982758.7492446068	-1464007.7893559455	-3813.6567393626965	823.7022364692905	-3673.2480643548274
988195504.6755033	754909.2745727767	2039378.4001732026	-1723270.1657259243	-3836.329012350729	772.6730731837903	-3632.863181100866
988195577.4274122	475246.6292741319	2093849.730920236	-1986036.1916311681	-3850.364952009474	725.8104591332926	-3590.870909462437
988195645.0066254	214799.55299475172	2141591.069851192	-2227424.0185994655	-3856.5886744131185	688.0308903432613	-3553.3369956859915
988195711.6781586	-42391.73226817312	2186372.37056059	-2463165.0153991384	-3857.916098565062	656.1791993520997	-3518.858909266261
988195780.4240758	-307550.78165935236	2230502.5288670724	-2703941.288422436	-3855.777635393291	628.5049010320712	-3486.5231035046077
988195853.1993084	-587993.9547608303	2275328.1666551796	-2956539.906254497	-3850.992564428666	604.1682157497565	-3455.98749342537
988195931.8067116	-890448.7046254382	2321945.0775806247	-3227043.1623003692	-3844.1214103868724	582.6435491122132	-3427.0725029191613
988196018.216005	-1222251.9139702905	2371435.6392133804	-3521958.967123187	-3835.5798399123596	563.5549665651517	-3399.6603500819833
988196114.8334724	-1592358.1797439996	2425033.5250914264	-3849132.9716366106	-3825.6857350355667	546.6053944975732	-3373.6503059563966
988196224.8466157	-2012623.6749072783	2484303.2679621163	-4218876.422350363	-3814.678952413439	531.5423882466791	-3348.934892124784
988196353.0541543	-2500915.1640580897	2551550.2492803168	-4646669.74964691	-3802.702252944748	518.1148513779589	-3325.3379417388765
988196507.5819651	-3087516.7292357287	2630633.2265500445	-5158697.857006477	-3789.7558105399526	506.04842008380194	-3302.5543279805906
988196696.352825	-3801588.7784696664	2725097.107692927	-5779984.184263833	-3776.1136160875394	495.3854323434198	-3280.8292175223482
988196910.2918096	-4608018.713237845	2830107.826974185	-6479768.285207933	-3763.16927149628	486.7927749815582	-3261.911982381618
988197155.7170126	-5530047.484502099	2948672.6000446943	-7278196.323448945	-3750.973521513779	479.80930740832434	-3245.3262476262403
988197430.602241	-6559558.625012918	3079759.8580173943	-8168253.372322685	-3739.9015199837013	474.2657485237299	-3231.154864654903
988197745.6640897	-7736193.90143457	3228431.447148894	-9184227.341566836	-3729.7137922562188	469.7530528809288	-3218.769625316477
988198111.007524	-9097039.210322782	3399336.3412123416	-10358099.202143546	-3720.3320779573346	466.0456378224777	-3207.862977409428
988198538.5363742	-10685669.583001636	3597891.8249109993	-11727395.5914855	-3711.710423929566	462.9853056335849	-3198.225694276024
988199042.2168568	-12553113.86586252	3830413.519853079	-13336030.82495053	-3703.8234777814996	460.45554858340853	-3189.70982468304
988199640.213757	-14765743.016603263	4105100.2701658793	-15241104.943522802	-3696.636054283329	458.3607519530293	-3182.183554660573
988200354.5532523	-17403960.61194041	4431867.980573896	-17511772.240903463	-3690.1232367886405	456.6267760417042	-3175.5463859201955
988201214.2222346	-20573596.513390627	4823759.836235015	-20239046.487537388	-3684.249648456401	455.19075295772325	-3169.702799546717
988202254.8769914	-24404750.3732389	5296798.743955902	-23534800.75440635	-3678.9876971756175	454.0031203380062	-3164.577707545997
988203524.2656487	-29071680.692610066	5872441.002011322	-27548874.699233063	-3674.2987726709166	453.0208732208513	-3160.095352782472
988205083.1775888	-34796173.965773225	6577986.083337157	-32471965.96668421	-3670.148643957856	452.20954827684363	-3156.192647092003
988207012.5370264	-41873484.34622345	7449770.8523228215	-38557935.24972265	-3666.498700970917	451.53993881497996	-3152.8091852134426
988209419.0231693	-50692794.85497114	8535685.12070296	-46141396.02436326	-3663.3111731407466	450.98807721254394	-3149.890997638277
988212447.5903944	-61782926.98388767	9900795.686123881	-55677014.25441337	-3660.5461578756585	450.53377000255574	-3147.3867727265224
988216291.2534736	-75847958.73807436	11631726.189559348	-67770128.86773169	-3658.167112335762	450.16074501543244	-3145.2519903000953
988218256.8678	-83037580.36773421	12516427.710970871	-73951656.51081757	-3657.2537052618395	450.0218679806481	-3144.4371956234354
