1051160040.0	-680115.5851790947	187293.02177610213	3022637.345486988	1513.6310065311943	917.5378347659666	280.9958482782914
1051160050.0	-664968.1200805164	196465.24926358694	3025397.3103770628	1515.8536846312495	916.9026126130243	270.995569212228
1051160090.0	-604163.5002290563	233086.0953960044	3035435.793892345	1524.2435507581515	914.0590358408929	230.90589263727136
1051160188.4228617	-453256.0011420578	322628.90919569717	3053288.6615407276	1541.452336606582	905.0087597912825	131.77341790285837
1051160302.4923599	-276574.40570405166	425094.7735168546	3061740.5082640545	1555.2267218193817	890.8990625781279	16.359200660023685
1051160420.3552368	-92775.57436718346	529042.3642579414	3056634.6203198023	1562.4390560723289	872.2997530351602	-102.96715422810102
1051160562.2789208	129035.75464453916	650944.6401033225	3031859.652934768	1561.6105463358	844.6051877431524	-245.96646203476118
1051160718.1008615	371528.5907959239	779767.0041705812	2981418.554274834	1548.7448291110006	807.7480991802873	-401.0114459202015
1051160873.6877929	610690.2221371805	902159.4744692898	2907187.2848958923	1523.5245766157782	764.5081637267261	-552.54875323593
1051161029.047101	844641.214215528	1017184.0748890721	2809872.881399454	1486.221435747419	715.270923754724	-699.3673206834645
1051161184.206022	1071588.1207908585	1123982.6073750923	2690343.6829016544	1437.1981382032334	660.4609336059461	-840.3241292590997
1051161339.0722722	1289639.641143169	1221693.231046085	2549742.437011585	1376.9560375846102	600.5902774157374	-974.2318489657779
1051161493.5886588	1497062.0123549986	1309576.4634256037	2389382.3807186997	1306.0948838443474	536.2049185533441	-1100.0200859675538
1051161647.8337135	1692410.47382498	1387059.09510861	2210583.6990731442	1225.2355651525884	467.82600760936384	-1216.812091409866
1051161801.6621046	1874076.5737638806	1453548.7727005808	2015057.087242642	1135.1909446576333	396.09916128812154	-1323.6527458043515
1051161954.8786482	2040581.7280322914	1508573.6661439333	1804757.1708833354	1036.9052923040936	321.72502368265356	-1419.6917678476693
1051162107.2617533	2190645.0115312077	1551812.341665974	1581836.1724976841	931.4328592135071	245.43913069434268	-1504.2252760242684
1051162258.5390285	2323196.3519332292	1583102.7699522087	1348651.7038137699	819.9410538539802	168.01204544595583	-1576.7046234416046
1051162407.5123414	2436804.2139148084	1602382.4199769343	1109168.831900092	704.3898224525385	90.69227723062396	-1636.4465474126569
1051162551.7339462	2530042.2868225975	1610032.7769529654	869670.8405627267	587.9049233694967	15.36602858095986	-1682.9132676916952
1051162675.8787211	2596642.590506775	1607915.1433210736	658743.8378772973	484.62539745985356	-49.44706051210104	-1713.7404031332703
1051162829.332156	2661020.4728219933	1594211.2024087016	393585.89771143685	353.9470303874165	-129.01480539911196	-1739.925588671885
1051162980.265649	2704590.2739630835	1568900.7281318377	129846.25604890886	223.0886279872641	-206.13415123946942	-1752.7030430226885
1051163122.9117886	2727513.511472933	1534388.0898620246	-120322.24437997886	98.18360384539164	-277.4653251665188	-1752.9175260155257
1051163263.8282374	2732630.0065537523	1490435.4119911892	-366689.13151668565	-25.55744083532308	-345.9880327458267	-1741.8618118114189
1051163392.8781407	2722036.577834987	1441846.614084097	-590294.924598128	-138.50536660903362	-406.67841408216975	-1722.0163644079812
1051163551.8297458	2689049.0302151316	1371466.9040326788	-861253.6915884062	-276.2193449133971	-478.2423540188438	-1685.0235799035688
1051163710.6868297	2634401.255744269	1290077.591416252	-1125099.3608813975	-411.272799187918	-545.7265061481763	-1634.564670779671
1051163869.5411777	2558576.375742205	1198324.77434792	-1379884.622588902	-542.6795255784597	-608.6550582309776	-1571.0961634335554
1051164028.4298329	2462211.6849124013	1096946.2149556193	-1623642.7100158902	-669.4424196921705	-666.5641731198729	-1495.1702804072172
1051164187.2821634	2346170.9408620107	986821.530667935	-1854340.4711474613	-790.5259702987231	-718.9953558100268	-1407.4826291009422
1051164346.0825396	2211453.1952397805	868867.6832948233	-2070154.1948559843	-904.9978535505238	-765.5618788990574	-1308.7965683870962
1051164504.7490853	2059272.1450243667	744113.8062887662	-2269314.391245764	-1011.9460924361152	-805.9127061660071	-1200.0021451110006
1051164663.2194016	1890982.23283893	613631.5299647745	-2450250.3321862384	-1110.5534867801057	-839.7642730951476	-1082.0598538488557
1051164821.447417	1708055.4259197179	478521.4845837489	-2611591.3540537152	-1200.0977805869375	-866.8977221460866	-955.9856141325859
1051164979.3186171	1512165.1844461502	339974.2440697821	-2752098.485667101	-1279.9117768520277	-887.1471140560859	-822.9085100749057
1051165136.6287992	1305221.5240185333	199282.42457963838	-2870706.1094316025	-1349.4006941292914	-900.4132140557605	-684.0912271819392
1051165293.0852984	1089370.2543449476	57826.0925675205	-2966596.452129448	-1408.0775782537464	-906.6829709632594	-540.9262383695137
1051165436.4948182	884152.5683685706	-72245.6575952196	-3034541.5250685485	-1452.364828287442	-906.3357839083247	-406.1488931120208
1051165590.6540774	657251.5270054974	-211522.94837782168	-3085801.127092122	-1489.5326777195592	-899.4744159521102	-258.4740282317074
1051165740.7952913	431559.5451904699	-345666.99090603594	-3113692.848112955	-1515.0982277469873	-886.3831952240123	-112.85482295980188
1051165882.826049	215234.78692062406	-470339.21319897455	-3119890.868656774	-1529.4702568504724	-868.2623170578686	25.622014632281164
1051166010.7114165	19253.742827088856	-580081.4640563795	-3108643.838603351	-1534.1740164262642	-847.266822005176	150.19793071069412
1051166134.5832199	-170682.70420498907	-683560.085518601	-3082598.349064629	-1531.2625185110585	-822.8023724267957	270.1628164554528
1051166295.4865923	-416048.08014386275	-813009.7202021878	-3026712.24429585	-1516.527130440862	-785.1452609403755	424.037875592367
1051166455.862911	-657267.4576525516	-935492.4179187506	-2946621.052741634	-1489.619503679707	-741.2663852456701	574.1039414708728
1051166615.8660134	-892663.724506695	-1050193.8046322668	-2843074.8463415513	-1450.8043703913995	-691.507075905351	719.3596861821618
1051166775.4238386	-1120287.160673341	-1156196.8537856075	-2717102.5380803696	-1400.4649743828886	-636.3078717458277	858.6374890377812
1051166934.4695884	-1338289.533307369	-1252680.2909964449	-2569932.1957074404	-1339.0845721910239	-576.1535318817921	990.8371993986736
1051167092.957699	-1544962.272494425	-1338933.3492594685	-2402954.0501314555	-1267.2315468230538	-511.560387448557	1114.9480017267992
1051167250.7627177	-1738625.6425554957	-1414310.4359801062	-2217814.926869084	-1185.6019261142803	-443.11329434064595	1229.9816708295148
1051167407.7560323	-1917763.0238098071	-1478292.9519770187	-2016340.2123909246	-1094.9895258636084	-371.4330221191739	1335.0545274337123
1051167563.6968819	-2080932.8508204154	-1530463.6707229086	-1800663.6443614347	-996.347579964745	-297.2209185061993	1429.337515349229
1051167718.3204743	-2226922.34091956	-1570572.293194604	-1573110.512646197	-890.7407680793027	-221.213777779997	1512.149657857832
1051167870.966427	-2354490.3770296723	-1598493.4543658388	-1336749.28975817	-779.608609146636	-144.3603570690115	1582.820252459162
1051168020.4039413	-2462493.497560695	-1614365.5585404187	-1095744.0383224427	-664.9518222814238	-67.90908170153567	1640.7871123954876
1051168162.6362593	-2549028.2478650585	-1618809.714310296	-859084.6798170154	-551.1588054513714	5.478498012695226	1685.222826146771
1051168276.4262879	-2606427.7623505923	-1614838.9256666128	-665676.2932494744	-457.331513439666	64.30661059672346	1713.0018775514327
1051168430.7815301	-2666989.6088827043	-1598769.734950388	-399060.9836624178	-326.8220489701706	143.80394698350045	1739.375512203829
1051168581.4982748	-2706465.926442617	-1571297.5401500987	-135771.24165504827	-196.6543449903724	220.55893367086034	1752.3373986667016
1051168726.9013387	-2725823.331257084	-1533922.973200272	119196.38521803379	-69.40388263361358	293.2593289035941	1752.7164877800005
1051168862.440847	-2727147.1071361797	-1489673.0818515043	356169.79536541883	49.92242714564464	359.38571075673616	1742.2928446208643
1051169006.978049	-2710734.4601569395	-1432761.8140055744	606507.9173635431	177.1028764913596	427.6922199319732	1719.741514810336
1051169165.0319109	-2671815.817934334	-1359463.0568603135	875495.7817654408	315.0918940290615	499.2256461449369	1681.6930078067614
1051169322.6397165	-2611450.432123909	-1275410.3407689575	1136652.725355865	450.4637699389868	566.6879372468061	1630.0662450849547
1051169479.8032845	-2530257.0193314827	-1181346.8637785895	1387923.6574999427	582.1249201644824	629.5456266646269	1565.3372599325312
1051169636.5761074	-2428981.2792794625	-1078054.5636383416	1627430.898514438	709.0602960094088	687.3251226600939	1488.0614571785022
1051169792.8866444	-2308602.844243644	-966463.6036926551	1853219.1383440318	830.1992815802865	739.5517628000216	1398.955787458488
1051169948.8041697	-2170149.426365524	-847467.2584993463	2063671.6155957691	944.6378933337036	785.8499651396415	1298.7582776137592
1051170104.2022653	-2014959.3933798738	-722158.5912753324	2257053.098551351	1051.3935923260667	825.8398712468161	1188.4207997225574
1051170259.1339117	-1844340.2635945573	-591536.2574941877	2432032.6210178495	1149.6904479901666	859.2531278555011	1068.8615974055133
1051170413.5440968	-1659820.4400262826	-456717.40251864644	2587319.107095759	1238.7613327086276	885.8543354076209	941.1462692391974
1051170567.252033	-1463206.2194747615	-318958.43819928076	2721723.4038967635	1317.8771975498578	905.4641615351193	806.5215643839887
1051170720.2756282	-1256154.6771358075	-179351.63464280093	2834472.163807237	1386.5310152466072	918.0084949860086	666.1211783872552
1051170872.4373987	-1040650.3827274019	-39161.31668000242	2924870.536037689	1444.2409515676939	923.4679783071176	521.2918349126742
1051171006.9378185	-843485.6915937504	85037.26669141122	2986175.607689093	1486.1112313657295	922.4265321352727	389.83980511877394
1051171156.6698939	-618119.242070373	222667.45820904308	3033413.7715700334	1522.2963705953746	914.7919050810683	240.72976986875358
1051171302.3512232	-394440.8327243391	354998.4457945414	3057802.157021812	1546.700481328917	900.8651157059162	93.88718088441831
1051171438.8939908	-182251.03686458	476785.0106370027	3061183.8424309767	1559.7381642304779	882.0789855524961	-44.381105723406364
1051171575.7836475	31606.150072392116	595931.9400670247	3045631.4983352995	1563.1687373927675	857.7968964586577	-182.72421251375823
1051171705.0240425	233359.09341895822	705048.0522992034	3013628.311609904	1557.5299767454394	830.0039447529006	-312.2938384216693
1051171860.7500827	474651.3371009939	831306.7265667527	2952985.523864987	1539.3350365146573	790.4657321922369	-466.01435848832824
1051172016.1950533	711725.1259490803	950703.8728165573	2868858.1165390997	1508.9000796839014	744.7165794151499	-615.6578174796981
1051172171.4553303	942860.4244115949	1062398.0163120737	2761983.9481554306	1466.5232600125255	693.1360156070749	-760.119582928678
1051172326.4965488	1166200.369699741	1165515.1558865244	2633341.4717755886	1412.6223568868388	636.1854910972947	-898.2228365652775
1051172481.2378341	1379910.875106685	1259238.9021901207	2484144.618729525	1347.7400332998313	574.3915415346675	-1028.8231737050237
1051172635.6883771	1582389.3002340014	1342902.4744686156	2315699.7263917616	1272.4810660953829	508.2856100206045	-1150.9370585531783
1051172789.8226291	1772098.3573017395	1415910.2459052585	2129491.924394884	1187.5468579584162	438.44321557429873	-1263.6391633686333
1051172943.4304043	1947428.3682677126	1477698.674601521	1927393.938204266	1093.833510080162	365.55452235601047	-1365.9853953148688
1051173096.3576207	2107041.503686168	1527878.8448729266	1711381.3641843006	992.3034617821726	290.3116621886936	-1457.220831500235
1051173248.2666434	2249651.975426647	1566168.8341757536	1483837.9655059255	884.1278555337683	213.51374098562536	-1536.6544668871902
1051173398.79802	2374268.501513229	1592487.783825444	1247321.750777597	770.5784513428864	135.97789541452894	-1603.8030321050107
1051173546.2299788	2479347.660589561	1606883.5379372607	1006733.7644763655	654.0808103560311	59.22069816323226	-1657.9673907284202
1051173686.6733568	2563171.8245040346	1610048.9940358063	770904.934775756	539.0288083764553	-14.141100162396333	-1698.5710514807085
1051173814.7526484	2625336.173803588	1603962.2334652785	551494.9968410055	431.2924591820627	-80.84158262709262	-1726.0579706704225
1051173967.8581896	2681337.085932178	1585525.785176571	285468.30600528436	299.8310229573572	-159.80750340771115	-1746.8114109088488
1051174086.463063	2710785.8851943244	1562989.8505373995	77796.54501278195	196.60026591109286	-220.0464715300728	-1753.7693686058913
1051174225.3969458	2729647.721709611	1527595.5684132848	-165850.3457875808	74.8271315495688	-289.17593093867845	-1751.7911783165814
1051174363.1225892	2731625.4778794367	1483157.742998656	-406365.2143411999	-46.0761936460631	-355.78042357192413	-1739.1039276187696
1051174505.5242301	2716193.5943392986	1427732.3884897735	-652425.2656488514	-170.49549590272613	-422.20879684932225	-1714.8908350030765
1051174664.4145129	2678177.793960404	1354980.3227513975	-921901.2152056991	-307.63976412129506	-492.8965539142436	-1674.8168115788917
1051174823.2973212	2618584.755468548	1271323.4216330615	-1183928.0563632932	-441.9506475926311	-559.4325995195279	-1621.3563014421131
1051174982.1815839	2537946.0501362877	1177457.7282762981	-1436431.7961247936	-572.3780502965826	-621.3114170683344	-1555.0026771051387
1051175141.0680493	2436959.1282058717	1074160.2415732883	-1677410.5728777724	-697.9063585584062	-678.0656020558349	-1476.3467462549775
1051175299.9197407	2316509.634369439	962306.1356866898	-1904911.0290823167	-817.5407176941188	-729.2607469854537	-1386.0911416059255
1051175458.6842015	2177663.8459010688	842852.8556006276	-2117089.5175937917	-930.3369772401928	-774.5107290518379	-1285.040833348676
1051175617.301433	2021656.6430822273	716826.8000558564	-2312246.197521752	-1035.4179872741192	-813.485024880728	-1174.0926738900787
1051175775.7155318	1849867.3242671539	585303.3676533613	-2488857.54274637	-1131.9895062456844	-845.9144221553025	-1054.2176406150584
1051175933.8423982	1663840.4332964814	449422.3604017575	-2645557.853450713	-1219.328356519249	-871.5869608424695	-926.4751415557556
1051176091.5513213	1465302.9526629546	310394.85444294877	-2781154.8773011295	-1296.7877363969453	-890.3529147180136	-792.0233553707945
1051176248.6526357	1256175.295994162	169502.88282628165	-2894664.711935724	-1363.812405859737	-902.1345239757317	-652.1249031690325
1051176404.8555163	1038620.3704695449	28121.75249334808	-2985341.987041354	-1419.9496005901947	-906.9380204046225	-508.17752592256437
1051176538.2786447	846451.3670276757	-92849.29416964656	-3044767.4363729195	-1459.3053689864116	-905.5660470289246	-382.2036283196025
1051176692.5514498	618451.5798556176	-232033.69530437113	-3092329.251156456	-1494.6598992110767	-897.7101849972674	-234.01945843750426
1051176841.8210425	393450.2890163087	-365070.9227310712	-3116453.152212124	-1518.2874423730273	-883.7665799515441	-89.02450828496029
1051176981.080206	181035.7610340631	-486913.5144923039	-3119394.033434063	-1530.808868411355	-865.21900943176	46.80949278959908
1051177121.978301	-34991.98697468446	-607185.97189526	-3103128.26286564	-1534.0460659439186	-841.1247812204906	183.96249230332734
1051177257.553788	-242673.01774324157	-719370.0160300592	-3069295.545181699	-1528.1830314155334	-813.013082063254	314.9044949035254
1051177418.4038123	-487171.4410967291	-847060.2779954738	-3006294.903866548	-1509.8448118587742	-773.6064280012774	467.9308385024138
1051177578.6676078	-726867.0572490833	-967475.408126901	-2919320.4079094827	-1479.410292015921	-728.0924660114715	616.7564034703989
1051177738.5619676	-960195.0446454935	-1079868.925584388	-2809145.2551402044	-1437.1602490256514	-676.8072962635875	760.4503349915927
1051177898.0078044	-1185217.3154377008	-1183340.2484644745	-2676855.067088887	-1383.5057645463123	-620.2047079460025	897.8524156763002
1051178056.9127365	-1400078.8570684833	-1277077.486626229	-2523754.006703012	-1318.9670249491126	-558.7900478700892	1027.8587808843104
1051178215.205765	-1603076.134458746	-1360387.2696556665	-2351316.0426848643	-1244.154267783302	-493.10165397411765	1149.4626323772577
1051178372.850559	-1792683.3066509021	-1432700.3746395572	-2161135.5917917513	-1159.746195729606	-423.6958535663755	1261.7684649663786
1051178529.5987797	-1967288.7152120708	-1493477.577448473	-1955225.5003303979	-1066.625700582408	-351.2536409433605	1363.8375615768273
1051178685.1926845	-2125508.4694613516	-1542347.7055842408	-1735800.2687996891	-965.7908381657721	-276.493855903275	1454.8785228289469
1051178839.2868893	-2266148.107157514	-1579100.803707033	-1505355.7992449666	-858.3943352070888	-200.19951172464283	1534.2273407573998
1051178991.1735435	-2388065.1243674783	-1603689.301880919	-1267091.0747879983	-745.948817345532	-123.34767183037341	1601.2800577488933
1051179139.0342785	-2489922.6359574394	-1616328.6291922845	-1026185.3452340481	-630.955738445106	-47.48683075686963	1655.3954474197142
1051179277.2930657	-2569474.5445947107	-1617960.6963049879	-794412.344322656	-519.1856743395648	23.91577319042682	1695.6529400505
1051179416.4377995	-2633686.3530412363	-1609630.4013758895	-556253.1325005132	-403.24412718057255	95.78445046474053	1725.7748307017725
1051179569.2106375	-2685362.603951939	-1588998.8529841627	-290848.4670309797	-272.7910311434826	174.17311732786044	1746.5632407406229
1051179718.6707228	-2716447.391948054	-1557299.6663172836	-29075.380807634458	-142.86910526035916	249.78528570078603	1754.2561470584567
1051179842.8259677	-2727426.7324306224	-1522450.2165345557	188616.0616869559	-33.8866851933435	311.38725284339137	1751.0509741282208
1051179972.1607808	-2724443.279139465	-1478107.237220265	414373.7032566067	80.03946090464562	374.0331511256415	1738.4288043092984
1051180130.5258963	-2700737.671880316	-1412965.4686244025	687624.7886172605	219.19283808206856	448.11796582854214	1710.1225041019854
1051180288.4510629	-2655251.962428601	-1336586.108558966	954548.8304465372	356.5128820744336	518.5422224199013	1667.9655087984488
1051180445.9405295	-2588482.683461956	-1249651.4455608157	1213032.2079887239	490.8871408789738	584.7461129296499	1612.3534076179371
1051180602.964047	-2501115.4007575014	-1152945.0363574883	1460996.0641127792	621.2053741484002	646.1948502277608	1543.807809333913
1051180759.5768816	-2393949.429031827	-1047269.9825695007	1696601.5023244708	746.468537072039	702.4299169392217	1462.918318415049
1051180915.8164409	-2267925.6545723747	-933495.5278343406	1918087.005344565	865.7060941203742	753.0267945251836	1370.368666246903
1051181071.5592767	-2124269.8174396753	-812669.8960746803	2123604.1316949935	977.8856776462751	797.5625149041982	1267.0380793513314
1051181226.8431627	-1964219.6953782253	-685775.473537381	2311689.2103741206	1082.168376249668	835.723636122082	1153.8012982236348
1051181381.6794332	-1789146.4426261333	-553848.9774531322	2480993.8943872037	1177.766540605388	867.2423417667495	1031.6200862123392
1051181535.8661499	-1600791.9166483853	-418144.4362052665	2630139.718374381	1263.8578031125978	891.8777914305747	901.70458445933
1051181689.4300296	-1400744.5607794782	-279741.33211904694	2758208.6603144505	1339.8639905081213	909.5063525470287	765.1477175574212
1051181842.2243798	-1190893.4906877258	-139878.6439765452	2864347.207121753	1405.2260071350497	920.0523565324951	623.2393327829952
1051181932.9642789	-1061823.0851729535	-56241.79474846302	2916979.768294175	1438.9756998460948	922.9722638523376	536.5670275240969
1051182079.5243332	-847411.6203640881	79066.75403481637	2985178.501119835	1485.2187927680286	922.3959316043548	393.5284628238874
1051182228.881516	-622734.0375414183	216371.51251642828	3032879.8242147677	1521.530256987059	915.0847199487044	244.82406906685753
1051182374.6268928	-399051.58643869596	348825.0537893499	3057871.689432261	1546.1714605897937	901.4543702895454	97.92208825080287
1051182511.6713021	-186137.31966972494	471154.078099408	3061782.7772709294	1559.451599417409	882.8692317537107	-40.875388069608675
1051182646.5971442	24623.166403066338	588739.7316041947	3047057.715841129	1563.0755559381646	859.2250426932081	-177.28217815100587
1051182771.5723574	219738.57582290532	694510.7005661891	3017053.020350687	1558.0472538256881	832.7196107937614	-302.6772411224155
1051182927.3633324	461265.55124344485	821285.7682421192	2957861.8996439483	1540.5362176795566	793.6986982897135	-456.68242322585604
1051183082.8215793	698598.7863446808	941235.0706838536	2875155.1745787594	1510.773409696206	748.4512732944686	-606.6319317679254
1051183238.1049254	930110.0094336001	1053562.4627179885	2769637.703894359	1469.0454862240147	697.3381366349687	-751.4783587778649
1051183393.1185167	1153851.1222972542	1157348.0389147038	2642327.1184076197	1415.7860530227053	640.8392162476537	-889.9869296806612
1051183547.932534	1368196.6445643785	1251865.8705257617	2494293.0725960657	1351.4757125279873	579.4202707952987	-1021.1401137742073
1051183702.4453149	1571375.7549339738	1336366.6596595736	2326922.1259989734	1276.7520028555111	513.6501022654448	-1143.8486317184038
1051183856.5930012	1761800.2393353917	1410232.411923675	2141744.7481892705	1192.3373645263134	444.120920826919	-1257.1559123526686
1051184010.2458045	1937953.474543704	1472931.3757303027	1940532.7431266466	1099.0819160112521	371.485247263098	-1360.1718623443226
1051184163.3211849	2098551.336154785	1524080.440340476	1725142.7438665922	997.8909323301651	296.39645201514566	-1452.168815839301
1051184315.4379462	2242225.4788002158	1563354.5648537448	1497995.7842359964	889.9508074227635	219.67131414502725	-1532.4033222492183
1051184466.0291764	2367790.5165293673	1590619.2637979959	1261970.8236811685	776.6864474772359	142.23412726812117	-1600.2838396733575
1051184614.0377262	2474171.9396987185	1605981.715051556	1020895.0452192659	660.0034372094746	65.25850943689039	-1655.351856812856
1051184755.1780859	2559222.7471809667	1609992.4533965415	784205.4183607877	544.5811811217592	-8.429874173460195	-1696.7843240977877
1051184875.2139364	2618565.3720570793	1605225.140388753	578856.4635293982	443.8128487890424	-70.95138851844658	-1723.334834227175
1051185028.5667106	2676581.9536579326	1588259.7540093008	312710.77536935604	312.4018711023586	-150.13589250840533	-1745.4788575249981
1051185178.7191987	2713698.724291609	1559972.8236320533	49802.9208813205	181.73822392497286	-226.38086546490746	-1754.270221848253
1051185308.359765	2729896.8584409393	1526435.03378281	-177550.84703090208	68.08183625793563	-290.7595961807618	-1751.5953389851675
1051185444.9205742	2731008.2574978108	1482200.85148787	-415978.3073633222	-51.768478082909134	-356.7235542366244	-1738.5513171475466
1051185591.1711389	2714085.8300092733	1425014.7916834876	-668524.1117529008	-179.46539099827962	-424.83097186491585	-1713.0881767564113
1051185750.0812522	2674651.372876113	1351850.6011065647	-937683.277588591	-316.45331547088256	-495.3439714707136	-1672.2127521106686
1051185908.9851418	2613666.8295198344	1267808.6878576984	-1199268.9346383326	-450.54010794822227	-561.6886175011645	-1617.9743542177637
1051186067.9488618	2531640.8189005987	1173551.8883652848	-1451299.3874928565	-580.7242175135541	-623.3824964393086	-1550.8449755488493
1051186226.8443334	2429350.1702561677	1069937.2687817635	-1691574.0497874946	-705.8878375656776	-679.9105839976479	-1471.4762924591662
1051186385.6576551	2307697.8961096546	957837.0316004449	-1918194.3198509314	-825.0638236737003	-730.8545861603394	-1380.5772423883209
1051186544.4403148	2167678.2923227446	838136.0290541593	-2129470.956398924	-937.3895677099938	-775.8632599902332	-1278.8962398104
1051186703.1264946	2010522.2768191074	711859.2582059259	-2323687.5778405983	-1041.9805040533897	-814.6001043521949	-1167.3270816178376
1051186861.5630329	1837713.4241504367	580160.7251101787	-2499208.5986514557	-1137.981922754676	-846.7735651248857	-1046.9123640288253
1051187019.6753165	1650805.758603	444177.39178556897	-2654702.6319068675	-1224.6876786432686	-872.1804996148205	-918.7142318745375
1051187177.3882161	1451469.5303705656	305073.52868871967	-2789045.7751500667	-1301.488043429148	-890.6830342601526	-783.8496597752714
1051187334.4862506	1241661.8729629705	164153.32575952887	-2901241.16850621	-1367.819596065862	-902.2014075327913	-643.6046559865333
1051187490.4065834	1023938.7378594013	23038.29150581783	-2990423.1631204034	-1423.1499114512553	-906.7427473948392	-499.63409399517747
1051187620.9781784	835551.110844895	-95311.47293252478	-3047626.5685830032	-1461.1480496489658	-905.2476637823522	-376.18783271301106
1051187775.1289239	607489.9323431515	-234328.3081387592	-3094222.174128294	-1495.9549544124548	-897.285513338406	-227.9947635243166
1051187924.1086481	382773.58764286316	-367038.35486459936	-3117416.0004944354	-1519.0380321136138	-883.2716651130637	-83.19898342353349
1051188062.5665678	171513.50681730424	-488113.3971015596	-3119584.1366386707	-1531.053037029433	-864.7636522926878	51.89659655095009
1051188205.4510535	-47565.9718294072	-609987.5145922814	-3102222.7345888014	-1533.8424961174246	-840.2405954059004	190.992314196409
1051188347.0809453	-264429.45674318343	-726955.8498590725	-3065472.2903643833	-1526.9538866484695	-810.641624894613	327.71041934076146
1051188507.7349279	-508346.341516492	-854083.2039235368	-3000521.3534521726	-1507.550369046142	-770.9132309558469	480.3451729213485
1051188667.9560055	-747525.5790412294	-974007.7596962695	-2911606.8694407446	-1476.0601239817372	-725.0665403313169	628.8322161102801
1051188827.7977036	-980158.9444014401	-1085855.9569309806	-2799571.6638029884	-1432.7857880335519	-673.4775691254382	772.087160891279
1051188987.1514273	-1204276.1339485704	-1188715.7187976865	-2665547.004013501	-1378.1597524602657	-616.6143360262147	908.9296718671474
1051189145.9763379	-1418106.2099878308	-1281816.6093324863	-2510812.6215274762	-1312.6950773019917	-554.9669525430965	1038.306679638867
1051189304.2172825	-1619973.5960954048	-1364476.8794734196	-2336831.168401919	-1236.9985185979087	-489.0673321714547	1159.227039313028
1051189461.8061919	-1808320.3185025593	-1436114.2662432168	-2145238.152160493	-1151.7682171668107	-419.4853483562174	1270.7750198549684
1051189618.4535587	-1981505.7991558993	-1496182.9231273527	-1938115.438204304	-1057.9207559635663	-346.9230257035662	1371.9948956152743
1051189774.0446755	-2138311.8065239443	-1544367.751788108	-1717489.8114661758	-956.3704263576439	-272.0322434410648	1462.191050806824
1051189928.1089498	-2277423.9379370185	-1580419.507420026	-1486032.949656553	-848.3518964998058	-195.65496512840036	1540.6293899817547
1051190079.7474022	-2397589.4559813123	-1604283.0619694123	-1247264.9967539397	-735.5332366189233	-118.86693670451957	1606.6484561178074
1051190227.518866	-2497816.121717534	-1616253.611574804	-1005782.3830592781	-620.1440838026291	-43.02472587295346	1659.798931902704
1051190364.2561063	-2575073.1464172904	-1617311.2390300534	-776047.6742677519	-509.26006698127946	27.58809707153726	1698.7763770896436
1051190506.2739887	-2639010.2632914823	-1608183.8961159156	-532544.9051099077	-390.61954732440825	100.908048637368	1728.5715751977561
1051190658.6829033	-2688641.0248889723	-1586839.9878997807	-267437.9821446494	-260.2067862429855	179.036734019236	1748.1621980926577
1051190762.4105542	-2710965.9197227135	-1565537.9808587555	-85747.19417276443	-170.0963384356264	231.58873677130705	1754.0556576418962
1051190907.3574833	-2726422.7908063084	-1526717.827204116	168500.45602610847	-43.011087393588426	303.78277923166087	1752.1100228855366
1051191037.4962063	-2724563.5191221186	-1483051.9605805967	395848.4077707555	71.61036108955895	366.9989749918059	1740.2240386396745
1051191192.2859231	-2702938.092606016	-1420578.8596341657	663333.2723341555	207.67909436370417	439.7073383114166	1713.6359112963023
1051191350.2413405	-2659248.9506523237	-1345481.1449420748	930960.795498613	345.1839776541865	510.55091378179117	1672.7063856329557
1051191507.7699645	-2594226.547960221	-1259746.1633576858	1190348.9310934488	479.8418082862365	577.2422688213094	1618.275876196879
1051191664.8562059	-2508529.8609668133	-1164136.9497280954	1439430.6483085244	610.5509148384461	639.2471035804311	1550.8468369850339
1051191821.5032153	-2402975.234123264	-1059480.9168801957	1676274.437934249	736.2654370366917	696.0818961408102	1471.0230057074605
1051191977.760915	-2278491.5779520446	-946635.439285603	1899131.5152176965	856.0227929085355	747.3237830310187	1379.4784506516708
1051192133.5198822	-2136283.7883531763	-826632.4516742529	2106162.2397938073	968.7970937482609	792.5492329923524	1277.077126260124
1051192288.8115002	-1977586.725480254	-700454.2642204253	2295882.857741075	1073.7400890401752	831.437698759152	1164.6917089721348
1051192443.638413	-1803774.4144106838	-569141.0756549245	2466924.606402056	1170.0542056963438	863.7145137556258	1043.2858247180611
1051192597.8861418	-1616472.8788598655	-433865.88188158546	2617977.95883067	1256.9590282851052	889.1459499979937	913.9899837105523
1051192751.5207962	-1417327.5312412926	-295756.5155005751	2748033.528348728	1333.8272712535063	907.5862438185235	777.9380195896564
1051192904.411921	-1208197.6407797562	-156036.2444841091	2856224.57885054	1400.0951532623378	918.951400983013	636.4006367717792
1051193055.7121799	-992066.2977816577	-16586.681006587423	2941597.0634845835	1455.0976438259117	923.2379604442954	491.38888194908395
1051193178.2922937	-811386.083347829	96530.43805891035	2994479.1547892396	1491.63883574273	921.6024580299901	371.06218404367
1051193328.1569042	-585108.2715518243	234116.22897528505	3038905.672871591	1526.2587182774237	913.3970847740943	221.45035344553725
1051193473.0283507	-362222.7861027908	365476.4123132821	3060407.130984864	1548.9736497191395	899.0275353532918	75.20824051914849
1051193607.1615013	-153582.04148802522	484860.0315516131	3061380.914201808	1560.4341679357822	880.1673030795386	-60.69650223431682
1051193752.5169475	73509.1813014603	610956.5887497208	3041875.085985019	1562.3801882036794	853.8342501076058	-207.5320829205466
1051193898.1866013	300578.5622211661	733048.9067182564	3001009.872796745	1553.3915450213813	821.4790906659795	-353.19957511334906
1051194053.8726579	540896.3612273724	857839.7376569876	2934076.892494904	1531.7601628752725	780.5643549686849	-506.05902005139853
1051194209.2640343	776449.2911588737	975556.3432528815	2843845.0575236143	1497.966591552168	733.5338423958827	-654.5010811190502
1051194364.4768002	1005562.5979807078	1085387.530734064	2731087.8527691048	1452.3324662690873	680.7714671682918	-797.4521966569031
1051194519.4239111	1226325.512668325	1186443.1832976344	2596878.469831997	1395.3240445414922	622.7685421903708	-933.7055411539575
1051194674.1104152	1437053.3968403907	1277983.583648547	2442404.1276949304	1327.4808332975501	560.0285549218945	-1062.2126086707456
1051194828.5403593	1636157.9384730894	1359351.88659966	2269001.63940498	1249.4262107410684	493.0885496592088	-1182.0012810267865
1051194982.5040281	1821911.7734865118	1429888.5896046846	2078419.6209349916	1161.987833056305	422.61359451622394	-1292.0381576767527
1051195136.0163372	1993028.7718854176	1489166.3341658197	1872300.6316648943	1065.9626905894265	349.1975149089703	-1391.5772852098014
1051195288.9016948	2148173.605006522	1536798.637895863	1652657.4515503265	962.3330746934278	273.54075751918174	-1479.8681290192035
1051195440.6536878	2285952.251345524	1572485.9091190035	1422148.8622750384	852.4042294776667	196.5271191320978	-1556.1656225949725
1051195590.764014	2405359.5551401386	1596184.155151878	1183613.8974633813	737.5884918647397	119.0512183844888	-1619.9941850612647
1051195737.2966517	2504918.4218056006	1608042.698665044	942373.5065666711	620.5243429765463	42.73726065254502	-1670.7205407167298
1051195874.2855484	2582210.615236408	1609000.5525026894	710864.52606091	507.3860649979137	-28.735142382191214	-1707.516788031409
1051196016.7026557	2645912.8851597733	1599634.969822189	465615.50650715106	386.755629407556	-102.68869075755529	-1734.6810711144576
1051196168.281568	2694645.218891503	1578159.092872088	201271.08640619126	255.8949917102361	-180.466913633398	-1751.0310338007878
1051196316.2770331	2722961.6844592607	1545918.8531014437	-58278.890705877886	126.59783952943117	-254.93920428629713	-1754.44161304037
1051196422.3093783	2731453.2858320633	1516111.3003261185	-244088.49449817344	33.55061946307938	-307.11139184117735	-1749.2748000352008
1051196554.3580903	2728234.7823826177	1471357.4455507828	-474178.20157389354	-82.23355234843976	-370.3882016641828	-1734.0251160082478
1051196713.2706528	2704153.627142055	1406635.9482380738	-747445.5843789248	-220.5768622167309	-443.58610182795377	-1702.8849377623787
1051196872.218724	2658230.275067607	1330555.805416735	-1014732.9575412108	-356.81741646002956	-513.0362078929405	-1658.073816149006
1051197031.1534982	2590899.6184313972	1243779.3412254583	-1273818.0983939336	-489.83288022762775	-578.1802896409838	-1600.0316204980356
1051197190.0773921	2502759.647757824	1147031.035412003	-1522644.3700893433	-618.5828422902658	-638.5238249196491	-1529.289259245839
1051197349.0039986	2394560.9061730374	1041102.2638696211	-1759263.0671338278	-742.079529533723	-693.6183852278557	-1446.46395107411
1051197507.8385859	2267295.124903532	926930.4500558925	-1981680.5290982546	-859.3061949701674	-743.0270073892967	-1352.3235818459516
1051197666.5854417	2122046.22219759	805452.9681449867	-2188185.2593858107	-969.3865970466463	-786.3995433181042	-1247.6717089364424
1051197825.1898061	1960092.208051892	677705.3642651878	-2377133.4513466028	-1071.4714985858845	-823.4221701862704	-1133.4245190919464
1051197983.5602458	1782896.206491694	544803.4555915723	-2547017.5961244954	-1164.7719122265628	-853.8345037611524	-1010.6008471217285
1051198141.6004246	1592065.6082970616	407907.91552777967	-2696531.4015816688	-1248.591865205705	-877.442770134326	-880.2924861641026
1051198299.1103506	1389463.0871305245	268298.372442241	-2824512.6870811745	-1322.292884234067	-894.1133997287004	-743.7387834346298
1051198455.9876682	1176937.3098597566	127181.4623436133	-2930147.919472227	-1385.4075113726044	-903.8038588475043	-602.1440715463777
1051198609.260326	960526.6354735731	-11642.597352522656	-3011552.447918726	-1436.7209553646173	-906.5525789010693	-459.4419826714059
1051198732.3861548	781491.6361366906	-123145.96176452196	-3060934.099157956	-1470.2905337026316	-903.9427892322516	-342.3830928601934
1051198886.1846122	552752.4556940541	-261543.78175676928	-3102207.133075191	-1502.4059088967774	-894.6796143922429	-194.01095157159392
1051199033.7242414	329458.60174884263	-392505.4510470541	-3120243.6215348644	-1522.7774460843182	-879.5898654910903	-50.3503553019979
1051199166.1240174	127124.01228357306	-507782.2348531299	-3118353.8640197157	-1532.2460590710862	-860.95994231762	78.88503704356283
1051199315.6788504	-102209.48959501358	-634619.8911827843	-3095667.1967415675	-1532.848746696554	-834.2543734426795	224.33439023471894
1051199475.7271382	-346804.5659040679	-765424.5123244104	-3047411.588216593	-1521.625521093096	-799.2169708465132	378.290140459587
1051199636.2199062	-589291.6220037413	-890440.8222141698	-2974498.6809094157	-1498.1228569519546	-757.6380471123392	529.7323681322159
1051199796.2624047	-826374.2075706573	-1007967.1724765211	-2877901.1173770595	-1462.6350786156981	-710.0622125082481	676.6343075147408
1051199955.9714208	-1056358.4119051674	-1117195.3901578828	-2758471.9770494397	-1415.475079113967	-656.8562671241692	817.9819484495368
1051200115.170154	-1277203.1444342702	-1217190.0580214898	-2617447.6830407763	-1357.1233688104442	-598.5217149297205	952.5511101077964
1051200273.7878505	-1487135.8730308844	-1307194.4812058038	-2456201.1950362157	-1288.1392703286006	-535.5732528321485	1079.2883156324099
1051200431.7624696	-1684522.8583472548	-1386561.7300704077	-2276270.067188329	-1209.1695012540329	-468.5589262323353	1197.228812709257
1051200589.0099452	-1867847.6372746266	-1454745.2328388696	-2079372.0867401976	-1120.956313692349	-398.0672312776658	1305.4834367272301
1051200745.3286809	-2035637.8583379516	-1511279.9990607111	-1867529.3819594104	-1024.3969724148512	-324.76871100962677	1403.1976169027048
1051200900.4406153	-2186577.8071520855	-1555840.4209086564	-1643033.5810274123	-920.5342244297775	-249.39737378168826	1489.6221724041184
1051201053.8919624	-2319488.559016118	-1588255.6681166433	-1408589.9349691628	-810.6290053485175	-172.79322132258517	1564.10801614904
1051201204.698197	-2433198.682348703	-1608543.6524340352	-1167898.4015597603	-696.4461649235741	-96.07572742149505	1626.050879505759
1051201350.600825	-2526439.0858596647	-1617092.5540054142	-926955.6119091379	-580.9042498823509	-21.016221529725545	1674.884736658445
1051201479.0337923	-2594321.261666964	-1615531.8224570055	-709589.4716934083	-475.67854175101405	45.33196313846668	1708.5333763232595
1051201633.283468	-2657717.716536842	-1602400.9884658384	-443679.01268902863	-345.74349731476065	124.84635813420743	1737.0775265558116
1051201784.4784535	-2700176.3283626353	-1577675.4495248627	-179734.5743904706	-215.50078614331395	202.05243642402144	1752.2335413155486
1051201932.1417716	-2722487.386814808	-1542346.556865012	79333.55690193901	-86.46033782707106	276.2022473364913	1754.6148286475543
1051202070.1556902	-2726044.2878307533	-1499533.8676801247	321002.1514403576	34.98620722474022	343.91528524327174	1745.675994464665
1051202205.2201034	-2713285.92115364	-1448713.4089532974	555601.2261588445	153.88447700370781	408.2734664921109	1726.4918551454184
1051202363.3547387	-2677996.2454468985	-1378379.5340327255	825998.0632648534	292.1925517780597	480.6983336914395	1691.012365851161
1051202521.0436101	-2621173.5567112933	-1297125.0361454778	1088955.7328200282	428.066927355379	549.201145794845	1641.8670291895683
1051202678.3023884	-2543400.925322913	-1205663.0669480206	1342422.2819149166	560.420422456552	613.2449320390441	1579.5052286746536
1051202835.1481848	-2445418.2315778835	-1104778.5303210346	1584441.296469511	688.2011691148371	672.3318422643554	1504.4788984305724
1051202991.5384167	-2328163.401258147	-995365.3043218378	1813078.3437246655	810.3540598021918	725.9868305143696	1417.4733765956857
1051203147.4796817	-2192697.7374645225	-878349.1679428784	2026606.5414505703	925.9197388812246	773.8036543168812	1319.2505535949522
1051203302.9701127	-2040225.1942957675	-754713.430763546	2223427.8688528114	1033.9948515381068	815.425186218083	1210.6652016133896
1051203457.9898607	-1872095.8789924008	-625499.9227103238	2402078.725651555	1133.7357113086744	850.5458676186454	1092.666960960844
1051203612.4889098	-1689815.9816788596	-491812.86555067747	2561239.7726943493	1224.3637817664664	878.9159048621696	966.3061406581925
1051203766.3961468	-1495032.3871962	-354803.13072329323	2699773.534488625	1305.1866085276056	900.3509564623854	832.7215124233325
1051203919.5293052	-1289644.2137577045	-215739.08165166504	2816686.295796694	1375.5734791186187	914.7319110931624	693.2142657106731
1051204071.7970085	-1075522.9192644483	-75809.78851612071	2911326.853524139	1435.0723299032013	922.0359669983873	549.0552102853912
1051204214.9769356	-866640.636613589	56313.44351460138	2979993.403130974	1481.0445732865383	922.4790007152461	409.5546994586294
1051204364.6236836	-642074.1659104399	193980.07479286136	3030178.3096138746	1518.394459568414	916.2751604434467	260.73277548165856
1051204510.8787817	-417992.6619907434	327146.41326146934	3057551.645149502	1544.0562126054217	903.6671240651556	113.36394944466512
1051204649.5183208	-202823.3253763042	451259.06570097356	3063534.108771146	1558.3109860933466	885.82217760516	-27.108748134532362
1051204776.1676533	-5100.039143336167	562153.2684689115	3051977.7009785487	1562.6827560393906	864.6058118050198	-155.30347395024643
1051204878.1489305	154182.46174685485	649310.8366281803	3030899.4586473065	1560.1818526800137	844.1912424791749	-257.9500944362078
1051205034.3653388	396961.04780634225	778395.2456776671	2978432.9666284453	1545.9636278539808	807.3374392370725	-413.3032349275947
1051205189.9216206	635540.8482817449	900707.7602688802	2902320.454575765	1519.4354160240791	764.2026200523168	-564.6143265846734
1051205345.2255952	868674.6306106021	1015653.4118779158	2803193.1192026413	1480.866947942913	715.089463975278	-711.0777690981306
1051205500.3243418	1094608.3221667921	1122392.940558852	2681928.4055164685	1430.631627632906	660.4177578749343	-851.5745550412051
1051205655.2271777	1311601.3913718848	1220128.5275367748	2539586.5777479266	1369.2005711018705	600.6587470171862	-985.0088266807189
1051205809.8036505	1517816.8829519001	1308064.757749117	2377539.7444223203	1297.201990313375	536.3808056209872	-1110.2443449597713
1051205964.115	1711793.5297376877	1385616.2040492704	2197134.8741213246	1215.2727435151082	468.1111551035933	-1226.3938612219072
1051206117.966868	1891879.4422678037	1452170.1083820185	2000161.5055152383	1124.266495914423	396.5180231761853	-1332.4770103794583
1051206271.3222525	2056786.7860372001	1507315.353600947	1788375.029203666	1025.0381374591634	322.22564787878935	-1427.7549828087203
1051206423.8347118	2205102.1324393284	1550673.688643634	1564098.348381846	918.7232792034721	246.0265494293569	-1511.4459577810476
1051206575.0901712	2335663.2647351897	1582060.8504409103	1329928.2977311027	806.6061728760559	168.7638629305049	-1582.9536546420602
1051206724.2240525	2447355.208831569	1601478.5466372385	1089323.8124004775	690.4051971560758	91.51286650372352	-1641.7677392776347
1051206868.3802361	2538508.4831751636	1609256.7343169719	849240.122213338	573.5704181877568	16.366792375642596	-1687.2232244621314
1051206993.5459415	2603791.640401731	1607221.4157699584	636078.4146921702	469.1686896421936	-48.85402800959358	-1717.3960996412977
1051207147.1319157	2665823.00712197	1593603.1884820303	370218.02431554237	338.1436611455729	-128.3379216361012	-1742.4298835731272
1051207297.9131292	2706966.354542508	1568437.1780649663	106455.19085721926	207.31072966232313	-205.23518626345526	-1754.040705914607
1051207438.0229841	2727426.526643377	1534761.5381909094	-139380.368299016	84.640702958784	-275.1884493270932	-1753.2923527985354
1051207576.8862724	2730719.472480883	1491839.918271196	-382164.31146925467	-37.19218763121638	-342.6522772418583	-1741.6385139749761
1051207715.841989	2717105.9678996145	1439665.2256936638	-622741.258797129	-158.601261892677	-407.8901819493626	-1719.2243640752497
1051207874.8381181	2680941.6648124247	1369089.5237940778	-893203.8292533251	-295.9416369221147	-479.2478487204991	-1680.6259723300932
1051208033.7993793	2623158.6946970844	1287501.362946053	-1156397.2628319352	-430.52062170240674	-546.5511608273822	-1628.5858146100752
1051208192.7841566	2544257.238164912	1195555.6687822642	-1410317.5306665248	-561.3270695841821	-609.3089893481625	-1563.5695455318958
1051208351.7250669	2444959.073433729	1094055.6159085	-1652842.8407971743	-687.286537796354	-667.020517898399	-1486.1867800832913
1051208510.6361319	2326111.883129569	983832.7740538248	-1882086.8717694602	-807.441752312201	-719.2631197075459	-1397.1084877045844
1051208669.4630988	2188768.5564725474	865831.850016524	-2096185.2275922769	-920.8409001735135	-765.6399434421498	-1297.1289931990957
1051208828.1836458	2034112.1416292405	741036.9266374282	-2293462.843178221	-1026.6235535630149	-805.8182717623037	-1187.1077653907807
1051208986.6719224	1863577.972628946	610568.5043794065	-2472286.4825682924	-1123.9398049203214	-839.4991551091817	-1068.0554733016604
1051209144.8570222	1678694.0891968014	475550.57286696613	-2631290.997193676	-1212.0691914302797	-866.4642005424096	-941.019151613783
1051209302.6646609	1481110.8795195657	337139.94718675973	-2769312.2938560895	-1290.3842686562136	-886.5590219340719	-807.1053812947713
1051209459.8476266	1272812.336322	196665.74147360775	-2885286.1264435025	-1358.2884125192556	-899.6836936430836	-667.621548659005
1051209616.1892384	1055856.1023262695	55436.93134998382	-2978485.9714568607	-1415.3453242095886	-905.8339210877762	-523.8976087501828
1051209759.1374459	850375.257163201	-74088.45214799242	-3043771.833260359	-1458.0176487426622	-905.4018926803988	-389.0487180898174
1051209912.970987	623213.2839935344	-212923.19590888792	-3092281.7673457153	-1493.5059208179966	-898.4863785169196	-241.25335393340734
1051210062.5365211	397917.0726117914	-346405.04254714615	-3117507.9934452297	-1517.4127570951835	-885.4029193966662	-95.88118218363866
1051210202.7155336	184202.60042704345	-469330.0189498021	-3121357.6462565847	-1530.1911804439426	-867.5288527811841	40.985118831824515
1051210340.00636	-26215.9252402821	-586935.629162817	-3106537.3954464654	-1533.5995385309398	-844.8633661013456	174.80930271436097
1051210470.5623801	-226189.85879744732	-695577.362604108	-3075453.604945752	-1528.4585954721554	-818.689583240456	301.16246594687726
1051210631.311964	-470645.59145578864	-824196.7996930686	-3014674.498908485	-1510.9372568746371	-780.4750607464177	454.5413299279654
1051210791.516817	-710492.305961949	-945759.0397092579	-2929838.5080734803	-1481.302336534505	-736.0878615693367	603.8656705003672
1051210951.3888133	-944152.0354334255	-1059500.0450490927	-2821690.383839805	-1439.8224381947432	-685.854506723267	748.1918798095771
1051211110.8057138	-1169617.506342991	-1164474.0415106749	-2691322.3497144347	-1386.9114819696745	-630.2329873776301	886.3123935082978
1051211269.727656	-1385098.7027409836	-1259886.3002893669	-2539973.1818931075	-1323.0637153021407	-569.7015628873061	1017.1585853947494
1051211428.09713	-1588892.4550348052	-1345026.5264062225	-2369071.653501897	-1248.8698348039468	-504.78304962611827	1139.7188292084104
1051211585.7495353	-1779300.465896223	-1419241.4927118977	-2180342.8673567977	-1165.066983221728	-436.0822200591177	1252.9905106190427
1051211742.5673237	-1954859.2140975755	-1482034.744546192	-1975635.4851580153	-1072.4665861866674	-364.2190099281036	1356.1191872762356
1051211898.3257953	-2114188.0783164618	-1533010.863511247	-1757091.2192210807	-972.0322639538294	-289.88943483901	1448.3094673683268
1051212052.7232654	-2256087.247621255	-1571925.506478979	-1527112.589656832	-864.8707217015225	-213.8490449446389	1528.886847348667
1051212205.0488315	-2379348.2731556487	-1598671.3120782536	-1288876.383911048	-752.4798663206346	-137.0726278079539	1597.2003561240847
1051212353.9620126	-2482866.2570509226	-1613419.7938508717	-1046757.5712093244	-636.9697894842891	-60.86360986800847	1652.7147564624893
1051212495.0784297	-2564763.942552421	-1616876.7117132156	-810450.1456972467	-523.0834642906474	11.92224739498593	1694.6361621282322
1051212620.205606	-2623735.65315126	-1611340.8226925468	-596551.0224797055	-419.07664557335966	76.5461152499232	1722.8509572424202
1051212773.6834726	-2678065.145534216	-1593530.6279267033	-330211.10489967983	-288.4023157248759	155.42765025494637	1745.697239758006
1051212923.5573444	-2711569.2004190707	-1564519.4722316836	-67699.6608319567	-158.37360366990538	231.51018299597843	1755.2933779537977
1051213059.6256752	-2725009.510244252	-1528389.6777256082	171104.0583559781	-39.0379869339043	299.30347768380824	1753.0140384860902
1051213188.6098107	-2722720.9805219835	-1485719.55662103	396552.16097159655	74.54530177230602	362.0547553112043	1741.1642026576094
1051213343.4302869	-2700638.251622995	-1423986.5393584426	664232.2865094387	210.59213162717342	434.9369024121387	1714.529246099588
1051213501.4090343	-2656486.411975234	-1349615.126137739	932035.9502142989	348.04282311775654	505.9923605297736	1673.5404569318375
1051213658.9395524	-2591020.179243266	-1264578.8348010397	1191553.7302311573	482.6039658272456	572.923440665905	1619.046709635934
1051213816.0209659	-2504901.7614217494	-1169630.0023063018	1440743.585599455	613.1881815999225	635.2011740394918	1551.5490392366632
1051213972.672019	-2398941.8972173966	-1065581.2311862458	1677697.264984165	738.7635237218959	692.345741793284	1471.644213283278
1051214128.8716178	-2274130.2404022603	-953336.6831196047	1900564.5158082698	858.314501155486	743.9085428519716	1380.0485241526198
1051214284.655368	-2131555.199316715	-833817.7218228767	2107708.6928282836	970.9261826385696	789.5094394241842	1277.5387137090195
1051214439.9787052	-1972508.6376066026	-708055.183567979	2297530.215051881	1075.6902381980028	828.7970449702223	1165.028453927988
1051214594.7770411	-1798444.5853444668	-577143.9139853368	2468585.86251872	1171.7686178909132	861.4791717299041	1043.535913572694
1051214749.0495443	-1610865.231280889	-442158.72387138545	2619691.6922137123	1258.4529602584325	887.3422363520978	914.1042872650053
1051214902.6699873	-1411528.382435717	-304305.78681376186	2749744.583453463	1335.0640128115717	906.2199595890252	777.9449444887282
1051215055.5311557	-1202271.3399204896	-164787.83434763708	2857908.2890899433	1401.0564283227568	918.0305223016802	636.3131900433261
1051215207.3573649	-985249.2811769655	-24958.314611803264	2943516.5115426276	1455.957908911242	922.7708927810933	490.66743658521466
1051215335.6371808	-795969.9022094166	93374.45294685916	2998397.6048978656	1493.7465167916616	921.3103366633787	364.5818089630774
1051215485.2006321	-569892.6290308523	230653.6706775679	3041771.728067195	1527.5540625184565	913.291366184747	215.0613555063565
1051215629.8301111	-347246.77718441834	361793.3419957146	3062319.2785017053	1549.516152791291	899.121152758285	68.91114094900449
1051215762.8398029	-140330.65636022002	480211.4365197698	3062516.078476126	1560.260466050404	880.6051842965023	-65.95356621080855
1051215908.3645769	86953.21248977362	606532.6505690124	3042204.6573987715	1561.5611359597076	854.4620182753457	-213.02681110053388
1051216058.3356339	320530.05008482956	732266.8466091396	2998984.7059550914	1551.4676065144217	821.2815903401946	-362.9844281551385
1051216214.0149528	560457.3775593699	857025.0689025269	2930540.474353016	1528.804186003663	780.4128080621632	-515.7119363580574
1051216369.4290423	795506.1067938498	974738.390215026	2838808.8611056986	1493.9947431090168	733.4219019067524	-663.9643917358349
1051216524.6261008	1023903.7084633104	1084545.2869768424	2724617.3723997064	1447.3862899082214	680.7143842272743	-806.6056796936945
1051216679.5559095	1243803.0662441608	1185585.4074948833	2589034.0842626565	1389.4486809944594	622.7716247698011	-942.4683830100608
1051216834.2667303	1453585.17174313	1277144.3264267182	2433212.17573885	1320.7100228326856	560.0792887364954	-1070.543406581101
1051216988.6308949	1651497.8480601453	1358492.694391587	2258641.0055695623	1241.8653633366412	493.22983275057936	-1189.7591080587433
1051217142.624859	1836063.651414988	1429069.0372671345	2066869.376402943	1153.6553302344955	422.8072740120774	-1299.2323589964096
1051217296.1312214	2005842.0112634357	1488379.7101650217	1859702.9563206383	1056.9534019967637	349.46334964201566	-1398.1248242170286
1051217448.9715581	2159519.679535963	1536045.7938891845	1639177.8598260265	952.7555897947624	273.90110845202884	-1485.7005876550581
1051217600.7479062	2295825.5219738586	1571798.130207987	1407800.6880476498	842.2962286957946	196.94879475539716	-1561.2841788326227
1051217750.8928602	2413707.7593552093	1595569.321491387	1168497.2851862477	727.0285829936474	119.52832278141358	-1624.372665966062
1051217897.3517127	2511648.8229194805	1607499.7891870646	926794.5197446853	609.6909513698176	43.32371698326455	-1674.31329328072
1051218034.0700543	2587305.6823031562	1608550.006294422	695305.6101672101	496.54381684163957	-27.943339006298476	-1710.3238286506817
1051218178.0590667	2650040.8388652513	1599140.992992836	446979.42634949175	374.40248749098555	-102.64611680128468	-1736.9735067500326
1051218329.7315463	2696913.784046298	1577660.2488361488	182194.03592867166	243.3485470542737	-180.39880418244516	-1752.3985430360638
1051218476.5828171	2723239.9007519665	1545726.538365098	-75482.57734087715	115.03567861642102	-254.23249859260162	-1754.9219027888407
1051218618.895693	2730729.407231307	1504561.4512714553	-324713.24337799323	-9.790671819657407	-323.94221921326664	-1745.7537894479347
1051218733.2785463	2723879.805766397	1464381.2683765634	-523575.7741212792	-109.90274004404242	-378.35145407285603	-1730.1730113765166
1051218892.415403	2695376.3115020376	1398327.9590491543	-796414.8725693661	-248.02253578859452	-451.20181760188854	-1696.5105322534482
1051219051.4026833	2645123.0516133294	1321056.4599056842	-1062560.6443714066	-383.66254504320835	-520.1624448695939	-1649.2696882817543
1051219210.3848087	2573565.4540070314	1233163.1998096043	-1320135.0300748185	-515.876451814176	-584.7701181578021	-1588.873694697903
1051219369.3689623	2481327.7155761113	1135375.8495070667	-1567100.244586912	-643.635617896612	-644.536197811386	-1515.86499149862
1051219528.3220497	2369222.23219516	1028523.341871257	-1801452.8471488708	-765.9252641022547	-699.0004976752338	-1430.8991536572412
1051219687.2104722	2238230.611729464	913509.3903395578	-2021309.5185209336	-881.7872174990027	-747.7524383775785	-1334.7268884108507
1051219845.9502506	2089542.3178269956	791342.7205429259	-2224862.6101782843	-990.2946700519209	-790.421417597263	-1228.2205084122277
1051220004.5159773	1924448.6531738113	663046.3196810447	-2410545.4087336003	-1090.6381915121606	-826.7118784323817	-1112.2964183465294
1051220162.805625	1744457.5987499163	529750.9935779462	-2576879.453742741	-1182.042674212411	-856.3707121557158	-987.9970434830617
1051220320.7529567	1551168.800682976	392595.31028347585	-2722631.2563542416	-1263.8498399229888	-879.2183407092457	-856.4023991304927
1051220478.1822153	1346432.0357820548	252837.4631344062	-2846696.1902489937	-1335.4513347212578	-895.1301533441413	-718.7384302411577
1051220634.8350347	1132322.7792759382	111822.90282670147	-2948199.67179144	-1396.3386978825781	-904.061370128701	-576.3567013359692
1051220786.6042924	916574.2571522372	-25622.77750903475	-3024937.3018192025	-1445.0592904727814	-906.0967252039724	-434.29239220197616
1051220924.2333407	715172.5764862568	-150128.55496666228	-3075684.5518351085	-1480.2246623482397	-902.3061879863383	-302.8024289582938
1051221076.5697068	487357.9818595779	-286871.9988865852	-3110594.4888842576	-1508.9063429590967	-891.8927818122377	-155.25377613064285
1051221191.8042877	312587.8597593297	-388982.78505204327	-3122012.655557772	-1523.3366694708502	-879.7195738483995	-42.85113297591199
1051221325.4143703	108371.04737758881	-505328.6121672704	-3119017.2804961214	-1532.1482635636025	-861.0435044941286	87.67007874497799
1051221472.8936398	-117702.34087926903	-630454.6767075165	-3095493.196710753	-1531.94594021052	-834.8574288141459	231.17196529730856
1051221633.7129043	-363261.7107811065	-761988.4267065538	-3045842.593123669	-1519.8478147171588	-799.8332629984209	385.8971476895732
1051221794.1421965	-605300.6238273721	-887068.1827852398	-2971745.119101652	-1495.5121498233907	-758.4282921631257	537.24264114983
1051221954.1771872	-841888.0306168627	-1004727.6554667769	-2873957.6948548667	-1459.1988909128538	-711.0028384265522	684.0404231801613
1051222113.8304117	-1071179.9218461437	-1114080.480111292	-2753403.6495454083	-1411.2498205413215	-657.9533656321623	825.1806154477035
1051222273.0066825	-1291259.4136058725	-1214246.5908238962	-2611271.470892024	-1352.1303014298956	-599.7542973014058	959.5126994322743
1051222431.6209667	-1500336.5284583534	-1304453.9951159367	-2448945.702817928	-1282.4065537295874	-536.9225575886929	1085.969284292787
1051222589.5935597	-1696759.6219079334	-1384041.7402362726	-2267987.376884353	-1202.7379529632801	-470.0120968091914	1203.5720903709584
1051222746.8315291	-1879010.5819216156	-1452457.2283831628	-2070134.464542327	-1113.8784681237264	-399.6153046208727	1311.4287893110165
1051222903.1848534	-2045682.2123506824	-1509251.5441094292	-1857347.579372834	-1016.6997166259843	-326.37844013494384	1408.7207362698416
1051223058.2756436	-2195366.4280887013	-1554061.5426224605	-1632064.1667705693	-912.313378534337	-251.08254811453412	1494.6430077402688
1051223211.645187	-2326913.1007796107	-1586725.3019600487	-1397018.4660206824	-801.9971727020474	-174.57238191528512	1568.5629380716382
1051223362.4355277	-2439279.771664223	-1607283.2584267464	-1155722.2878666418	-687.4289381789948	-97.90371021577216	1629.9464069993521
1051223508.3601527	-2531192.850858178	-1616101.5392148308	-914215.2107204716	-571.5471188288135	-22.860644449724788	1678.2197483584328
1051223637.5861835	-2598227.254124806	-1614744.096201012	-695096.8827575151	-465.43016048825234	43.882489531678395	1711.5215602207595
1051223791.7245979	-2659987.0415118188	-1601851.2961413343	-428974.25561967766	-335.3629772598621	123.33202760179591	1739.3299632859623
1051223942.827481	-2700845.5416052025	-1577373.0609547074	-164904.8632498378	-205.05795082491758	200.4948245904976	1753.7626814733223
1051224090.1087983	-2721579.962567966	-1542378.1009453887	93666.28267119866	-76.29044547242064	274.46952164880616	1755.4464634669512
1051224227.0872955	-2723779.530579699	-1500156.7899979504	333597.67656501377	44.23387466362315	341.7094940075234	1745.9779323681942
1051224368.0528882	-2708798.59647827	-1447225.997063121	578383.8173965011	168.24401283526998	408.88707177222983	1725.1434256151608
1051224526.1432788	-2671266.731095783	-1376820.111194875	848400.0649454081	306.3044492561371	481.2442184754926	1688.5058968773803
1051224683.8206427	-2612247.8817442493	-1295489.8506816411	1110852.7837377696	441.8449419028176	549.690845669267	1638.2154253088966
1051224841.0559618	-2532354.8271472077	-1203969.5383797553	1363619.5309886558	573.7428981333572	613.670476067902	1574.74162626184
1051224997.8851365	-2432335.4655293263	-1103033.9258862901	1604780.8377098714	700.9664038220576	672.6935845981603	1498.6378508803384
1051225154.2516963	-2313153.013939033	-993586.0107991978	1832388.9599849319	822.4541072579239	726.280326479645	1410.6045502965412
1051225310.1842445	-2175865.4291839777	-876535.7091705767	2044756.766058045	937.2686943009334	774.0318313088516	1311.3980359418217
1051225465.6673584	-2021699.7701931007	-752875.5114277652	2240275.185592239	1044.5017389428606	815.5860544351315	1201.8874175057379
1051225620.602513	-1852108.8356329477	-623714.2662738126	2417405.823909706	1143.267959321983	850.6212356691235	1083.0919893847263
1051225775.0346944	-1668514.6625837383	-490079.5009091484	2574961.875010353	1232.8623033296683	878.9131449525479	956.0007639892353
1051225928.8267665	-1472655.1588105203	-353178.9889601028	2711759.663606769	1312.5660546953582	900.267841532866	821.8142421712031
1051226081.894447	-1266312.0830974933	-214192.42015480346	2826909.3454005914	1381.8096372493271	914.5802016683572	681.7529184363746
1051226234.0664197	-1051466.8790383625	-74379.23074069046	2919712.319702221	1440.1133716242512	921.8190988727345	537.162870638219
1051226376.9664431	-842358.8799138623	57450.79030482851	2986534.789986929	1484.877812297054	922.2109470228249	397.53211189382324
1051226526.4358404	-617577.681420821	194911.31879077226	3034850.6274726866	1520.994510462382	915.9710387861458	248.55805611423776
1051226672.2887826	-393823.7225516435	327667.02966422786	3060384.7391880127	1545.4199657113402	903.367379634031	101.36655521603288
1051226809.710244	-180440.5399850526	450657.9737077696	3064740.813845092	1558.4922274454832	885.6834221373621	-38.00298414701144
1051226943.2815816	28057.595171856934	567515.8228985354	3050625.557687758	1561.8712864058482	863.2019364601516	-173.24184808074682
1051227070.7254277	226855.58161699944	675905.2389729883	3020372.2594458484	1556.5058685924453	837.0139764111368	-301.31070914077134
1051227226.5960867	468234.6989346845	803486.8397147942	2961340.1161063625	1538.5938114326157	798.9135355119575	-455.61959004309387
1051227382.06644	705253.9875754165	924326.1031024976	2878774.215591951	1508.4406831621586	754.5573752627558	-605.799054088013
1051227537.311787	936317.9130785682	1037641.2833058661	2773398.2155491416	1466.349178348852	704.3038712780615	-750.8202167471516
1051227692.4057537	1159726.9619232682	1142621.0602602018	2646102.4847037005	1412.7059304459713	648.569268168557	-889.5992389937652
1051227847.2108294	1373557.403773761	1238387.9540767316	2498123.1396857635	1348.0660687357097	587.8882684253629	-1020.9296656698696
1051228001.7517638	1576221.784432902	1324264.6262013298	2330739.0244250894	1273.0260742225132	522.7781651871571	-1143.8322905753507
1051228155.9453573	1766105.405075401	1399605.7846136305	2145494.058060816	1188.3177532710713	453.83310842094227	-1257.330797178991
1051228309.7335949	1941771.168031325	1463890.6627079984	1944059.649930364	1094.7472822823265	381.6664381904754	-1360.5781507891616
1051228462.9269364	2101807.436261938	1516670.4178354896	1728426.31384286	993.2836357913549	306.97723711530466	-1452.7682614945438
1051228615.2575232	2244958.0015519364	1557633.1944103872	1500851.8824338466	885.0370617797482	230.5232775733741	-1533.217803609049
1051228766.2323025	2370070.1287824675	1586614.3333943582	1264083.422989637	771.3670296166654	153.1867509309112	-1601.3444554796536
1051228914.7112331	2475966.0424686903	1603650.6912020352	1022067.4529799571	654.2322783955723	76.18263468607492	-1656.6225994648037
1051229016.6816473	2538460.0646704407	1608710.7303293312	851509.7851950933	571.172457898002	23.048378414549013	-1687.6658621617953
1051229147.5816872	2606107.180254396	1607263.4586043293	628433.3158158285	461.9547376843798	-45.12772267505005	-1719.0932643235742
1051229301.0388668	2666982.970248287	1594235.2195961846	362567.44942474616	330.9855087167232	-124.52882621453753	-1743.7129039126278
1051229451.6690512	2707016.3658454944	1569673.3279087453	98905.02590652346	200.2881381801823	-201.36311117560157	-1754.936718788551
1051229590.8682455	2726424.6312062517	1536784.578401796	-145434.92930834036	78.46855066519831	-270.9075551116603	-1753.8895793502581
1051229729.3110332	2728884.6482529156	1494594.5014491163	-387550.9051323021	-42.903071501358845	-338.2496020485005	-1742.0238501875003
1051229870.7589743	2714074.068533795	1442016.5880049018	-632449.9599708982	-166.35202347609982	-404.75249653481313	-1718.8783706283843
1051230029.7917953	2676682.810805691	1371913.9203297142	-902881.6405349465	-303.50654509475044	-476.2364881970299	-1679.79947404653
1051230188.8119757	2617692.4669522964	1290761.77055271	-1166002.8147835615	-437.86225625247266	-543.7027582395993	-1627.2772394286146
1051230347.8231672	2537633.976266945	1199240.1141243507	-1419720.2741325588	-568.3648951275308	-606.6361717588819	-1561.798481714185
1051230506.8195714	2437207.789267299	1098113.1240757492	-1662011.5242063096	-693.9935358096652	-664.5585524327573	-1483.9498416811932
1051230665.7562116	2317306.7968468345	988246.4464288765	-1890901.8556654153	-813.7471832952058	-717.0236716487534	-1394.4326761764746
1051230824.5898776	2178992.007067377	870577.634318736	-2104551.32435769	-926.6882079531863	-763.6382718901034	-1294.0417680823225
1051230983.2904934	2023467.3619536438	746096.4325287906	-2301284.293024902	-1031.9569035312666	-804.0671025058552	-1183.647031571262
1051231141.7681952	1852141.7979428205	615893.0408040376	-2479518.9071972026	-1128.7320428149621	-838.0181194062969	-1064.2368766480988
1051231299.9214213	1666582.9670466133	481114.5505122625	-2637862.049834649	-1216.278864948925	-865.2636860896203	-936.8833820209561
1051231457.694172	1468426.9429358034	342901.0417925195	-2775177.232334424	-1293.9856137342817	-885.6505292144309	-802.6812971598187
1051231614.862628	1259630.0349530547	202558.97811317217	-2890422.783070446	-1361.2696525113686	-899.0766229201042	-662.9186673786237
1051231771.146973	1042338.1500363825	61453.176935687356	-2982836.6654942217	-1417.674075652643	-905.5298558961645	-518.9842654457494
1051231915.4719613	834556.6720469631	-69295.25662869455	-3047932.1486668517	-1460.1125616606628	-905.3481764811504	-382.6060094974007
1051232069.0692729	607483.3088333126	-207927.82330581115	-3095377.8273460357	-1494.8020732324385	-898.686270623432	-234.81602696661233
1051232218.3453678	382487.13331913494	-341200.9121091274	-3119601.7572794403	-1517.9428623973022	-885.8699241153347	-89.55091220368041
1051232357.7498012	169930.76762024715	-463534.72298560594	-3122591.151551709	-1530.0042127041256	-868.334028708517	46.68586307904877
1051232498.2431597	-45328.553277402556	-583975.7042697804	-3106398.087448212	-1532.7530008943518	-845.3272189511354	183.71819925052884
1051232639.0801411	-260833.52880354776	-701096.695525686	-3070909.858173408	-1526.0093279622179	-817.0250067310669	319.99258989598667
1051232799.8822384	-504833.40547300247	-829466.2922586746	-3007095.077174572	-1506.7246762363302	-778.5102896237335	473.1957086745288
1051232960.05524	-743819.1946113424	-950667.9651695042	-2919318.3790151924	-1475.3659634715502	-733.8543842775756	622.1165734028995
1051233119.8709819	-976313.6529068586	-1063992.1419833133	-2808335.155922579	-1432.2134450303747	-683.3753429726938	765.8730130293818
1051233279.2560385	-1200391.4182577874	-1168531.0136109407	-2675228.031658484	-1377.6823858476548	-627.5181851356921	903.3053554430517
1051233438.1231236	-1414208.8349268814	-1263462.3289520163	-2521296.6141571123	-1312.2963315397917	-566.7798809110369	1033.3094645171452
1051233596.3821257	-1616042.5829540752	-1348067.7609479332	-2348036.6023184056	-1236.6800561852012	-501.701176117618	1154.8599080486313
1051233753.9062353	-1804271.2494921803	-1421726.6826971157	-2157164.106220619	-1151.572127969812	-432.87577999951515	1266.9989326059638
1051233910.6422876	-1977526.7148035055	-1483975.110123525	-1950460.561218716	-1057.7571338167243	-360.8954170833162	1368.9266490238228
1051234066.3479669	-2134423.3034187104	-1534408.0736081577	-1730094.1784578534	-956.2129513006477	-286.46266548139175	1459.842021074159
1051234220.6116952	-2273686.4836641666	-1572757.3065522974	-1498642.1923335704	-848.1304120226996	-210.38721785341926	1539.0267114676626
1051234372.808497	-2394234.507952023	-1598952.660061525	-1259172.8081490789	-734.9604926281961	-133.60275102792852	1605.9019652947593
1051234521.4877232	-2494942.9545245217	-1613167.2598848955	-1016251.2912131279	-618.9069408319795	-57.4680084554899	1659.9229630696402
1051234661.8981787	-2573893.925754912	-1616154.020200812	-780223.9696768222	-505.0347038329709	14.973275687939577	1700.2865496123059
1051234790.7797827	-2632080.04999912	-1609933.7149701745	-559207.244051993	-397.4676075637418	81.53375494349682	1727.9643109398282
1051234944.178655	-2683037.4385850863	-1591373.1659631461	-292361.98107666685	-266.43866373575526	160.33638813167713	1748.9551222690318
1051235093.389581	-2713138.439671914	-1561787.9590013672	-30663.790936583107	-136.73862640215066	236.01210092347253	1756.7133725857204
1051235218.3025025	-2723379.724232889	-1528408.876479865	188665.1308526792	-27.131681213727425	298.2218034989087	1753.520790315667
1051235343.7849979	-2719854.747758741	-1487137.368920822	408034.322085056	83.32629783627121	359.32424637511855	1741.4025780905163
1051235502.1267422	-2695643.2550773085	-1424293.4173803027	681741.3262900101	222.335388846831	433.94507352597117	1713.4129864251968
1051235660.0665262	-2649667.5106811207	-1350094.0053343088	949232.3005081649	359.51801596940817	505.04010042201145	1671.535811243051
1051235817.5813915	-2582425.8414366767	-1265211.620065725	1208339.170027468	493.73918178870895	572.0302534236874	1616.1640723689413
1051235974.6443641	-2494601.3187063457	-1170409.132560769	1456979.5943973714	623.8920929892294	634.3741390928601	1547.8117261274922
1051236131.2633083	-2387026.9299259144	-1066505.9286287094	1693234.8585537833	748.940258867748	691.5876170433637	1467.088307020607
1051236287.4583796	-2260674.0825876086	-954376.476380011	1915321.1824577148	867.9046995146866	743.2354545825137	1374.6932729437435
1051236443.1994117	-2116697.3797489023	-834989.0593251534	2121516.7487749476	979.8257201011972	788.9152890824762	1271.448872121876
1051236598.488211	-1956361.8402191107	-709340.0670149699	2310296.0367108746	1083.835766177705	828.2898290369891	1158.2468077584258
1051236753.2710365	-1781115.9888663685	-578513.1210549346	2480233.5823259745	1179.1080073720702	861.0666751019837	1036.1002305782959
1051236907.4635189	-1592570.936656858	-443654.9662989183	2630071.926477812	1264.8929550562063	887.016261967686	906.1268025176221
1051237061.0156692	-1392405.2435644625	-305906.25276129	2758803.953006428	1340.56628429458	905.9874003453668	769.4823033499969
1051237213.7928483	-1182497.0267540354	-166493.21025226323	2865583.8578078724	1405.5778717284136	917.8940703523821	627.4502528758278
1051237365.5400627	-964977.6041392584	-26749.606471339834	2949776.605513497	1459.47515392233	922.7344764125788	481.47379038970905
1051237494.7633753	-773889.3613029992	92453.26766160976	3003793.8921398465	1496.6550522568828	921.3303538258757	354.16218237899216
1051237644.072012	-547847.8345564445	229506.70475477536	3045535.357398201	1529.3281397834046	913.3830418513537	204.61578474695395
1051237788.2557629	-325712.43164074555	360263.00580156484	3064531.1940122433	1550.1877148902156	899.3234918399543	58.72453115396292
1051237919.3965483	-121685.4943425065	477065.9482538695	3063505.864801856	1559.907359793463	881.1694610213118	-74.35361360929862
1051238063.3373001	103009.67263025955	602125.1797263161	3042316.6140187457	1560.3593974968246	855.4886068227378	-219.88962093220528
1051238218.3933976	344223.4725830655	732208.6181526209	2996172.094474824	1548.8889915926645	821.2917801128935	-374.902901751071
1051238373.9763718	583506.6977170627	856893.0805852399	2925935.037338453	1525.017982273515	780.4481845217879	-527.3677805309267
1051238529.3450559	817806.6237739834	974578.7328623191	2832442.299976965	1489.032758316942	733.4737142958653	-675.3071625112075
1051238684.5335677	1045332.543124227	1084388.1860663584	2716524.8380335798	1441.284350580086	680.7737988177594	-817.5710815075172
1051238839.4755284	1264218.2244894754	1185445.5762091507	2579265.9571235157	1382.252537392911	622.8331046838186	-952.9783816358301
1051238994.1796286	1472797.9052477593	1277010.9166746966	2421867.281817109	1312.4904390220152	560.15284587455	-1080.4904962537514
1051239148.5625209	1669390.3624497482	1358380.8259945966	2245786.6280338936	1232.6829870916988	493.30794506047675	-1199.0786854488217
1051239302.5782101	1852498.8098394875	1428979.5869783533	2052605.825409866	1143.5884074717783	422.89148687883835	-1307.8477470416776
1051239456.0950902	2020681.6222625743	1488308.3283628845	1844161.7080220643	1046.0971245229262	349.56218173886407	-1405.959101712852
1051239608.9870045	2172694.891247772	1536005.3795785182	1622426.10062833	941.1764196422077	273.9973026351434	-1492.717123793739
1051239760.7991054	2307227.2067326363	1571781.2707798458	1389995.1857151468	830.1036942702978	197.05234582226825	-1567.4232221130342
1051239910.9157276	2423221.1058061374	1595566.6660555208	1149885.3897863324	714.3762543111044	119.6741773754633	-1629.573541321346
1051240057.5600133	2519391.342829722	1607528.6311836522	907177.6439392263	596.5151874176663	43.40145393206515	-1678.6358821064052
1051240194.3406492	2593257.9548042645	1608589.5850185894	675052.6581164063	483.05253424230153	-27.870993541183736	-1713.7554496674338
1051240337.9369657	2653894.3088529883	1599233.2778655696	426985.2108182612	361.0628556842578	-102.34253874321364	-1739.379838017732
1051240489.4940792	2698709.5437539513	1577821.3282924404	162112.6841660257	230.02186440016294	-180.01109437274258	-1753.802682373209
1051240635.0514568	2722946.043935558	1546274.045897892	-93428.7279823382	102.8549410315776	-253.1827100453653	-1755.4112944463268
1051240776.6006215	2728724.6784653254	1505504.5826412898	-341337.9604316044	-21.20305117288172	-322.52883199285685	-1745.512770459651
1051240903.0942031	2719045.292020431	1460885.3073933981	-561069.2649231458	-131.7356283512721	-382.62843595843	-1727.1965500602284
1051241062.1543301	2687118.058907877	1394203.9845584687	-833155.745828753	-269.3843114172756	-455.21791452105816	-1691.6876609179196
1051241221.1982757	2633488.6873091743	1316283.864275706	-1098483.448110126	-404.5033777803448	-523.9520097343568	-1642.620470505667
1051241380.23858	2558642.3582888455	1227775.4495367703	-1354952.865772133	-536.0373491574958	-588.307728769016	-1580.4521766527455
1051241539.2432413	2463253.6966580106	1129435.734106649	-1600475.7117951806	-662.9335864077096	-647.7842636811482	-1505.7561994759783
1051241698.2262818	2348136.598476232	1022070.7801067586	-1833136.207706538	-784.2242262576643	-701.9424637567248	-1419.1800425407387
1051241857.1130171	2214329.0627581873	906616.9002320467	-2051008.1452176333	-898.9299391190947	-750.3609469012155	-1321.508893555172
1051242015.8344383	2063037.8350785603	784078.070734622	-2252328.553281092	-1006.1478693932445	-792.6783835037855	-1213.6199373396332
1051242174.3628055	1895580.3787195273	655483.0225242631	-2435552.049953933	-1105.0799245796668	-828.6025421138389	-1096.441985456833
1051242332.6425773	1713431.650102122	521925.84922289185	-2599273.438743721	-1194.9906394707439	-857.8922094066926	-970.9897390763855
1051242490.5187918	1518311.9042639344	384622.03195564833	-2742196.003636222	-1275.1858984926405	-880.355300872087	-838.4219766822367
1051242647.8734381	1312019.8093138703	244781.83539322705	-2863305.5774987065	-1345.105835610362	-895.8816086057982	-699.925985705528
1051242804.4178106	1096683.438155856	103777.42634984493	-2961740.4513517055	-1404.2469405166185	-904.4280434611197	-556.8862077942787
1051242955.3656482	881055.4943070882	-32951.621333473646	-3035135.239885021	-1451.0351036106024	-906.1023540761913	-415.0020819054513
1051243098.5535843	670680.2768511806	-162450.5156923414	-3084756.424905295	-1485.839617296991	-901.7278493610613	-277.7275921712561
1051243249.7954663	443827.3483250703	-298086.85183177	-3115672.114202268	-1512.2387331862856	-890.838443656517	-130.85771317498111
1051243362.1928502	273090.37195183436	-397560.7333514176	-3124212.194604299	-1524.8554291360174	-878.6182900085811	-21.05459653265337
1051243487.125259	82074.59302686164	-506270.2748623921	-3119211.424602016	-1531.8057660022293	-860.9675356298912	101.08029643979957
1051243631.7752404	-139528.23753288042	-629018.9275994592	-3094394.7295317277	-1530.5084883616605	-835.2875832440674	241.86774489441206
1051243792.469402	-384577.2539156749	-760526.3415904382	-3043074.7368704565	-1517.3151403678505	-800.3489014364307	396.44581847903015
1051243952.8367542	-626030.0177491803	-885646.0117966217	-2967326.602983413	-1491.9042285282615	-759.0118340530738	547.6229956235283
1051244112.8253174	-861887.3047963493	-1003369.4033933581	-2867924.589116413	-1454.542774501281	-711.6439509142282	694.184770505201
1051244272.431562	-1090287.406466409	-1112796.540260555	-2745811.1966761514	-1405.583094230863	-658.6455886379202	835.0072240639524
1051244431.5619166	-1309324.29067765	-1213047.5116542636	-2602186.7487293547	-1345.4990219797437	-600.4907115235541	968.9435958886011
1051244590.1113102	-1517192.3282541072	-1303338.4514670863	-2438469.6727776756	-1274.8747315063674	-537.7045671544613	1094.9143663679865
1051244748.0479522	-1712313.1651995394	-1383033.8745730715	-2256181.00768115	-1194.3552546899516	-470.8219225368371	1211.9830410184904
1051244905.2566775	-1893149.7378191086	-1451565.47551048	-2057088.6223439926	-1104.709933048084	-400.44344709800134	1319.2432234108292
1051245061.4796515	-2058198.623760508	-1508446.5540291895	-1843313.7109903838	-1006.8865004213176	-327.2667924531915	1415.8183097555166
1051245216.5501181	-2206291.6275336416	-1553388.7549807155	-1617012.6766109755	-901.8700215238393	-251.9738859125002	1501.04149600779
1051245369.9908273	-2336248.9851519843	-1586200.7432755034	-1380929.2824633205	-790.9414170671193	-175.4141708970913	1574.258085612582
1051245520.8620679	-2446966.5272846287	-1606892.1506812717	-1138699.9750935603	-675.8367125530355	-98.68358449630284	1634.8954904658888
1051245666.75762	-2537142.953378455	-1615821.725944599	-896577.2762937418	-559.5971940931602	-23.629685652847513	1682.3641573431753
1051245796.4114865	-2602808.8548979587	-1614543.4466273554	-676236.6453417769	-452.8542150787467	43.36172256731344	1715.0274326088547
1051245950.5901873	-2662623.1194156716	-1601723.2083925363	-409575.323875338	-322.50818710494167	122.8684242668103	1741.9038096731592
1051246101.2914625	-2701449.8609618493	-1577392.4125400644	-145893.2497551815	-192.40749099496063	199.86673519864627	1755.3710927646628
1051246247.541405	-2720250.564538812	-1542768.872728788	111036.980375556	-64.49957871843034	273.3741405044664	1756.186505619102
1051246382.324563	-2720957.6856244854	-1501440.3448762516	347183.7892229938	54.05334508196536	339.6089246099425	1746.1950104270868
1051246440.0	-2716376.4440502445	-1481049.897177514	447691.3608587172	104.80273233447211	367.4074686756423	1738.7728413458865
