1051160040.0	-1.979060471057892e-09	-1.3969838619232178e-09	-9.313225746154785e-10	-4.547473508864641e-13	0.0	1.3642420526593924e-12
1051160050.0	-1.5133991837501526e-09	-1.1059455573558807e-09	-9.313225746154785e-10	-4.547473508864641e-13	-3.410605131648481e-13	1.0231815394945443e-12
1051160090.0	-2.2118911147117615e-09	-1.6589183360338211e-09	-1.3969838619232178e-09	-6.821210263296962e-13	-4.547473508864641e-13	1.9326762412674725e-12
1051160175.9940212	-8.876860374584794e-05	-5.225755739957094e-05	-8.326023817062378e-06	-9.007635526359081e-09	5.939114089414943e-09	5.819742909807246e-08
1051160265.8655624	-0.00011498702224344015	-6.639462662860751e-05	-3.970228135585785e-06	-8.170218279701658e-09	9.622908692108467e-09	7.502944754378404e-08
1051160401.4221781	-0.00012504610640462488	-7.012445712462068e-05	6.597023457288742e-06	-3.153218131046742e-09	1.3625140127260238e-08	8.101221737888409e-08
1051160544.991281	-0.00015057444397825748	-8.18102853372693e-05	2.1758489310741425e-05	3.4708591556409374e-09	2.0407355805218685e-08	9.677890489001584e-08
1051160699.7608567	-0.00021454424131661654	-0.00011249317321926355	5.239620804786682e-05	1.6146941561601125e-08	3.5232119444117416e-08	1.3663668596564094e-07
1051160855.2603136	-0.0002830635057762265	-0.0001428757095709443	9.82494093477726e-05	3.63691015081713e-08	5.4753968470322434e-08	1.785294898581924e-07
1051161010.5493399	-0.0002720092888921499	-0.00013180659152567387	0.00012324191629886627	5.0112475946662016e-08	6.09225025982596e-08	1.6971910099528031e-07
1051161165.6743934	-0.00028897670563310385	-0.000133841997012496	0.00016342010349035263	7.008816282905173e-08	7.394498879875755e-08	1.7822947029344505e-07
1051161320.4678901	-0.00020045414566993713	-8.834665641188622e-05	0.00013696961104869843	6.153095455374569e-08	5.8324189922132064e-08	1.2184113984403666e-07
1051161475.07871	-0.00016172020696103573	-6.729946471750736e-05	0.00013138260692358017	6.096047400205862e-08	5.3204303185339086e-08	9.666496225690935e-08
1051161629.3825237	-0.00022078445181250572	-8.553825318813324e-05	0.0002126665785908699	9.950986168405507e-08	8.157570619005128e-08	1.3010003385716118e-07
1051161783.2340192	-0.00025891419500112534	-9.19140875339508e-05	0.0002934953663498163	1.3881663107895292e-07	1.0778273917821934e-07	1.4989632290962618e-07
1051161936.5607814	-0.0002832415048032999	-8.982210420072079e-05	0.0003774163778871298	1.8030277715297416e-07	1.3348682159630698e-07	1.6051535567385145e-07
1051162089.101806	-0.00022651394829154015	-6.165239028632641e-05	0.0003552937414497137	1.7196509816130856e-07	1.2189431686238095e-07	1.2463260645745322e-07
1051162240.308309	-0.00016748998314142227	-3.627757541835308e-05	0.00031160772778093815	1.5276077647286002e-07	1.0407180184301978e-07	8.859888112056069e-08
1051162389.6301519	-0.0001643877476453781	-2.354290336370468e-05	0.00036918697878718376	1.820311581468559e-07	1.1972788627190312e-07	8.306801646540407e-08
1051162534.4247801	-0.0001648920588195324	-7.335096597671509e-06	0.00045582279562950134	2.25739768211497e-07	1.4376723100895106e-07	7.828089110262226e-08
1051162663.5865083	-0.00013098213821649551	1.0788440704345703e-05	0.0004493442829698324	2.2398052124117385e-07	1.3866488046687664e-07	5.67565621167887e-08
1051162816.8865179	-0.00011137686669826508	3.6878278478980064e-05	0.0005275893490761518	2.6436413236297085e-07	1.58412575501643e-07	3.9410224417224526e-08
1051162967.8605689	-7.290113717317581e-05	6.18204940110445e-05	0.0005432343750726432	2.740032698511641e-07	1.5899857430667907e-07	1.3586259228759445e-08
1051163112.6216065	-3.7814490497112274e-05	9.636231698095798e-05	0.000619454775005579	3.1401516764617554e-07	1.7670294027993805e-07	-1.3388444131123833e-08
1051163253.8029172	5.478039383888245e-06	0.00010304711759090424	0.000524775474332273	2.6827613197610845e-07	1.4634309764005593e-07	-3.570721673895605e-08
1051163378.149066	4.1165389120578766e-05	0.00012861285358667374	0.0005520525155588984	2.836882231349591e-07	1.5051205082272645e-07	-6.00221028435044e-08
1051163536.9438502	9.562820196151733e-05	0.0001695591490715742	0.0006038179853931069	3.1231166985890013e-07	1.5960478094712016e-07	-9.808400136535056e-08
1051163695.6891903	0.00014309491962194443	0.00019220844842493534	0.0005804651882499456	3.028259243365028e-07	1.4863553587929346e-07	-1.272558165510418e-07
1051163854.4111564	0.000191390048712492	0.00021617813035845757	0.0005615639965981245	2.9568457193818176e-07	1.388633563692565e-07	-1.5716659618192352e-07
1051164013.0753765	0.00021656090393662453	0.0002164696343243122	0.00048763095401227474	2.5985343654610915e-07	1.1614588402153458e-07	-1.6905551092349924e-07
1051164171.6754944	0.00026173610240221024	0.00023859390057623386	0.0004683900624513626	2.525472382330918e-07	1.0667349670256954e-07	-1.9690605768118985e-07
1051164330.1710283	0.00025209272280335426	0.00021331780590116978	0.00036455481313169	2.002034307224676e-07	7.90942067396827e-08	-1.8481091501598712e-07
1051164488.491439	0.0002597179263830185	0.00020663870964199305	0.0003066137433052063	1.7181400835397653e-07	6.257516815821873e-08	-1.8646187527338043e-07
1051164646.6292307	0.000308784656226635	0.00023320713080465794	0.00029904674738645554	1.707919636828592e-07	5.6070916798489634e-08	-2.1755795387434773e-07
1051164804.4326065	0.0003636102192103863	0.00026230316143482924	0.00028748949989676476	1.6812919056974351e-07	4.796277153218398e-08	-2.521522901588469e-07
1051164961.8178471	0.00034843478351831436	0.00024092954117804766	0.00022073369473218918	1.3439375834423117e-07	3.122249836451374e-08	-2.389224391663447e-07
1051165118.6505344	0.00032254355028271675	0.00021441830904223025	0.0001591215841472149	1.027271991915768e-07	1.6895455701160245e-08	-2.1924006432527676e-07
1051165274.7300204	0.0002628229558467865	0.0001681601715972647	9.521981701254845e-05	6.820914677518886e-08	5.059177965449635e-09	-1.7790932815842098e-07
1051165420.1678774	0.0003416115650907159	0.00021197991009103134	8.915131911635399e-05	6.976529220992234e-08	-3.6679921322502196e-09	-2.284078846059856e-07
1051165573.8797222	0.00031329458579421043	0.00018780483515001833	4.708161577582359e-05	4.777507456310559e-08	-1.2445070751709864e-08	-2.0857714844169095e-07
1051165723.8865186	0.00038153305649757385	0.00022175395861268044	2.0802486687898636e-05	3.869240572385024e-08	-2.57956571658724e-08	-2.51467483280976e-07
1051165866.461658	0.0004257535038050264	0.00024008797481656075	-1.5479978173971176e-05	2.3408347260556184e-08	-3.967284101236146e-08	-2.785247872338914e-07
1051165986.8345894	0.00034350749774603173	0.00018815603107213974	-4.1647814214229584e-05	6.514028427773155e-09	-3.9159090192697477e-08	-2.2517312459058303e-07
1051166122.9129758	0.0004183903511147946	0.00022261112462729216	-8.518807590007782e-05	-1.0830490282387473e-08	-5.79062771066674e-08	-2.7163662252860377e-07
1051166283.0816773	0.0004046158283017576	0.0002071148483082652	-0.00012527545914053917	-3.140598892059643e-08	-6.777156613679836e-08	-2.6175996481470065e-07
1051166442.8413266	0.0004524426767602563	0.0002226242795586586	-0.0001872032880783081	-5.969423000351526e-08	-8.935069217841374e-08	-2.902781943703303e-07
1051166602.2641447	0.0003554627764970064	0.00016665668226778507	-0.0001903921365737915	-6.653885975538287e-08	-8.161737241607625e-08	-2.2914980490895687e-07
1051166761.3391122	0.0003337259404361248	0.00014861300587654114	-0.00021998677402734756	-8.26689756650012e-08	-8.810650342638837e-08	-2.1486948753590696e-07
1051166919.9254029	0.0002427475992590189	0.00010110228322446346	-0.00019675493240356445	-7.630387699464336e-08	-7.380913302768022e-08	-1.5887178506091004e-07
1051167078.0021544	0.00016286130994558334	6.202561780810356e-05	-0.00016248226165771484	-6.396203389158472e-08	-5.754520771006355e-08	-1.1045335668313783e-07
1051167235.4741879	0.00017376523464918137	6.083888001739979e-05	-0.000201402697712183	-8.338815860042814e-08	-6.979496447456768e-08	-1.1654810805339366e-07
1051167392.0793532	9.484635666012764e-05	2.752360887825489e-05	-0.00013977172784507275	-5.755077836511191e-08	-4.6167087930371054e-08	-6.991513146203943e-08
1051167547.752178	0.00010952213779091835	2.743443474173546e-05	-0.00018423679284751415	-7.978223948157392e-08	-6.04044316787622e-08	-7.804646884324029e-08
1051167702.0479075	0.000136692076921463	2.7989502996206284e-05	-0.0002627763897180557	-1.1851852832478471e-07	-8.526930628249829e-08	-9.250106813851744e-08
1051167854.4126543	0.00014087185263633728	1.91577710211277e-05	-0.0003216888289898634	-1.48816639011784e-07	-1.0267595484947378e-07	-9.309405868407339e-08
1051168003.7774253	9.033828973770142e-05	8.33999365568161e-07	-0.0002664250787347555	-1.2493410395109095e-07	-8.349164204446424e-08	-6.394338925019838e-08
1051168111.327352	0.00010572094470262527	-7.468275725841522e-06	-0.0003561452031135559	-1.6988428797048982e-07	-1.1032076230321763e-07	-7.008407010289375e-08
1051168240.96318	6.461655721068382e-05	-1.9745435565710068e-05	-0.0002973958617076278	-1.4364366052177502e-07	-9.094520692087826e-08	-4.70004124508705e-08
1051168394.9736398	5.735503509640694e-05	-3.9395177736878395e-05	-0.0003788241883739829	-1.8635046217241324e-07	-1.1373384722901392e-07	-3.8653752199024893e-08
1051168546.0729735	3.522355109453201e-05	-6.244983524084091e-05	-0.00043356092646718025	-2.1653912085639604e-07	-1.277743706395995e-07	-2.188494363508653e-08
1051168693.4959056	4.785135388374329e-06	-8.634291589260101e-05	-0.0004677933029597625	-2.3690510886353877e-07	-1.353487846245116e-07	-6.109530659159645e-10
1051168832.3970976	-2.874806523323059e-05	-0.00011047301813960075	-0.0004939924692735076	-2.533592677878005e-07	-1.403675469191512e-07	2.2364247342920862e-08
1051168966.3208004	-6.068451330065727e-05	-0.00012353016063570976	-0.0004668240435421467	-2.4275684040730994e-07	-1.3060332548775477e-07	4.1859721022774465e-08
1051169124.507534	-9.027915075421333e-05	-0.0001293958630412817	-0.0004089061403647065	-2.1665596250386443e-07	-1.1246021358601865e-07	5.8903879107674584e-08
1051169282.2666305	-0.0001452472060918808	-0.0001742192544043064	-0.0004795191343873739	-2.5691900873425766e-07	-1.2785028502548812e-07	9.878272066998761e-08
1051169439.5961177	-0.0001660534180700779	-0.00017258338630199432	-0.00040855351835489273	-2.2354322481987765e-07	-1.0668713912309613e-07	1.0986923371092416e-07
1051169596.4616958	-0.00022963155061006546	-0.0002174554392695427	-0.00045361462980508804	-2.512318815206527e-07	-1.1399811228329781e-07	1.544810857012635e-07
1051169752.9031584	-0.00024162232875823975	-0.0002105941530317068	-0.0003816306125372648	-2.1656990156770917e-07	-9.314658200310078e-08	1.6007834346964955e-07
1051169908.9091489	-0.0002677193842828274	-0.00021864683367311954	-0.0003456829581409693	-2.0081915863556787e-07	-8.099289061647141e-08	1.7668730833975133e-07
1051170064.4969369	-0.0002742959186434746	-0.00021167274098843336	-0.0002893409691751003	-1.734642864903435e-07	-6.480388492491329e-08	1.7969568943954073e-07
1051170219.5417675	-0.00033697602339088917	-0.00024869816843420267	-0.0002958811819553375	-1.810219600884011e-07	-6.100174232415156e-08	2.2232666196941864e-07
1051170374.009244	-0.00043287104927003384	-0.00030707393307238817	-0.0003149728290736675	-1.966454874491319e-07	-5.755646270699799e-08	2.8726208256557584e-07
1051170527.9007199	-0.0005300196353346109	-0.0003621990908868611	-0.00031323498114943504	-2.0156585378572345e-07	-4.803041520062834e-08	3.5203765946789645e-07
1051170681.0667112	-0.0006294411141425371	-0.0004152190522290766	-0.00029362738132476807	-1.973260168597335e-07	-3.316051788715413e-08	4.1742111989151454e-07
1051170833.3002818	-0.0005822703242301941	-0.0003705784329213202	-0.000200596172362566	-1.4750912669114769e-07	-1.1150859791086987e-08	3.836668156509404e-07
1051170973.8304172	-0.0005204936023801565	-0.0003206787660019472	-0.0001237313263118267	-1.0512530934647657e-07	4.913999873679131e-09	3.409771238693793e-07
1051171123.6409888	-0.0005580829456448555	-0.0003331126063130796	-7.634004577994347e-05	-8.292272468679585e-08	2.206934368587099e-08	3.6451660889724735e-07
1051171269.8011931	-0.0005210597300902009	-0.0003011323278769851	-1.937616616487503e-05	-5.174115358386189e-08	3.498951173241949e-08	3.388864513453882e-07
1051171408.4356532	-0.0004816481960006058	-0.0002698246971704066	2.6895198971033096e-05	-2.5876943254843354e-08	4.465414349397179e-08	3.121081064705322e-07
1051171535.0417901	-0.0005482873857545201	-0.00029912416357547045	7.280055433511734e-05	-5.857145879417658e-09	6.40923190076137e-08	3.5417426147432707e-07
1051171648.1757913	-0.0005256592412479222	-0.0002793213352560997	0.0001089656725525856	1.3955286704003811e-08	7.241840194183169e-08	3.3851006264740136e-07
1051171803.9549409	-0.00043082807678729296	-0.0002199865411967039	0.00013628555461764336	3.3564901968929917e-08	7.18235924068722e-08	2.765924023151456e-07
1051171959.3869989	-0.00044939981307834387	-0.00022070156410336494	0.00018820911645889282	5.980200512567535e-08	8.878100743459072e-08	2.869890067813685e-07
1051172114.6554799	-0.0004744443576782942	-0.0002233439590781927	0.00024941563606262207	9.050631888385396e-08	1.089632633011206e-07	3.0093815439613536e-07
1051172269.640477	-0.00052110874094069	-0.00023415684700012207	0.00033252499997615814	1.3129852050042246e-07	1.37320284920861e-07	3.2756838663772214e-07
1051172424.377856	-0.00048406049609184265	-0.00020567863248288631	0.00037102028727531433	1.5372984307759907e-07	1.4528143310599262e-07	3.0211879220587434e-07
1051172578.8781519	-0.0004185526631772518	-0.0001662673894315958	0.0003816131502389908	1.6342892195098102e-07	1.4273234683059854e-07	2.596523245301796e-07
1051172733.0153296	-0.00034474278800189495	-0.0001259364653378725	0.000372142530977726	1.6334456631739158e-07	1.3377740515352343e-07	2.1286882656568196e-07
1051172886.7583573	-0.00034744851291179657	-0.00011494546197354794	0.0004379784222692251	1.9763706404773984e-07	1.53079724896088e-07	2.1142614059499465e-07
1051173039.9200227	-0.00034996052272617817	-0.00010147690773010254	0.0005162428133189678	2.3822417460905854e-07	1.7579208133611246e-07	2.0903644326608628e-07
1051173192.1940022	-0.00027353130280971527	-6.445660255849361e-05	0.00048153288662433624	2.2542906208400382e-07	1.5950286069710273e-07	1.618473106645979e-07
1051173343.0662059	-0.00019484059885144234	-3.1699659302830696e-05	0.0004176523070782423	1.9796902961388696e-07	1.3488423178387166e-07	1.1488191375974566e-07
1051173491.6871315	-0.00016995146870613098	-1.2186123058199883e-05	0.0004455174785107374	2.1430867036542622e-07	1.4090092292917689e-07	9.750056051416323e-08
1051173601.6992682	-0.00015855580568313599	2.9068905860185623e-06	0.0004906206158921123	2.38366510529886e-07	1.5280816256790786e-07	8.791494110482745e-08
1051173735.3418965	-0.00012681446969509125	2.3373868316411972e-05	0.0005029535386711359	2.470354161232535e-07	1.5377602835542348e-07	6.700975063722581e-08
1051173888.3337172	-7.948093116283417e-05	4.344130866229534e-05	0.0004664393491111696	2.3201096155389678e-07	1.3979533264318889e-07	3.863237907353323e-08
1051174039.163696	-4.9301888793706894e-05	6.885849870741367e-05	0.0005094537045806646	2.5630728828218707e-07	1.4949506521588773e-07	1.6739249986130744e-08
1051174182.7182658	-7.460359483957291e-06	7.637636736035347e-05	0.0004234981315676123	2.1606413724839513e-07	1.2234210089445696e-07	-5.2061750466236845e-09
1051174323.6962332	2.321787178516388e-05	9.632715955376625e-05	0.00043630582513287663	2.2511137842684548e-07	1.236098228218907e-07	-2.5670260583865456e-08
1051174451.67474	5.390401929616928e-05	0.0001175727229565382	0.0004558921791613102	2.3748904709464114e-07	1.2670966498262715e-07	-4.650087248592172e-08
1051174610.5023528	9.605055674910545e-05	0.00014550285413861275	0.00047623005229979753	2.5104162659772555e-07	1.2898766499347403e-07	-7.51686002331553e-08
1051174769.2631271	0.00011585559695959091	0.00013935426250100136	0.00038456590846180916	2.0719244275824167e-07	1.0244343684462365e-07	-8.311644705827348e-08
1051174928.0047408	0.00014169421046972275	0.00014773872680962086	0.000351139809936285	1.92969196177728e-07	9.141513146460056e-08	-9.839482117968146e-08
1051175086.6481165	0.0002009160816669464	0.00019080541096627712	0.0003997760359197855	2.2160520529723726e-07	9.98613813862903e-08	-1.398973381583346e-07
1051175245.227931	0.0002584359608590603	0.00022704037837684155	0.0004176371730864048	2.3469419829780236e-07	9.996222161134938e-08	-1.7861816559161525e-07
1051175403.6741822	0.0003371797502040863	0.0002780825598165393	0.0004496320616453886	2.559086169640068e-07	1.0194264632445993e-07	-2.318222414032789e-07
1051175562.0255142	0.0004149898886680603	0.0003239506622776389	0.0004572528414428234	2.6485781745577697e-07	9.728398708830355e-08	-2.8312138056207914e-07
1051175720.0940927	0.0004246644675731659	0.000314964447170496	0.00038105249404907227	2.2844187697046436e-07	7.591768280690303e-08	-2.861584107449744e-07
1051175877.876951	0.00045387563295662403	0.0003219990758225322	0.0003304220736026764	2.0580478121701162e-07	5.972833605483174e-08	-3.0330750178109156e-07
1051176035.2716324	0.0004113030154258013	0.00027939624851569533	0.0002343086525797844	1.567773324495647e-07	3.767627276829444e-08	-2.721385499171447e-07
1051176192.1045502	0.0004034298472106457	0.00026362427161075175	0.0001750783994793892	1.2789473657903727e-07	2.2470544536190573e-08	-2.6541886199993314e-07
1051176348.0679638	0.00036835367791354656	0.00023166780738392845	0.00011240318417549133	9.582936399965547e-08	8.764686754147988e-09	-2.4126529751811177e-07
1051176491.6269451	0.00045607949141412973	0.0002790847502183169	9.843194857239723e-05	9.435620995645877e-08	-2.938350007752888e-09	-2.983114200105774e-07
1051176645.2334619	0.0005482189590111375	0.00032552602351643145	6.610574200749397e-05	8.385632099816576e-08	-2.0194647731841542e-08	-3.5746688809012994e-07
1051176794.9063632	0.0004974367329850793	0.00028540717903524637	7.64802098274231e-06	5.281958692648914e-08	-3.151149030600209e-08	-3.238528734073043e-07
1051176936.7707676	0.0004138502408750355	0.00022918038303032517	-3.706105053424835e-05	2.679894350876566e-08	-3.611057763919234e-08	-2.70002701086014e-07
1051177062.9993588	0.0004409646317071747	0.000237705884501338	-7.357681170105934e-05	1.0542180461925454e-08	-4.8682295528124087e-08	-2.8729641599056777e-07
1051177189.6576724	0.00037875634734518826	0.00019736390095204115	-9.895302355289459e-05	-4.989942681277171e-09	-5.0084963731933385e-08	-2.4810225340843317e-07
1051177349.9648129	0.000341997598297894	0.00017070781905204058	-0.00012875068932771683	-2.1816276785102673e-08	-5.5385839914379176e-08	-2.2549704681296134e-07
1051177509.737424	0.000348847359418869	0.00016698951367288828	-0.00016881804913282394	-4.166940925642848e-08	-6.763423243683064e-08	-2.3030531792755937e-07
1051177669.1611402	0.00042003276757895947	0.00019328645430505276	-0.00024412618950009346	-7.587664185848553e-08	-9.558482361171627e-08	-2.745420033534174e-07
1051177828.2011083	0.0003528418019413948	0.0001530144363641739	-0.00025419658049941063	-8.518941285728943e-08	-9.308007520303363e-08	-2.3347149635810638e-07
1051177986.812701	0.00041748792864382267	0.00017185346223413944	-0.00034906715154647827	-1.2997452358831652e-07	-1.2608529686986003e-07	-2.7254804990661796e-07
1051178144.7962613	0.0003722615074366331	0.0001419296022504568	-0.00037064123898744583	-1.443424935132498e-07	-1.290103455175995e-07	-2.448323357384652e-07
1051178302.2163726	0.00034186244010925293	0.00011871103197336197	-0.00040144892409443855	-1.627645360713359e-07	-1.3594763004221022e-07	-2.2603558136324864e-07
1051178458.8266467	0.00033429963514208794	0.00010345526970922947	-0.00045889802277088165	-1.934993179020239e-07	-1.5242738982124138e-07	-2.204351403634064e-07
1051178614.4660642	0.0003554900176823139	9.498186409473419e-05	-0.000566928880289197	-2.48214632847521e-07	-1.8561064507593983e-07	-2.3067741494742222e-07
1051178768.8396969	0.00026641739532351494	5.3638359531760216e-05	-0.000517020933330059	-2.301039785379544e-07	-1.6517452650077757e-07	-1.7763409232429694e-07
1051178921.2939676	0.00022780708968639374	2.7716858312487602e-05	-0.0005374064203351736	-2.445831341901794e-07	-1.6881182318684296e-07	-1.533271642983891e-07
1051179070.194587	0.00019263848662376404	2.5997869670391083e-06	-0.0005638864822685719	-2.6204509140370646e-07	-1.744726461083701e-07	-1.3070666682324372e-07
1051179182.0154864	0.0001636114902794361	-1.7013633623719215e-05	-0.0005798732163384557	-2.733886503847316e-07	-1.7742904745432497e-07	-1.1222164175705984e-07
1051179307.3113898	0.00010886974632740021	-3.7067336961627007e-05	-0.0005210781237110496	-2.488931158950436e-07	-1.5744072356937977e-07	-8.068036549957469e-08
1051179461.8717693	6.304914131760597e-05	-5.8726873248815536e-05	-0.0004974607145413756	-2.422226543785655e-07	-1.4832571082479262e-07	-5.281208359519951e-08
1051179612.9278972	3.815069794654846e-05	-9.29725356400013e-05	-0.0006026699556969106	-2.9926962952231406e-07	-1.769176094512659e-07	-3.195327735738829e-08
1051179760.5187032	-4.27616760134697e-06	-0.00012587686069309711	-0.0006482855533249676	-3.2733655075389834e-07	-1.8730963802227052e-07	-2.3910615709610283e-09
1051179898.5144465	-5.108583718538284e-05	-0.00016513443551957607	-0.0007141309324651957	-3.6574937922750905e-07	-2.0284591073504998e-07	3.117543201369699e-08
1051180034.1602845	-9.964033961296082e-05	-0.00018923403695225716	-0.0006951350951567292	-3.614296417708829e-07	-1.9450362742645666e-07	6.204322744451929e-08
1051180192.3456745	-0.00014926213771104813	-0.00020720227621495724	-0.0006407334003597498	-3.3962760426220484e-07	-1.7624000747673563e-07	9.26081611396512e-08
1051180350.0884511	-0.00021653436124324799	-0.0002525807358324528	-0.0006773739587515593	-3.647567154985154e-07	-1.8168645965488395e-07	1.393434558849549e-07
1051180507.397358	-0.00026688259094953537	-0.0002732665743678808	-0.0006350681651383638	-3.488650008875993e-07	-1.6646890799165703e-07	1.7162778931378853e-07
1051180664.2991142	-0.0003086109645664692	-0.00028647552244365215	-0.0005793382879346609	-3.2550042305956595e-07	-1.4811735127295833e-07	1.979556145670358e-07
1051180820.7273275	-0.0003276714123785496	-0.000280837994068861	-0.0004925825633108616	-2.849068323484971e-07	-1.2297698503971333e-07	2.082981609419221e-07
1051180976.7361685	-0.00032204389572143555	-0.00025788380298763514	-0.0003888963256031275	-2.3408404103975045e-07	-9.517350463283947e-08	2.0195921024424024e-07
1051181132.2802452	-0.0003203367814421654	-0.00024244259111583233	-0.0003129146061837673	-1.9728781808225904e-07	-7.460641882062191e-08	1.9966137188021094e-07
1051181287.3111936	-0.000344360014423728	-0.0002490247134119272	-0.0002754596062004566	-1.812475147744408e-07	-6.231857696548104e-08	2.1610662770399358e-07
1051181441.8161069	-0.00035255681723356247	-0.00024435779778286815	-0.00022637145593762398	-1.5816408449609298e-07	-4.8061679081001785e-08	2.2178551262186375e-07
1051181595.6522847	-0.0003458182327449322	-0.00023024401161819696	-0.00017244461923837662	-1.315438566962257e-07	-3.366994860698469e-08	2.175656845793128e-07
1051181748.8184477	-0.00038956827484071255	-0.00025107990950345993	-0.00015070708468556404	-1.2382952263578773e-07	-2.3501115720137022e-08	2.478434453223599e-07
1051181901.0574541	-0.0004641707055270672	-0.0002904517823481001	-0.00013382313773036003	-1.2001396498817485e-07	-1.1685415302054025e-08	2.984621687573963e-07
1051182040.6856678	-0.0005343381781131029	-0.0003253113245591521	-0.00010653724893927574	-1.1048246051359456e-07	2.6926727514364757e-09	3.453917543083662e-07
1051182190.4507259	-0.0006134483264759183	-0.00036259685293771327	-6.518419831991196e-05	-9.39351139095379e-08	2.2086624085204676e-08	3.976304014940979e-07
1051182336.5004672	-0.0006511448882520199	-0.00037333957152441144	-8.588191121816635e-06	-6.716891221003607e-08	4.200353487249231e-08	4.2199373240237037e-07
1051182474.7415338	-0.0005750154959969223	-0.0003190449206158519	4.833098500967026e-05	-3.4018512451439165e-08	5.141760084370617e-08	3.7204354441655596e-07
1051182572.7371496	-0.0004985373379895464	-0.00026967667508870363	7.832981646060944e-05	-1.4613306120736524e-08	5.306060302245896e-08	3.224950830826856e-07
1051182709.3136975	-0.0005545302701648325	-0.0002914564684033394	0.0001318124122917652	1.0007624950958416e-08	7.397477475024061e-08	3.5852275459546945e-07
1051182864.9706234	-0.0006126014632172883	-0.00031086255330592394	0.00020399177446961403	4.457274371816311e-08	1.0066059985547327e-07	3.9505300719611114e-07
1051183020.4395144	-0.000582026899792254	-0.00028338527772575617	0.00025664130225777626	7.404173629765864e-08	1.1362453733454458e-07	3.747931032194174e-07
1051183175.7091727	-0.0005083829164505005	-0.0002359835198149085	0.00028481055051088333	9.343239071313292e-08	1.1572672065085499e-07	3.2770049074315466e-07
1051183330.8059598	-0.0004396899603307247	-0.0001932675950229168	0.00030321255326271057	1.0770895642053802e-07	1.1559905033209361e-07	2.842215280907112e-07
1051183485.5973066	-0.0004721623845398426	-0.0001966285053640604	0.0003829151391983032	1.4808847481617704e-07	1.4220745470083784e-07	3.029080062333378e-07
1051183640.089301	-0.0005093174986541271	-0.00019906158559024334	0.0004815300926566124	1.9796175365627278e-07	1.7456750356359407e-07	3.233360530430218e-07
1051183794.2724819	-0.00042263278737664223	-0.00015090801753103733	0.00047454889863729477	2.0054358174093068e-07	1.657121515563631e-07	2.690755991352489e-07
1051183947.9719764	-0.00045469985343515873	-0.00014705024659633636	0.0005909502506256104	2.598569608380785e-07	2.0255515664757695e-07	2.8474983082560357e-07
1051184101.1187596	-0.00043894979171454906	-0.00012331455945968628	0.0006683866959065199	3.01825707538228e-07	2.2396801568902447e-07	2.713811682042433e-07
1051184253.4157445	-0.00037380727007985115	-8.424860425293446e-05	0.0006782596465200186	3.120167093584314e-07	2.218454824287619e-07	2.29674924412393e-07
1051184404.4253051	-0.0003261934034526348	-5.0600385293364525e-05	0.000712227076292038	3.3356400308548473e-07	2.2808254129813577e-07	1.9782100935117342e-07
1051184552.7462285	-0.0002678185701370239	-1.5669502317905426e-05	0.00072066904976964	3.427046522119781e-07	2.2616596595526062e-07	1.6034800864872523e-07
1051184665.438041	-0.0002380511723458767	9.580515325069427e-06	0.0007640357362106442	3.6758171972905984e-07	2.3635524826204346e-07	1.3927842701377813e-07
1051184799.2517529	-0.00016818474978208542	3.9251288399100304e-05	0.0007104005198925734	3.4572587992443005e-07	2.159833982773307e-07	9.780728760233615e-08
1051184952.4912902	-0.00013558100908994675	7.979664951562881e-05	0.0008255898137576878	4.077326138940407e-07	2.4616628024887177e-07	7.042694960546214e-08
1051185103.4376556	-7.825950160622597e-05	0.00012101978063583374	0.000870234944159165	4.3525423620849324e-07	2.54374043606731e-07	3.102604750893079e-08
1051185246.7877232	-1.5921425074338913e-05	0.00015820376574993134	0.0008786291000433266	4.446179957540153e-07	2.5199136644005193e-07	-9.56265466811601e-09
1051185387.9092554	4.6343542635440826e-05	0.00018489500507712364	0.0008321338100358844	4.2631687335870083e-07	2.3440708218913642e-07	-4.70424765808275e-08
1051185517.3142736	9.553739801049232e-05	0.0001972760073840618	0.0007496698526665568	3.8915283084861585e-07	2.080456624753424e-07	-7.406765689665917e-08
1051185676.1329263	0.00015643006190657616	0.00022862711921334267	0.0007317635463550687	3.8555197079404024e-07	1.985998778764042e-07	-1.128830717789242e-07
1051185834.8924779	0.00023674452677369118	0.0002854194026440382	0.0007892458233982325	4.20809271872713e-07	2.0810125533898827e-07	-1.6868307284312323e-07
1051185993.6383123	0.0003206930123269558	0.00033760908991098404	0.0008116597309708595	4.385792635730468e-07	2.0753009266627487e-07	-2.2495692064694595e-07
1051186152.2889038	0.00036840466782450676	0.0003486946225166321	0.0007268351037055254	4.0071370221994584e-07	1.8076445940096164e-07	-2.5200438358297106e-07
1051186310.912306	0.00047703925520181656	0.00041829817928373814	0.0007667005993425846	4.284182750780019e-07	1.8259356693306472e-07	-3.2545153771934565e-07
1051186469.3996878	0.0005813669413328171	0.00047799013555049896	0.0007674223743379116	4.362394747658982e-07	1.739933850330999e-07	-3.9405699681083206e-07
1051186627.6849779	0.0006299484521150589	0.0004891674034297466	0.0006804768927395344	3.973400453105569e-07	1.46437400871946e-07	-4.22154471380054e-07
1051186785.7013953	0.0006646204274147749	0.0004909881390631199	0.0005860915407538414	3.539987574185943e-07	1.180756044050213e-07	-4.411697318573715e-07
1051186943.4942255	0.0007684947922825813	0.0005442486144602299	0.0005543963052332401	3.454499619692797e-07	1.0042344911198597e-07	-5.082548568680068e-07
1051187100.8836087	0.0008706157095730305	0.0005930931656621397	0.0005047647282481194	3.277800715295598e-07	7.793164513714146e-08	-5.734094656872912e-07
1051187257.6440185	0.0008910903707146645	0.0005846200219821185	0.00039887847378849983	2.7776422939496115e-07	4.747528237203369e-08	-5.834099283674732e-07
1051187413.5832943	0.0008899904787540436	0.0005633577311527915	0.00029050465673208237	2.2527683540829457e-07	1.8217406250187196e-08	-5.797196536150295e-07
1051187556.641402	0.0009594425791874528	0.0005891272303415462	0.0002176244743168354	1.9398885342525318e-07	-7.893049769336358e-09	-6.23049970727152e-07
1051187710.1227298	0.0009614278096705675	0.0005710652039851993	0.00011680973693728447	1.451198841095902e-07	-3.562058736861218e-08	-6.221648618520703e-07
1051187859.8066859	0.0009071672684513032	0.0005212065880186856	1.7624348402023315e-05	9.393420441483613e-08	-5.785977919003926e-08	-5.855118132558346e-07
1051188001.5379928	0.0010016970918513834	0.0005590437795035541	-6.705988198518753e-05	5.755236998084001e-08	-8.992435596155701e-08	-6.448344471721157e-07
1051188128.9522227	0.0009220250176440459	0.0004994679475203156	-0.00014109304174780846	1.7140109775937162e-08	-1.0313567599951057e-07	-5.930571376211446e-07
1051188252.6781933	0.000999791722279042	0.0005272909766063094	-0.00022811396047472954	-2.1664618543582037e-08	-1.3448629943013657e-07	-6.413758342205256e-07
1051188412.9058702	0.0009580641053617001	0.0004858586471527815	-0.0003206147812306881	-7.000767254794482e-08	-1.5685589005443035e-07	-6.139279662420449e-07
1051188572.6673129	0.0009696563938632607	0.00047205330338329077	-0.00042787473648786545	-1.2324107956374064e-07	-1.883840923255775e-07	-6.199184099386912e-07
1051188732.081227	0.0008844761177897453	0.0004106971900910139	-0.0004947446286678314	-1.618805072212126e-07	-2.001797838602215e-07	-5.660358510795049e-07
1051188891.1703373	0.0007991848979145288	0.0003517081495374441	-0.0005488521419465542	-1.9456774680293165e-07	-2.086768517983728e-07	-5.126584028403158e-07
1051189049.7297463	0.0007562136743217707	0.0003133108839392662	-0.0006216876208782196	-2.347233021282591e-07	-2.2639608232566388e-07	-4.853327482123859e-07
1051189207.753662	0.0007147018332034349	0.0002756479661911726	-0.0006950413808226585	-2.7545161174202804e-07	-2.4458768166368827e-07	-4.587759576679673e-07
1051189365.0905783	0.0006324916612356901	0.00022252160124480724	-0.0007275952957570553	-2.9838111004210077e-07	-2.4799874154268764e-07	-4.0794429878587835e-07
1051189521.7084959	0.0006436151452362537	0.00020318781025707722	-0.0008624829351902008	-3.677598670037696e-07	-2.883187448787794e-07	-4.1170005715684965e-07
1051189677.3776479	0.0006223637610673904	0.00016890093684196472	-0.0009788463357836008	-4.300156888348283e-07	-3.207484269296401e-07	-3.953709892812185e-07
1051189831.6845424	0.0005474495701491833	0.00011710473336279392	-0.0010262883733958006	-4.610368478097371e-07	-3.293679355920176e-07	-3.476427536952542e-07
1051189984.1231523	0.000499185174703598	7.077609188854694e-05	-0.0011249077506363392	-5.165196625966928e-07	-3.5467101611175167e-07	-3.141894922009669e-07
1051190133.4062425	0.0004326086491346359	1.8662307411432266e-05	-0.0011990126222372055	-5.609471145362477e-07	-3.715756946576221e-07	-2.6978250389220193e-07
1051190246.522089	0.00036275945603847504	-2.3677945137023926e-05	-0.0012119760503992438	-5.741107997891959e-07	-3.706840878692219e-07	-2.25635631068144e-07
1051190370.4125878	0.00029431888833642006	-7.019471377134323e-05	-0.0012510954402387142	-6.007704200783337e-07	-3.7739255276392214e-07	-1.809494278859347e-07
1051190524.843675	0.00021260743960738182	-0.00013328809291124344	-0.00133748835651204	-6.530289056172478e-07	-3.965768939906411e-07	-1.2502505342126824e-07
1051190675.9652678	0.00012481492012739182	-0.00020481226965785027	-0.0014499275130219758	-7.188573647454177e-07	-4.2243053144375153e-07	-6.34570369584253e-08
1051190823.4446356	1.2983102351427078e-05	-0.00024987361393868923	-0.0013513159938156605	-6.796900748895496e-07	-3.8724255091437954e-07	3.927425495930947e-09
1051190961.6876067	-8.285604417324066e-05	-0.00031679426319897175	-0.0014154537348076701	-7.214472717009812e-07	-3.9865039980213623e-07	6.920754458406009e-08
1051191096.7775842	-0.00018448848277330399	-0.0003807190805673599	-0.0014464898267760873	-7.467810405614728e-07	-4.00195403926773e-07	1.370472091366537e-07
1051191254.9627944	-0.00029762228950858116	-0.00043504219502210617	-0.0013926159590482712	-7.304746532099671e-07	-3.771502861127374e-07	2.091953774652211e-07
1051191412.6914554	-0.00042512034997344017	-0.000509992940351367	-0.001404013717547059	-7.478314500986016e-07	-3.7084510040585883e-07	2.943472736660624e-07
1051191570.0043353	-0.000523880124092102	-0.0005471298936754465	-0.0013029742985963821	-7.064530791467405e-07	-3.3549429190316005e-07	3.559514425433008e-07
1051191726.9127618	-0.0006563076749444008	-0.0006207353435456753	-0.001292527886107564	-7.125803449525847e-07	-3.2217872103501577e-07	4.4424655243346933e-07
1051191883.3681802	-0.0007467297837138176	-0.0006519051967188716	-0.0011851426679641008	-6.668964260825305e-07	-2.852958687071805e-07	5.009990218241001e-07
1051192039.3530779	-0.0008872691541910172	-0.0007268839981406927	-0.0011575897224247456	-6.641614618274616e-07	-2.659226083778776e-07	5.945501015958143e-07
1051192194.8780515	-0.0010292865335941315	-0.0007987298304215074	-0.001109149307012558	-6.505274541268591e-07	-2.4027588096942054e-07	6.88379941493622e-07
1051192349.9596653	-0.0010875791776925325	-0.000803748145699501	-0.0009607430547475815	-5.810140919493278e-07	-1.9398294170969166e-07	7.231133167806547e-07
1051192504.4746011	-0.0011817265767604113	-0.0008367134141735733	-0.0008516190573573112	-5.330080057319719e-07	-1.5512966911046533e-07	7.832431947463192e-07
1051192658.3413477	-0.0012238116469234228	-0.0008328432450070977	-0.0007051201537251472	-4.626620011549676e-07	-1.1031045232812176e-07	8.077345228230115e-07
1051192811.5161371	-0.001271414803341031	-0.0008341217180714011	-0.0005691172555088997	-3.975167146563763e-07	-6.767743343516486e-08	8.36344725030358e-07
1051192963.8278404	-0.0013765029143542051	-0.0008729333712835796	-0.0004578954540193081	-3.476941401459044e-07	-2.64373056779732e-08	9.035724133354961e-07
1051193103.5030814	-0.0014098212122917175	-0.0008670157403685153	-0.00032692356035113335	-2.8355839276628103e-07	1.3801241038891021e-08	9.2262428097456e-07
1051193253.1681565	-0.0015117768198251724	-0.000900730665307492	-0.00019832374528050423	-2.2389917830878403e-07	6.005518571328139e-08	9.866947152659122e-07
1051193399.3250651	-0.0015791953192092478	-0.0009121184120886028	-5.600554868578911e-05	-1.550258730276255e-07	1.0710675724112662e-07	1.0273259221094122e-06
1051193537.7537364	-0.0015118069713935256	-0.0008467987063340843	8.502556011080742e-05	-7.934636414574925e-08	1.4127977010502946e-07	9.79913238552399e-07
1051193635.7576939	-0.0014511716435663402	-0.000794927473179996	0.00017567025497555733	-2.972888069052715e-08	1.616842837393051e-07	9.383225290093833e-07
1051193771.2135147	-0.0015137012815102935	-0.000804434297606349	0.0003132089041173458	3.765194378502201e-08	2.0717675397463609e-07	9.752341156854527e-07
1051193926.9811261	-0.0015087505453266203	-0.000772539060562849	0.00046588387340307236	1.1696602086885832e-07	2.5101178380282363e-07	9.67664618656272e-07
1051194082.4057924	-0.0015514030819758773	-0.0007637995295226574	0.0006396598182618618	2.0480410967138596e-07	3.053237378480844e-07	9.895741186483065e-07
1051194237.6400632	-0.0014320309273898602	-0.0006743859266862273	0.0007513826712965965	2.697076979529811e-07	3.270660045018303e-07	9.091814945350052e-07
1051194392.6573981	-0.001397560117766261	-0.0006269395817071199	0.0008972273208200932	3.4773393053910695e-07	3.663955112642725e-07	8.818053629511269e-07
1051194547.4822582	-0.0014118056278675795	-0.000599598977714777	0.0010835309512913227	4.439882559381658e-07	4.2166300318058347e-07	8.834879281494068e-07
1051194701.9803691	-0.0013833432458341122	-0.0005506849847733974	0.0012550982646644115	5.350418632588116e-07	4.687619821197586e-07	8.578681445214897e-07
1051194856.1644849	-0.0012648745905607939	-0.00046470225788652897	0.0013515078462660313	5.925332970946329e-07	4.863186404691078e-07	7.777155133226188e-07
1051195009.9851213	-0.0012137454468756914	-0.000403557438403368	0.001519354758784175	6.829379799455637e-07	5.301614010022604e-07	7.369592367467703e-07
1051195163.1000775	-0.0011159300338476896	-0.00032431050203740597	0.0016423100605607033	7.528914238719153e-07	5.569979748543119e-07	6.681784725515172e-07
1051195315.3203794	-0.0010160687379539013	-0.0002431655302643776	0.0017690977547317743	8.248609901784221e-07	5.846436579304282e-07	5.976116881356575e-07
1051195466.1888816	-0.000922895036637783	-0.00016093463636934757	0.001921637449413538	9.09485834199586e-07	6.200158395586186e-07	5.296828931022901e-07
1051195614.4863881	-0.0008234232664108276	-7.294910028576851e-05	0.0020855194889009	1.000044790089305e-06	6.578366509302214e-07	4.568230451695854e-07
1051195727.6235063	-0.0006739548407495022	2.9443763196468353e-06	0.002036003628745675	9.843431598710595e-07	6.311488434107559e-07	3.6373126022226643e-07
1051195861.3436629	-0.0005206353962421417	8.5439532995224e-05	0.0020096180960536003	9.80984850684763e-07	6.107786205689081e-07	2.6681209419621155e-07
1051196014.5488346	-0.0003521125763654709	0.00017284066416323185	0.0019634203636087477	9.688517366157612e-07	5.837012793108443e-07	1.6098192645586096e-07
1051196165.4136807	-0.00020658038556575775	0.0002620359882712364	0.0019955679308623075	9.95144205262477e-07	5.805088107990741e-07	6.539175956277177e-08
1051196308.9293387	-5.878973752260208e-05	0.0003327932208776474	0.0019241111003793776	9.691560620694872e-07	5.48323498605896e-07	-2.572755875007715e-08
1051196449.2884561	7.887976244091988e-05	0.0004284554161131382	0.0020137951360084116	1.0238948320306918e-06	5.616779503725411e-07	-1.1969746083195787e-07
1051196578.896428	0.00020992709323763847	0.00049553532153368	0.0019732178188860416	1.0124731204541604e-06	5.395003768171591e-07	-2.0193419913994148e-07
1051196737.8071843	0.0003701294772326946	0.0005795983597636223	0.0019344341708347201	1.00400444580373e-06	5.153067945684597e-07	-3.036047928617336e-07
1051196896.5682026	0.0005047810263931751	0.0006282005924731493	0.0017860056832432747	9.392093716087402e-07	4.6325408220582176e-07	-3.8274242797342595e-07
1051197055.2888668	0.0006379908882081509	0.0006836764514446259	0.0016780020669102669	8.947603191700182e-07	4.225021257298067e-07	-4.635105597117217e-07
1051197213.9563649	0.0007871049456298351	0.0007576330099254847	0.0016193788032978773	8.759452612139285e-07	3.938563395422534e-07	-5.575611794483848e-07
1051197372.5348744	0.0008821110241115093	0.0007799614686518908	0.001451816176995635	7.998382898222189e-07	3.402481070224894e-07	-6.109405603638152e-07
1051197530.9706959	0.0010590683668851852	0.0008762317011132836	0.0014269081875681877	7.993419330887264e-07	3.181933152518468e-07	-7.252742761920672e-07
1051197689.2601441	0.0011793170124292374	0.000921446830034256	0.0013038725592195988	7.468441935998271e-07	2.743870481936028e-07	-7.979608653840842e-07
1051197847.3426796	0.001242570811882615	0.0009232178563252091	0.0011235405690968037	6.628013125009602e-07	2.2007588995620608e-07	-8.312442787428154e-07
1051198005.1247494	0.0013125997502356768	0.0009328419691883028	0.0009641405194997787	5.895265076105716e-07	1.7079116787499515e-07	-8.704191714059561e-07
1051198162.446604	0.0013591544702649117	0.000927553977817297	0.0007967958226799965	5.110036909172777e-07	1.2138423244323349e-07	-8.944912224251311e-07
1051198319.249453	0.0013957105111330748	0.0009173783764708787	0.0006337584927678108	4.339890438131988e-07	7.394135081995046e-08	-9.127725206781179e-07
1051198475.2508019	0.0014311284758150578	0.0009079956798814237	0.00047829607501626015	3.605196070566308e-07	2.851606950571295e-08	-9.310872428613948e-07
1051198618.6163875	0.0015363042475655675	0.0009453607053728774	0.00035921577364206314	3.0855267141305376e-07	-1.3497697182174306e-08	-9.959490512301272e-07
1051198772.3106862	0.0015040625585243106	0.0008950425835791975	0.00019160425290465355	2.250760644528782e-07	-5.6378326007688884e-08	-9.708946322461998e-07
1051198922.0674144	0.0015793811180628836	0.0009108301601372659	4.8712361603975296e-05	1.5923205864964984e-07	-1.0258474958391162e-07	-1.016165796841051e-06
1051199063.8675501	0.0015373309142887592	0.000859469233546406	-9.496929123997688e-05	8.656979844090529e-08	-1.3837359347235179e-07	-9.862909493563166e-07
1051199190.9547926	0.0014585238895961083	0.0007921720389276743	-0.000212149228900671	2.4848532120813616e-08	-1.636507249713759e-07	-9.340004964997206e-07
1051199315.8874573	0.00151788693619892	0.0008018589578568935	-0.00033924775198102	-3.4829781725420617e-08	-2.045109113169019e-07	-9.696872780295962e-07
1051199476.1668562	0.0015939433360472322	0.0008112076902762055	-0.0005181701853871346	-1.2002874427707866e-07	-2.617202881083358e-07	-1.01472403457592e-06
1051199635.9285376	0.0016296617686748505	0.0007965615950524807	-0.0007021822966635227	-2.1037317310401704e-07	-3.169267301927903e-07	-1.0338205811422085e-06
1051199795.3771341	0.0015329851303249598	0.000715774716809392	-0.0008366401307284832	-2.8359954740153626e-07	-3.467160922809853e-07	-9.707421213533962e-07
1051199954.4227375	0.0014846243429929018	0.0006589831318706274	-0.0009899288415908813	-3.6419464777281974e-07	-3.8641337596345693e-07	-9.376033176522469e-07
1051200112.9985775	0.0013982760719954967	0.0005852221511304379	-0.0011184527538716793	-4.350399649410974e-07	-4.1612850054661976e-07	-8.812686473902431e-07
1051200271.0816989	0.0012857133988291025	0.0005015667993575335	-0.001220345962792635	-4.945718501403462e-07	-4.3640022795443656e-07	-8.092538337223232e-07
1051200428.4989501	0.001177857629954815	0.0004214479122310877	-0.0013177799992263317	-5.521687853615731e-07	-4.5612557642016327e-07	-7.401822585961781e-07
1051200585.1763998	0.0011116876266896725	0.00035665486939251423	-0.0014596947003155947	-6.302605015662266e-07	-4.921624281450931e-07	-6.95319158694474e-07
1051200740.7449832	0.0009784707799553871	0.0002693389542400837	-0.0015188923571258783	-6.711220521538053e-07	-4.994489017917658e-07	-6.110810772952391e-07
1051200895.0049864	0.0008469908498227596	0.0001850612461566925	-0.0015673409216105938	-7.069266985126887e-07	-5.040636210651428e-07	-5.27977135789115e-07
1051201047.2570974	0.0007439642213284969	0.00010884599760174751	-0.001658751629292965	-7.630525260537979e-07	-5.232597004578565e-07	-4.6053082769503817e-07
1051201196.5207775	0.0006409189663827419	3.147497773170471e-05	-0.0017561756540089846	-8.224939165302203e-07	-5.441876851364214e-07	-3.922411906387424e-07
1051201309.2820946	0.0005669598467648029	-2.9833754524588585e-05	-0.001856436487287283	-8.807535323285265e-07	-5.678166719036426e-07	-3.416721483517904e-07
1051201429.1660986	0.00044747069478034973	-9.678560309112072e-05	-0.0018498413264751434	-8.883105238055578e-07	-5.578517345838918e-07	-2.666852196853142e-07
1051201583.3586397	0.00032303016632795334	-0.00018832460045814514	-0.0019575332407839596	-9.5516327291989e-07	-5.799974758247117e-07	-1.8256969269714318e-07
1051201734.6002665	0.00016971072182059288	-0.0002688444219529629	-0.0019207708537578583	-9.510071379281726e-07	-5.592605134552286e-07	-8.612323654233478e-08
1051201882.2422514	2.717040479183197e-05	-0.00034766062162816525	-0.0019073740695603192	-9.5796005439297e-07	-5.458505825117754e-07	5.152742232894525e-09
1051202020.7634783	-0.00010488228872418404	-0.00040898402221500874	-0.0018335517379455268	-9.335127728604675e-07	-5.162581828699331e-07	8.727920430828817e-08
1051202154.6491009	-0.00022550905123353004	-0.00046462472528219223	-0.001764139742590487	-9.104190326070238e-07	-4.88706348278356e-07	1.627493020350812e-07
1051202312.851804	-0.0003623371012508869	-0.0005288736429065466	-0.0016913680592551827	-8.873344654602988e-07	-4.589755349115876e-07	2.4969131118268706e-07
1051202470.6143571	-0.000497390516102314	-0.0005942077841609716	-0.0016296128742396832	-8.695013775650295e-07	-4.322270115153515e-07	3.3671403798507527e-07
1051202627.9354566	-0.0006483285687863827	-0.0006774123758077621	-0.0016140877269208431	-8.757026535022305e-07	-4.166839744357276e-07	4.369333055365132e-07
1051202784.8143656	-0.000769707839936018	-0.0007265815511345863	-0.001508430577814579	-8.342585715581663e-07	-3.783105739785242e-07	5.142267127666855e-07
1051202941.2927858	-0.0009067738428711891	-0.0007913465378805995	-0.0014376500621438026	-8.109715281534591e-07	-3.4793788472597953e-07	6.039342679287074e-07
1051203097.3065944	-0.0009990707039833069	-0.0008165210019797087	-0.0012931586243212223	-7.473238383681746e-07	-3.0065677947277436e-07	6.61442300042836e-07
1051203252.8719124	-0.0010522084776312113	-0.0008129512425512075	-0.0011151023209095001	-6.639274943154305e-07	-2.471929292369168e-07	6.922091415617615e-07
1051203407.9475076	-0.0011609876528382301	-0.0008554576197639108	-0.0010122237727046013	-6.212924290593946e-07	-2.0935431166435592e-07	7.631190328538651e-07
1051203562.4581519	-0.0012696853373199701	-0.0008967625326476991	-0.0009032790549099445	-5.750293894379865e-07	-1.6946478353929706e-07	8.339212627106463e-07
1051203716.3545392	-0.0014106917660683393	-0.0009589979308657348	-0.0008074003271758556	-5.366380264604231e-07	-1.2990903996978886e-07	9.265645530831534e-07
1051203869.542781	-0.0015523256734013557	-0.0010183306876569986	-0.0006943945772945881	-4.889877800451359e-07	-8.513370630680583e-08	1.018866669255658e-06
1051204021.8017904	-0.001597419148311019	-0.0010122327512362972	-0.0005271797999739647	-4.078844995092368e-07	-3.3744981919880956e-08	1.045611156769155e-06
1051204162.4996197	-0.001592968008480966	-0.0009782712440937757	-0.0003621615469455719	-3.2473053579451516e-07	1.2592067832883913e-08	1.0396772154308564e-06
1051204312.2610106	-0.0015927167842164636	-0.0009467310446780175	-0.00019726762548089027	-2.413717083982192e-07	5.962124305369798e-08	1.0367586469328671e-06
1051204458.4402072	-0.0017010903684422374	-0.0009806266753003001	-5.038222298026085e-05	-1.725932179397205e-07	1.1190695659024641e-07	1.1051636192860315e-06
1051204597.1014023	-0.0017961522680707276	-0.0010053536389023066	0.0001047477126121521	-9.850418791756965e-08	1.654036623222055e-07	1.1640082284714026e-06
1051204723.3941517	-0.0017974885886360426	-0.0009782224660739303	0.0002512466162443161	-2.3547727323602885e-08	2.0774882614205126e-07	1.1616843380579667e-06
1051204838.0988442	-0.0017538376268930733	-0.0009293658658862114	0.0003769746981561184	4.338653525337577e-08	2.4004236820474034e-07	1.130619466493954e-06
1051204994.0932839	-0.0018223827937617898	-0.000930837937630713	0.0005747415125370026	1.4203442333382554e-07	3.038126124010887e-07	1.1697919717335026e-06
1051205149.5263362	-0.001830733148381114	-0.0008986495668068528	0.0007688291370868683	2.423505520710023e-07	3.610360863604001e-07	1.1695832426994457e-06
1051205304.7377925	-0.001726200571283698	-0.0008104788139462471	0.0009185108356177807	3.2624257073621266e-07	3.9529345485789236e-07	1.097992253562552e-06
1051205459.7684346	-0.0017327554523944855	-0.0007751141674816608	0.0011238977313041687	4.329854164097924e-07	4.556839030556148e-07	1.095145421459165e-06
1051205614.5620053	-0.0017201560549438	-0.0007279645651578903	0.001333753578364849	5.432170837593731e-07	5.155587814442697e-07	1.079131493497698e-06
1051205769.0848594	-0.0016239897813647985	-0.000643174396827817	0.0014907610602676868	6.310133358056191e-07	5.527672328753397e-07	1.0113433290825924e-06
1051205923.2301356	-0.0014664342161267996	-0.000535071361809969	0.0015861643478274345	6.907282568135997e-07	5.669487563864095e-07	9.067973678611452e-07
1051206076.9636319	-0.0012938107829540968	-0.0004249284975230694	0.0016471038106828928	7.337894203374162e-07	5.700745191461465e-07	7.941264357214095e-07
1051206230.0292392	-0.0011722748167812824	-0.000334692420437932	0.0017566573806107044	7.990240646904567e-07	5.915890142205171e-07	7.115440894267522e-07
1051206382.3021029	-0.001034194603562355	-0.0002402244135737419	0.0018388396129012108	8.512436124874512e-07	6.038696085397532e-07	6.194911748025334e-07
1051206533.0771449	-0.0008883476257324219	-0.00014555477537214756	0.0018987972289323807	8.925936754167196e-07	6.091781017403264e-07	5.234010131971445e-07
1051206681.594397	-0.0007648654282093048	-5.587446503341198e-05	0.0019995972979813814	9.534965101920534e-07	6.279079656223985e-07	4.3919135350733995e-07
1051206790.5053569	-0.0006820932030677795	1.1910451576113701e-05	0.002107451087795198	1.0148786486752215e-06	6.517758421864528e-07	3.8052257878007367e-07
1051206920.6255435	-0.0005267653614282608	9.482540190219879e-05	0.0020772473653778434	1.0105967476192745e-06	6.307316766651638e-07	2.828408014465822e-07
1051207073.999485	-0.00035413727164268494	0.00018587568774819374	0.002037905855104327	1.0033174362433783e-06	6.058942432218828e-07	1.7422394193999935e-07
1051207224.991128	-0.00020289933308959007	0.00027833180502057076	0.002070076239760965	1.0310929496881727e-06	6.02873456045927e-07	7.509061106247827e-08
1051207369.069675	-4.848744720220566e-05	0.00035104970447719097	0.0019890631665475667	1.0017695757369438e-06	5.680803951690905e-07	-1.972603058675304e-08
1051207509.6052594	9.213993325829506e-05	0.0004208653699606657	0.0019341419683769345	9.84921776137071e-07	5.417788315753569e-07	-1.0735038813436404e-07
1051207635.4799266	0.00022390158846974373	0.0005118856206536293	0.002017159713432193	1.0367547247369657e-06	5.542398753277666e-07	-1.972955487872241e-07
1051207794.312586	0.000378916971385479	0.0005822484381496906	0.0019219708628952503	1.0009294442170358e-06	5.156269367034838e-07	-2.9269199330883566e-07
1051207953.0642079	0.0005383677780628204	0.0006644055247306824	0.0018754303455352783	9.898402595354128e-07	4.899985697193188e-07	-3.940519945899723e-07
1051208111.7548414	0.0006704232655465603	0.0007135646883398294	0.0017377184703946114	9.316215709986864e-07	4.4174851154821226e-07	-4.7291609917010646e-07
1051208270.4117756	0.0008461913093924522	0.0008113589137792587	0.0017243798356503248	9.380245273860055e-07	4.236216000208515e-07	-5.873175723536406e-07
1051208429.0248451	0.0009572585113346577	0.0008438669610768557	0.0015621385537087917	8.665004997965298e-07	3.7046538636786863e-07	-6.520567694678903e-07
1051208587.492909	0.0010395757853984833	0.0008556843968108296	0.0013774207327514887	7.822869747542427e-07	3.1373792808153667e-07	-6.975139967835275e-07
1051208745.7982959	0.0011555601377040148	0.0008988844929262996	0.0012565935030579567	7.317150902963476e-07	2.713337607929134e-07	-7.686098797421437e-07
1051208903.8858044	0.0012412879150360823	0.0009188979165628552	0.0011046966537833214	6.639806997554842e-07	2.230774498457322e-07	-8.189895197574515e-07
1051209061.6436809	0.0013851451221853495	0.0009822353604249656	0.0010060612112283707	6.256821052375017e-07	1.8388709577266127e-07	-9.099973112824955e-07
1051209219.011324	0.0014631871599704027	0.0009968240628950298	0.0008487137965857983	5.545296062337002e-07	1.3451733593683457e-07	-9.559835234540515e-07
1051209375.8220487	0.0015409907791763544	0.0010116370976902544	0.0006932592950761318	4.840967449126765e-07	8.548613550374284e-08	-1.002334556687856e-06
1051209531.8505014	0.0015548043884336948	0.000985000398941338	0.0005119559355080128	3.9721635403111577e-07	3.506011125864461e-08	-1.0067068387797917e-06
1051209676.4492908	0.0016164464177563787	0.0009925533522618935	0.00036682141944766045	3.3047308534150943e-07	-1.0061057764687575e-08	-1.0435894068905327e-06
1051209830.0458038	0.0016589576844125986	0.000985864840913564	0.00020424555987119675	2.537749423936475e-07	-5.849017270520562e-08	-1.0680066679924494e-06
1051209979.9973373	0.001738519174978137	0.0010012571583501995	4.655914381146431e-05	1.8106788957084063e-07	-1.092414549930254e-07	-1.1165708571070354e-06
1051210122.2940276	0.0017908691079355776	0.0010006748489104211	-0.00011344347149133682	1.0540293260419276e-07	-1.5833438737899996e-07	-1.1475616652489862e-06
1051210245.5516318	0.001821392055717297	0.0009907442145049572	-0.0002571064978837967	3.6328174246591516e-08	-2.010569915000815e-07	-1.1648571671685204e-06
1051210377.625311	0.001773916301317513	0.0009359560208395123	-0.00040252041071653366	-3.8060079532442614e-08	-2.3739755761198467e-07	-1.1327056199661456e-06
1051210537.8314133	0.001765668741427362	0.000896627432666719	-0.0005843476392328739	-1.2925738701596856e-07	-2.880125293813762e-07	-1.125130779655592e-06
1051210697.6131885	0.0016756701515987515	0.0008158977143466473	-0.0007385220378637314	-2.1164555619179737e-07	-3.2392256343882764e-07	-1.0667337164704804e-06
1051210857.0394399	0.0016146315028890967	0.0007510429713875055	-0.0008961446583271027	-2.9487932806659956e-07	-3.6380856727191713e-07	-1.026687641569879e-06
1051211016.0383573	0.0015165647491812706	0.0006697257049381733	-0.0010292227379977703	-3.685302090161713e-07	-3.939289854315575e-07	-9.640716598369181e-07
1051211174.5638965	0.0013962273951619864	0.0005804046522825956	-0.0011375653557479382	-4.3171735342184547e-07	-4.1555574625817826e-07	-8.882233260010253e-07
1051211332.617578	0.00124978250823915	0.00048290053382515907	-0.0012106169015169144	-4.79362597616273e-07	-4.253994347891421e-07	-7.970870683493558e-07
1051211490.0308394	0.0011891077738255262	0.0004212222993373871	-0.0013526487164199352	-5.574586339207599e-07	-4.623713039109134e-07	-7.5713751357398e-07
1051211646.692145	0.0011593191884458065	0.00036805705167353153	-0.0015425726305693388	-6.584436960110907e-07	-5.156592237653967e-07	-7.34259174350882e-07
1051211802.3669342	0.0009936995338648558	0.00026861345395445824	-0.0015683267265558243	-6.852948217783705e-07	-5.114708301334758e-07	-6.317682164080907e-07
1051211956.7173294	0.000834860373288393	0.0001761161256581545	-0.0015779267996549606	-7.0415080699604e-07	-5.035750234583247e-07	-5.33762658960768e-07
1051212109.1569716	0.0007111923769116402	9.593460708856583e-05	-0.0016282850410789251	-7.41886083233112e-07	-5.102508282561757e-07	-4.5569208850793075e-07
1051212258.3527863	0.000558903906494379	1.5067635104060173e-05	-0.0015964405611157417	-7.402232995445956e-07	-4.915557667573012e-07	-3.6249025470169727e-07
1051212369.506741	0.0005020797252655029	-3.935280255973339e-05	-0.0017119016265496612	-8.058972298385925e-07	-5.21426914090739e-07	-3.2248567549686413e-07
1051212493.3802416	0.00040283147245645523	-0.00010446412488818169	-0.0017563252476975322	-8.390251764467394e-07	-5.28130847499142e-07	-2.5837562134256586e-07
1051212647.5028541	0.0002697301097214222	-0.00018531270325183868	-0.0017819106578826904	-8.662114510116226e-07	-5.273655006021727e-07	-1.728519691823749e-07
1051212798.6433147	0.00014165323227643967	-0.00026916502974927425	-0.001838332915212959	-9.087197838653083e-07	-5.355316545774258e-07	-8.82960193848703e-08
1051212946.0938863	6.4480118453502655e-06	-0.00034765154123306274	-0.0018452019721735269	-9.266406379992986e-07	-5.290962690196466e-07	-7.742073648842052e-10
1051213084.5941123	-0.00012353109195828438	-0.0004297909326851368	-0.0018869246705435216	-9.615014064934257e-07	-5.325338179318351e-07	8.568804332753643e-08
1051213218.1362706	-0.00024978816509246826	-0.0004932859446853399	-0.001841885969042778	-9.521400556877779e-07	-5.118662329550716e-07	1.6617082110315096e-07
1051213376.2892064	-0.00041620153933763504	-0.0005996963009238243	-0.0019018477760255337	-9.991503588935302e-07	-5.172138912712398e-07	2.790313828882063e-07
1051213534.0475191	-0.0005876668728888035	-0.0006985408253967762	-0.001906925579532981	-1.0185433438891778e-06	-5.065118102720589e-07	3.9339010982075706e-07
1051213691.3788636	-0.0007400820031762123	-0.0007689318154007196	-0.0018196776509284973	-9.898457165036234e-07	-4.7140190417849226e-07	4.917546903016046e-07
1051213848.2661182	-0.0008580619469285011	-0.0008055467624217272	-0.0016582792159169912	-9.212187705998076e-07	-4.1829855490504997e-07	5.6490989663871e-07
1051214004.7159656	-0.0010035410523414612	-0.0008718068711459637	-0.0015701318625360727	-8.907733217711211e-07	-3.827925638688612e-07	6.601080713153351e-07
1051214160.7351265	-0.0011399253271520138	-0.0009289922891184688	-0.00146159203723073	-8.489460014970973e-07	-3.4199069887108635e-07	7.489927611459279e-07
1051214316.2830255	-0.001235411735251546	-0.0009528592927381396	-0.001300677191466093	-7.776498023304157e-07	-2.8982606181671144e-07	8.092192729236558e-07
1051214471.3376138	-0.0014111956115812063	-0.0010391485411673784	-0.001226864755153656	-7.544522304669954e-07	-2.5428892058698693e-07	9.263233096135082e-07
1051214625.8465806	-0.0015349069144576788	-0.001083326293155551	-0.0010879989713430405	-6.94642494636355e-07	-2.0484606011450524e-07	1.006692059490888e-06
1051214779.7364463	-0.0016859916504472494	-0.0011451856116764247	-0.0009599290788173676	-6.411517006199574e-07	-1.5547755083389347e-07	1.1056234825446154e-06
1051214932.8823624	-0.0018034561071544886	-0.0011816142068710178	-0.0007990882731974125	-5.684357802238083e-07	-9.958614555216627e-08	1.1811649756054976e-06
1051215085.1821554	-0.0018670621793717146	-0.0011817887643701397	-0.0006093122065067291	-4.773523869516794e-07	-4.0158738556783646e-08	1.2202046946185874e-06
1051215225.8314012	-0.0018833487993106246	-0.0011555435921764001	-0.0004226425662636757	-3.846519120997982e-07	1.4235297385312151e-08	1.2279648444746272e-06
1051215375.6326997	-0.0019444985082373023	-0.0011553491931408644	-0.0002382923848927021	-2.9496300157916266e-07	7.256085154949687e-08	1.2654039096560155e-06
1051215521.8708475	-0.0020668418146669865	-0.0011908825836144388	-5.812430754303932e-05	-2.1011396711401176e-07	1.3568205758929253e-07	1.3425382690002152e-06
1051215660.5626452	-0.0021191700943745673	-0.0011850587907247245	0.00012934580445289612	-1.172961674456019e-07	1.9449669252935564e-07	1.373163605933314e-06
1051215787.2503104	-0.0020880439296888653	-0.0011348954867571592	0.00029948819428682327	-2.8523345463327132e-08	2.4069140636129305e-07	1.3496358803877229e-06
1051215900.7360119	-0.00201293543796055	-0.0010653191711753607	0.0004397258162498474	4.7550884119118564e-08	2.743444156294572e-07	1.2983089163753903e-06
1051216056.5963749	-0.0019696972449310124	-0.0010037978645414114	0.0006332080811262131	1.5009482012828812e-07	3.268004320489126e-07	1.2663775805776822e-06
1051216212.011483	-0.001964084105566144	-0.0009616665774956346	0.0008376534096896648	2.56700786849251e-07	3.8603627672273433e-07	1.2578746009239694e-06
1051216367.2441094	-0.0019130258588120341	-0.0008962017018347979	0.0010284027084708214	3.5911466511606704e-07	4.373039246274857e-07	1.2200963510622387e-06
1051216522.2647358	-0.0019234544597566128	-0.0008583837188780308	0.0012582889758050442	4.786252247868106e-07	5.054355369793484e-07	1.2196287570986897e-06
1051216677.0153844	-0.0018923482857644558	-0.0007985602132976055	0.0014792256988584995	5.960330327070551e-07	5.672168299497571e-07	1.192114723380655e-06
1051216831.5476199	-0.0017863016109913588	-0.0007050412241369486	0.0016524582169950008	6.932552878424758e-07	6.086158919060836e-07	1.1180650290043559e-06
1051216985.6881018	-0.0016917537432163954	-0.000615664990618825	0.0018384074792265892	7.965365966811078e-07	6.546674740093295e-07	1.050286755344132e-06
1051217139.415271	-0.0015463130548596382	-0.0005069042090326548	0.001973586855456233	8.767406143306289e-07	6.817131747993699e-07	9.518844308331609e-07
1051217292.5224859	-0.0013692642096430063	-0.0003892828244715929	0.0020605416502803564	9.341579243482556e-07	6.92293895099283e-07	8.35313130664872e-07
1051217444.6967316	-0.001173121389001608	-0.00026987819001078606	0.002099615056067705	9.683292319095926e-07	6.877002078908845e-07	7.087403446348617e-07
1051217595.5291712	-0.0010266131721436977	-0.00016577844507992268	0.0022071124985814095	1.0347640682084602e-06	7.068352090300323e-07	6.100647169660078e-07
1051217744.0011109	-0.000883201602846384	-6.168615072965622e-05	0.002323858207091689	1.1057003348469152e-06	7.287491570195925e-07	5.124932158651063e-07
1051217853.9188639	-0.0007859594188630581	1.7750076949596405e-05	0.0024495264515280724	1.1775754273912753e-06	7.566833986061283e-07	4.4372109186952e-07
1051217987.5165354	-0.000617537647485733	0.00011814082972705364	0.0024718474596738815	1.2015081551908224e-06	7.496089438063791e-07	3.348138761793962e-07
1051218140.6613579	-0.0004274514503777027	0.00023140991106629372	0.0024968564393930137	1.2286401442906936e-06	7.415990950221385e-07	2.114038579748012e-07
1051218291.6135753	-0.00025028781965374947	0.0003519121091812849	0.002598593127913773	1.2938249085436837e-06	7.56001185209243e-07	9.161294656223617e-08
1051218435.1217021	-6.439769640564919e-05	0.0004619886167347431	0.002619412320200354	1.3183436209374122e-06	7.469607226084918e-07	-2.9371221899054945e-08
1051218575.9640834	0.00012149661779403687	0.0005614692345261574	0.0025845711352303624	1.3147487685216674e-06	7.22434890576551e-07	-1.4740498954779468e-07
1051218704.318388	0.0002940385602414608	0.0006641251966357231	0.0026064339326694608	1.3386751618327253e-06	7.146088591980515e-07	-2.6024258659163024e-07
1051218863.1767322	0.0004966515116393566	0.0007592649199068546	0.0024986732751131058	1.2998982015233196e-06	6.685673952233628e-07	-3.8579810279770754e-07
1051219021.9673427	0.0006892592646181583	0.0008464532438665628	0.0023791466373950243	1.2547866958811937e-06	6.201881888046046e-07	-5.046406386099989e-07
1051219180.6882948	0.0008865692652761936	0.0009423454757779837	0.0022912363056093454	1.2258334436410223e-06	5.800349072160316e-07	-6.287286851147655e-07
1051219339.3605033	0.0010740747675299644	0.0010270189959555864	0.0021737953647971153	1.1815761808975367e-06	5.325844085746212e-07	-7.452563295373693e-07
1051219497.9670135	0.0012630070559680462	0.0011125487508252263	0.0020565774757415056	1.1374908126526861e-06	4.849679271501373e-07	-8.631570835859748e-07
1051219656.4182538	0.0013911481946706772	0.00114498904440552	0.0018427870236337185	1.0419452109999838e-06	4.1635519210103666e-07	-9.370628504257184e-07
1051219814.7305384	0.0015843985602259636	0.0012331904144957662	0.0017266515642404556	9.98504788185528e-07	3.6839071526628686e-07	-1.058741418091813e-06
1051219972.8004582	0.001681347144767642	0.0012450995855033398	0.0014985473826527596	8.940805855672807e-07	2.9846671623090515e-07	-1.112905920308549e-06
1051220130.5561179	0.0018373799975961447	0.0013027828535996377	0.0013337102718651295	8.241268005804159e-07	2.4024075173656456e-07	-1.2089922165614553e-06
1051220287.9462136	0.0019888710230588913	0.001355473999865353	0.0011562742292881012	7.47442527426756e-07	1.7876550373330247e-07	-1.3019572406847146e-06
1051220444.7377448	0.0020722614135593176	0.001360712485620752	0.0009337835945188999	6.445284270739648e-07	1.1099928087787703e-07	-1.3493257711161277e-06
1051220600.7091912	0.002230884274467826	0.001415238410118036	0.0007446007803082466	5.617903298116289e-07	4.514458851190284e-08	-1.447146473765315e-06
1051220744.2034491	0.0022918825270608068	0.0014092763303779066	0.0005304152145981789	4.6109039431030396e-07	-1.878049715742236e-08	-1.4809829735895619e-06
1051220897.7874534	0.002389370580203831	0.0014222913305275142	0.0003064996562898159	3.5714651858143043e-07	-8.908239124139072e-08	-1.5385842289106222e-06
1051221047.5658971	0.0024812091724015772	0.0014311809791252017	7.785623893141747e-05	2.501044491509674e-07	-1.6046135442593368e-07	-1.592546794881855e-06
1051221189.3993973	0.0025777312112040818	0.0014428941067308187	-0.0001500006765127182	1.432233602827182e-07	-2.3231893919728464e-07	-1.6495104979696862e-06
1051221315.8191074	0.0025428247208765242	0.0013840673491358757	-0.0003543049097061157	4.068328962603118e-08	-2.858243988157483e-07	-1.6231055326443311e-06
1051221442.1550524	0.00253102122223936	0.0013386886566877365	-0.0005572447553277016	-6.03981789026875e-08	-3.413665581319947e-07	-1.611772006526735e-06
1051221602.4911729	0.0025454522692598403	0.0012961835600435734	-0.0008237455040216446	-1.9257345229561906e-07	-4.176102947894833e-07	-1.6159443134711182e-06
1051221762.2918501	0.0025036088190972805	0.0012236720649525523	-0.001079128123819828	-3.229588401154615e-07	-4.861121851718053e-07	-1.5848179373278981e-06
1051221921.6889051	0.002402990241535008	0.0011224844492971897	-0.001308908686041832	-4.4453599912230857e-07	-5.426759344118182e-07	-1.51740812270873e-06
1051222080.7391874	0.002343985252082348	0.0010411904659122229	-0.0015589678660035133	-5.748488547396846e-07	-6.09092694503488e-07	-1.4755541997146793e-06
1051222239.3183768	0.002187728649005294	0.0009162763599306345	-0.0017465567216277122	-6.80079210724216e-07	-6.49892058390833e-07	-1.374357793793024e-06
1051222397.3581119	0.0021043033339083195	0.0008229410741478205	-0.001986647490411997	-8.084466571744997e-07	-7.122293936845381e-07	-1.3169044450478395e-06
1051222554.756033	0.002031260170042515	0.0007307266350835562	-0.002251974307000637	-9.497073278907919e-07	-7.828888897165598e-07	-1.2645029983104905e-06
1051222711.3557911	0.0018316581845283508	0.0005904564168304205	-0.0023902645334601402	-1.0351673154218588e-06	-8.073350841186766e-07	-1.136687160396832e-06
1051222867.015242	0.0016245634760707617	0.0004506248515099287	-0.002503788098692894	-1.109385266317986e-06	-8.245502840509289e-07	-1.0045946510217618e-06
1051223021.3427233	0.0014737918972969055	0.0003279519733041525	-0.0026960528921335936	-1.2206176052131923e-06	-8.689076480550284e-07	-9.040841177920811e-07
1051223173.747028	0.0013163774274289608	0.00020025577396154404	-0.002894782926887274	-1.3360717048271908e-06	-9.146578747731837e-07	-7.982193892530631e-07
1051223322.9206187	0.0011067581363022327	6.208755075931549e-05	-0.002992001362144947	-1.4039387679076754e-06	-9.276233754462737e-07	-6.628438313782681e-07
1051223436.1179782	0.0009607570245862007	-4.314584657549858e-05	-0.0031069760443642735	-1.4756916471014847e-06	-9.501648161602816e-07	-5.661149771185592e-07
1051223560.0982964	0.0007601259276270866	-0.0001595979556441307	-0.0031170847360044718	-1.4986757150836638e-06	-9.390628221694897e-07	-4.3890463530260604e-07
1051223714.4687577	0.0005378923378884792	-0.00030951411463320255	-0.003238183038774878	-1.5807773365850153e-06	-9.579217987720767e-07	-2.918038717325544e-07
1051223865.5782255	0.0002955235540866852	-0.00045303767547011375	-0.0032653399102855474	-1.6168443437436508e-06	-9.486920191648096e-07	-1.351970695395721e-07
1051224013.0463291	5.235522985458374e-05	-0.0005824498366564512	-0.0032159911352209747	-1.6143457344242051e-06	-9.178541517940175e-07	1.9266053641331382e-08
1051224151.3781307	-0.00017290934920310974	-0.0007170038297772408	-0.0032473214669153094	-1.6510399518665508e-06	-9.106876177611412e-07	1.669236553425435e-07
1051224288.2923522	-0.00039451010525226593	-0.0008273194544017315	-0.003162336186505854	-1.6287237656342768e-06	-8.711847954145924e-07	3.0748719836992677e-07
1051224446.4620254	-0.0006450642831623554	-0.0009516938589513302	-0.0030643835198134184	-1.60254461434306e-06	-8.257295576186152e-07	4.677378910855623e-07
1051224604.199148	-0.0008798311464488506	-0.0010574874468147755	-0.002916176337748766	-1.5497164440603228e-06	-7.672626907151425e-07	6.164225396787515e-07
1051224761.5109712	-0.001108955591917038	-0.001161146443337202	-0.002773676533252001	-1.4989927876740694e-06	-7.104522410372738e-07	7.627268132637255e-07
1051224918.3567177	-0.001341552473604679	-0.0012693994212895632	-0.002644888823851943	-1.4548688795912312e-06	-6.566767751792213e-07	9.128693818638567e-07
1051225074.8042203	-0.0015425500459969044	-0.001347565557807684	-0.002452823566272855	-1.3762618209511857e-06	-5.87550175623619e-07	1.0402518455521204e-06
1051225230.8184772	-0.0018023890443146229	-0.001476603327319026	-0.0023515240754932165	-1.3463047707773512e-06	-5.379393996918225e-07	1.2110001534892945e-06
1051225386.3513288	-0.0019767459016293287	-0.0015320737147703767	-0.0021201297640800476	-1.2447599146980792e-06	-4.5913225221738685e-07	1.3204630704422016e-06
1051225541.3938795	-0.002099120756611228	-0.0015497136628255248	-0.0018458939157426357	-1.1177153282915242e-06	-3.725200485860114e-07	1.3944572856416926e-06
1051225695.8398354	-0.0022510564886033535	-0.0015919948928058147	-0.0016124499961733818	-1.0121871127921622e-06	-2.9409090984700015e-07	1.4899904954290832e-06
1051225849.7213211	-0.002327568829059601	-0.001582171709742397	-0.0013314741663634777	-8.77451157066389e-07	-2.0874540496151894e-07	1.5342908454840654e-06
1051226002.8526585	-0.002408820204436779	-0.0015784880961291492	-0.0010685347951948643	-7.513024229410803e-07	-1.275319618798676e-07	1.582628215146542e-06
1051226155.0865277	-0.0025305990129709244	-0.0016023741554818116	-0.0008288873359560966	-6.383897925843485e-07	-4.863602498517139e-08	1.6584715467615752e-06
1051226294.3253876	-0.002599694184027612	-0.0015965812490321696	-0.0005913157947361469	-5.228630470810458e-07	2.508170382498065e-08	1.6992779592328588e-06
1051226444.1144586	-0.002740905969403684	-0.0016304828459396958	-0.00034601055085659027	-4.0656641431269236e-07	1.0819292128871894e-07	1.7871169575300883e-06
1051226590.1862938	-0.002808889956213534	-0.0016194586060009897	-8.429540321230888e-05	-2.7723717721528374e-07	1.894227352750022e-07	1.8260017071725088e-06
1051226728.2869105	-0.002763657015748322	-0.0015457288827747107	0.00016732094809412956	-1.464352408220293e-07	2.574274731159676e-07	1.7910091294481845e-06
1051226805.5973545	-0.002695871880860068	-0.0014816687908023596	0.00030054105445742607	-7.470066520909313e-08	2.8943838970008073e-07	1.744067063214061e-06
1051226951.204285	-0.002629015361890197	-0.0013973586028441787	0.0005428981967270374	5.345555109670386e-08	3.53327095581335e-07	1.6953937347352621e-06
1051227106.9056932	-0.0025812714593484998	-0.0013215977232903242	0.0007976535707712173	1.877228896773886e-07	4.2295766888855724e-07	1.6585578350714059e-06
1051227262.3557506	-0.0025807603960856795	-0.0012699626386165619	0.0010673063807189465	3.276486495451536e-07	5.0141068186349e-07	1.6510920204382273e-06
1051227417.5847524	-0.0025425178464502096	-0.0011979463743045926	0.001330881379544735	4.6694708544237074e-07	5.747842806158587e-07	1.61882633165078e-06
1051227572.646745	-0.002424543257802725	-0.0010877032764256	0.0015561869367957115	5.913100267207483e-07	6.300502946032793e-07	1.5362489875769825e-06
1051227727.5001817	-0.002310402924194932	-0.0009800826665014029	0.0017792144790291786	7.146538791857893e-07	6.851254283901653e-07	1.4557222129951697e-06
1051227882.0623212	-0.002133303554728627	-0.0008466974832117558	0.001948805060237646	8.143201739585493e-07	7.193598321464378e-07	1.3367216524784453e-06
1051228036.2860402	-0.0019444557838141918	-0.0007114706095308065	0.002092846669256687	9.018228865897981e-07	7.453756438735581e-07	1.2110226634831633e-06
1051228190.0724907	-0.0017377282492816448	-0.0005729924887418747	0.002200357150286436	9.718655746837612e-07	7.595161264362105e-07	1.0753049082268262e-06
1051228343.2413353	-0.0015521412715315819	-0.00044507975690066814	0.002315760822966695	1.0450080480950419e-06	7.778647841405473e-07	9.523873814032413e-07
1051228495.5741469	-0.001419958658516407	-0.0003332863561809063	0.0025066121015697718	1.1538550097611733e-06	8.222743588248704e-07	8.592946869612206e-07
1051228646.5683697	-0.001277309376746416	-0.00021509570069611073	0.002699681092053652	1.2643728268812993e-06	8.662203754283837e-07	7.587650543428026e-07
1051228795.161862	-0.0010488256812095642	-8.099409751594067e-05	0.0027189841493964195	1.2911074236399145e-06	8.535687356925337e-07	6.121633759903489e-07
1051228938.6652073	-0.0008647851645946503	4.1930703446269035e-05	0.0028128300327807665	1.3532551292883e-06	8.657190218031019e-07	4.896514838037547e-07
1051229058.3236324	-0.0007051019929349422	0.00014615384861826897	0.0028814743272960186	1.4005261164129479e-06	8.725604985215796e-07	3.8386110645660665e-07
1051229211.7986627	-0.0004984228871762753	0.00028401706367731094	0.002985898172482848	1.4696548760184669e-06	8.856449653649179e-07	2.453382421663264e-07
1051229362.5800339	-0.0002830349840223789	0.0004247992765158415	0.003079547022935003	1.5336518401909416e-06	8.947762353272992e-07	1.014286681311205e-07
1051229504.7553426	-6.192130967974663e-05	0.0005456865765154362	0.003051538224099204	1.5362074350377952e-06	8.694121902408369e-07	-3.944728632632177e-08
1051229645.1745794	0.00015574274584650993	0.0006819942500442266	0.0031148585840128362	1.5846084728821097e-06	8.695774340594653e-07	-1.8368132259638514e-07
1051229777.6332631	0.0003628525882959366	0.0007877040188759565	0.0030491271754726768	1.5671728874622204e-06	8.348242204192502e-07	-3.139216460112948e-07
1051229936.479093	0.0006149956025183201	0.0009246550034731627	0.0030124634504318237	1.5677047144890821e-06	8.04323121883499e-07	-4.7570779315719847e-07
1051230095.2398982	0.0008566477335989475	0.0010420824401080608	0.0029047138523310423	1.531993063963455e-06	7.551071803391096e-07	-6.271202437346801e-07
1051230253.9686307	0.0010688244365155697	0.001126835122704506	0.0027137284632772207	1.4530633052345365e-06	6.85638497088803e-07	-7.553253453806974e-07
1051230412.626124	0.0012901504524052143	0.0012260118965059519	0.0025710659101605415	1.3988842511025723e-06	6.285515610215953e-07	-8.927056569518754e-07
1051230571.1840229	0.001497482880949974	0.0013121521333232522	0.0024018906988203526	1.3306946584634716e-06	5.653624839396798e-07	-1.020140416585491e-06
1051230729.6544269	0.001656144391745329	0.001357354107312858	0.0021636246237903833	1.2254164403202594e-06	4.875814738625195e-07	-1.1130248367408058e-06
1051230887.966584	0.0018005678430199623	0.0013948404230177402	0.0019275234080851078	1.1204394922970096e-06	4.115640876989346e-07	-1.1975453162449412e-06
1051231046.0487784	0.0020246910862624645	0.0014950509648770094	0.0017819036729633808	1.0645981092238799e-06	3.5278662835480645e-07	-1.3388291790761286e-06
1051231203.7949394	0.002235174411907792	0.0015810775221325457	0.001602684147655964	9.910547760227928e-07	2.858218977053184e-07	-1.4700406154588563e-06
1051231361.112936	0.0024323042016476393	0.0016542738303542137	0.0013961158692836761	9.029158718476538e-07	2.123363174177939e-07	-1.5917358950900962e-06
1051231517.8912406	0.0025729360058903694	0.001686668983893469	0.0011446424759924412	7.891642326285364e-07	1.3148428479325958e-07	-1.6753492673160508e-06
1051231673.8312418	0.002765656914561987	0.0017516806910862215	0.0009083044715225697	6.852753813291201e-07	4.9650225264485925e-08	-1.7936779386218404e-06
1051231815.0976946	0.0027675125747919083	0.001699282554909587	0.0006275507621467113	5.487818270921707e-07	-2.702483925531851e-08	-1.7871619206744072e-06
1051231968.6238562	0.0028635835042223334	0.001701997360214591	0.0003537912853062153	4.2035230762849096e-07	-1.1088400242442731e-07	-1.842550972241952e-06
1051232118.1322143	0.002829419681802392	0.0016284749726764858	7.008109241724014e-05	2.796136868710164e-07	-1.8584989902592497e-07	-1.814334638083892e-06
1051232259.2858025	0.0028686072619166225	0.0016018503811210394	-0.00018723122775554657	1.5523619367741048e-07	-2.6066493319376605e-07	-1.834369442121897e-06
1051232390.314132	0.002921034119935939	0.0015851777279749513	-0.0004319678992033005	3.723516783793457e-08	-3.335222800160409e-07	-1.8632406408869429e-06
1051232497.3549923	0.0028746374300681055	0.0015222225338220596	-0.0006235050968825817	-6.002642294333782e-08	-3.827831278613303e-07	-1.8303679780728999e-06
1051232657.3477633	0.0028484296635724604	0.0014520619297400117	-0.0009134099818766117	-2.0603806660801638e-07	-4.620313802661258e-07	-1.8088381352754368e-06
1051232817.128522	0.0027530138613656163	0.0013467572862282395	-0.0011804038658738136	-3.452219061728101e-07	-5.292008609103505e-07	-1.7443409205952776e-06
1051232976.6061866	0.00261934834998101	0.001224478124640882	-0.0014218762516975403	-4.7469097808061633e-07	-5.864119430043502e-07	-1.6566633576076129e-06
1051233135.6619996	0.002518140245229006	0.0011191531084477901	-0.0016716155223548412	-6.07532683716272e-07	-6.494009312518756e-07	-1.5892246665316634e-06
1051233294.2977543	0.002469467232003808	0.0010363548062741756	-0.001960543915629387	-7.58090664021438e-07	-7.284962748599355e-07	-1.5532637007709127e-06
1051233452.390703	0.002275513019412756	0.0008907688315957785	-0.0021436773240566254	-8.646579772175755e-07	-7.656949492229614e-07	-1.4291370007413207e-06
1051233609.8965293	0.0021497386042028666	0.0007736533880233765	-0.002381690312176943	-9.959096587408567e-07	-8.246885272455984e-07	-1.3454855434247293e-06
1051233766.5601865	0.001999983796849847	0.0006461276207119226	-0.0026024850085377693	-1.1207851002836833e-06	-8.771639841143042e-07	-1.246709643965005e-06
1051233922.2406347	0.0018030297942459583	0.0005022995173931122	-0.002767395693808794	-1.221148181684839e-06	-9.102608942157531e-07	-1.1196552804904059e-06
1051234076.6715597	0.0015889466740190983	0.0003547442611306906	-0.0029005277901887894	-1.3073063200863544e-06	-9.332862589417346e-07	-9.822838364925701e-07
1051234229.2467574	0.001390963327139616	0.0002119767013937235	-0.003056783229112625	-1.4048192724658293e-06	-9.643690930261073e-07	-8.531785624654731e-07
1051234378.6432601	0.0012097847647964954	7.02347606420517e-05	-0.0032580324914306402	-1.5244860378516023e-06	-1.0095491944639434e-06	-7.317003110074438e-07
1051234479.6557536	0.001041583251208067	-3.260839730501175e-05	-0.0032938957447186112	-1.5579047385472222e-06	-1.0082369037434091e-06	-6.246168595680501e-07
1051234612.1616049	0.0008366992697119713	-0.0001672122161835432	-0.0033865852747112513	-1.6241943399109005e-06	-1.0206847704807842e-06	-4.912526492262259e-07
1051234766.3347602	0.0005735731683671474	-0.000321520259603858	-0.0034081521444022655	-1.6598152683400258e-06	-1.0089742659147305e-06	-3.229579306207597e-07
1051234917.6130935	0.0003142720088362694	-0.00046899961307644844	-0.0034053223789669573	-1.6830381355248392e-06	-9.906470666010136e-07	-1.5708428691141307e-07
1051235065.292366	6.894534453749657e-05	-0.0006302881520241499	-0.0035169116890756413	-1.763101650453791e-06	-1.005212027394009e-06	6.448999556596391e-09
1051235204.518317	-0.0001790192909538746	-0.0007843805942684412	-0.0035828035324811935	-1.8198550080228415e-06	-1.006372258416377e-06	1.7049592315743212e-07
1051235334.3211898	-0.00041189882904291153	-0.0009024897590279579	-0.0035049322759732604	-1.8025635881713242e-06	-9.682793233878328e-07	3.1871422834228724e-07
1051235492.5803058	-0.0006844727322459221	-0.0010318285785615444	-0.003367038443684578	-1.7589243270776933e-06	-9.104567766371474e-07	4.91568698635092e-07
1051235650.3670615	-0.0009742174297571182	-0.0011902072001248598	-0.003330184379592538	-1.7669860312707897e-06	-8.788603054199484e-07	6.816787845309591e-07
1051235807.7367178	-0.0012338953092694283	-0.0013068846892565489	-0.003164459951221943	-1.707683168206131e-06	-8.134777544910321e-07	8.472670742776245e-07
1051235964.6660919	-0.0014921990223228931	-0.0014240725431591272	-0.003005531383678317	-1.6511266949237324e-06	-7.495664249290712e-07	1.0133667274203617e-06
1051236121.1547589	-0.0017231563106179237	-0.0015157463494688272	-0.0027945914771407843	-1.5659492191844038e-06	-6.729954975526198e-07	1.1601516689552227e-06
1051236277.1827741	-0.0019979909993708134	-0.001645928481593728	-0.0026543540880084038	-1.5183039749899763e-06	-6.116056283644866e-07	1.339722530246945e-06
1051236432.7567399	-0.0022232276387512684	-0.0017317970050498843	-0.002430075779557228	-1.424357606083504e-06	-5.305648755893344e-07	1.4836975879006786e-06
1051236587.8239241	-0.0024415282532572746	-0.0018116375431418419	-0.002194932196289301	-1.3235624010121683e-06	-4.464649236979312e-07	1.6231974768743385e-06
1051236742.3643054	-0.0026976231019943953	-0.0019174462067894638	-0.0019828667864203453	-1.2356135812296998e-06	-3.6471590192377334e-07	1.788860004126036e-06
1051236896.3169717	-0.002892271615564823	-0.001976247411221266	-0.0017081382684409618	-1.1113763775938423e-06	-2.7039891392632853e-07	1.9117426290904405e-06
1051237049.5568938	-0.0030977444257587194	-0.0020407862321007997	-0.0014310921542346478	-9.855209555098554e-07	-1.738166020004428e-07	2.0416825918800896e-06
1051237201.9086788	-0.003168790601193905	-0.0020159028645139188	-0.0010874154977500439	-8.173708465619711e-07	-7.038954663585173e-08	2.080758008560224e-06
1051237344.2341325	-0.003241946455091238	-0.0019986472179880366	-0.0007774741388857365	-6.655641300312709e-07	2.4138103071891237e-08	2.122095565937343e-06
1051237494.0537779	-0.0032987011363729835	-0.0019687394669745117	-0.0004502544179558754	-5.032175067753997e-07	1.2254497505637119e-07	2.1522138808904856e-06
1051237640.4786568	-0.0032976074144244194	-0.0019066956010647118	-0.00012768665328621864	-3.393124643480405e-07	2.14619944927108e-07	2.144407019954997e-06
1051237779.797676	-0.0033875374065246433	-0.001900782692246139	0.00017297454178333282	-1.9077037904935423e-07	3.092682163696736e-07	2.19616426377911e-06
1051237900.8925135	-0.0034029117050522473	-0.0018588624661788344	0.0004392270930111408	-5.5334339776891284e-08	3.872573870467022e-07	2.1997319663569215e-06
1051238028.0131981	-0.0033230071130674332	-0.001762659871019423	0.0007049227133393288	8.541815077478532e-08	4.5649426283489447e-07	2.1413923150248593e-06
1051238183.8599672	-0.0033003194257616997	-0.0016863547498360276	0.0010376544669270515	2.5850022211670876e-07	5.508210279003833e-07	2.1178902329666016e-06
1051238339.3189502	-0.003175534075126052	-0.0015582380583509803	0.0013364092446863651	4.20239985032822e-07	6.262546321522677e-07	2.0291678310968564e-06
1051238494.5353364	-0.0030892302747815847	-0.0014506625011563301	0.0016426504589617252	5.843044164066669e-07	7.075768735376187e-07	1.964401235454716e-06
1051238649.5662576	-0.003016203176230192	-0.0013486738316714764	0.0019593527540564537	7.534774795203703e-07	7.932128482934786e-07	1.906988813971111e-06
1051238804.3347297	-0.002873318502679467	-0.0012142430059611797	0.002237008884549141	9.067671271623112e-07	8.614160833531059e-07	1.8056304043057025e-06
1051238958.8262546	-0.002705745166167617	-0.0010696763638406992	0.002493881154805422	1.0510561878618319e-06	9.215200407197699e-07	1.6887208857951919e-06
1051239112.9819154	-0.0024943838361650705	-0.0009086874779313803	0.0027057244442403316	1.1749257282644976e-06	9.649153298596502e-07	1.5452683328476269e-06
1051239266.7170665	-0.0022890393156558275	-0.0007515116594731808	0.002915583550930023	1.2976709058420965e-06	1.0083192023557785e-06	1.4052284313947894e-06
1051239419.8385708	-0.0020646480843424797	-0.0005889446474611759	0.00309665291570127	1.40689849104092e-06	1.0418510782983503e-06	1.253879190699081e-06
1051239572.1316874	-0.0018025999888777733	-0.00041767791844904423	0.0032105171121656895	1.4840206858934835e-06	1.0530344809467351e-06	1.0814101187861525e-06
1051239723.0060692	-0.0015789591707289219	-0.0002584026660770178	0.0033765514381229877	1.5857175412747893e-06	1.0823203240306611e-06	9.303284969064407e-07
1051239871.3359324	-0.0013533229939639568	-9.845010936260223e-05	0.0035401599016040564	1.6862243228388252e-06	1.110608067733665e-06	7.775720405334141e-07
1051239979.6179304	-0.0011659162119030952	2.2286782041192055e-05	0.003612422035075724	1.7368031421938213e-06	1.115945927665507e-06	6.539673904626397e-07
1051240111.9382797	-0.000913101714104414	0.00016829953528940678	0.0036213360726833344	1.7597357100385125e-06	1.0981412685850955e-06	4.91708760819165e-07
1051240265.2391925	-0.0006486810743808746	0.0003395520616322756	0.0037280149990692735	1.833752207858197e-06	1.1069219851833623e-06	3.15927536576055e-07
1051240416.1812133	-0.00038177473470568657	0.0005170854274183512	0.0038602282584179193	1.9206636068247462e-06	1.1223952469663345e-06	1.3663134268426802e-07
1051240559.973419	-0.00010638125240802765	0.0006838932167738676	0.003910667626769282	1.9663694814653354e-06	1.1141358413624403e-06	-4.377079676487483e-08
1051240701.0222663	0.00017136521637439728	0.0008330447599291801	0.0038613229407928884	1.961793724802874e-06	1.077912486380228e-06	-2.2029098545317538e-07
1051240827.8946761	0.00041844043880701065	0.0009623917285352945	0.003799918224103749	1.949039869941771e-06	1.0408775210635213e-06	-3.765544533962384e-07
1051240986.7121843	0.0007135691121220589	0.0011010400485247374	0.0036433010827749968	1.8923059883491078e-06	9.736989454722789e-07	-5.592928573605604e-07
1051241145.4705275	0.0010092188604176044	0.0012482916936278343	0.0035303060431033373	1.8576254774416157e-06	9.184640248349751e-07	-7.454066235368373e-07
1051241304.2036474	0.0012715524062514305	0.0013567071873694658	0.0033132280223071575	1.7690591676000622e-06	8.37575157675019e-07	-9.0470939539955e-07
1051241462.8687625	0.0015118690207600594	0.001448681578040123	0.0030758087523281574	1.6692644067006768e-06	7.530688890255988e-07	-1.0493404261069372e-06
1051241621.4507688	0.0018069823272526264	0.0015953087713569403	0.0029611438512802124	1.6337589840986766e-06	6.971140464884229e-07	-1.2367640920274425e-06
1051241779.9376875	0.0020189876668155193	0.001665561692789197	0.0026945217978209257	1.5178827652562177e-06	6.069552682674839e-07	-1.3628780379804084e-06
1051241938.2512411	0.0022766822949051857	0.0017751142149791121	0.002497322391718626	1.4389725038199686e-06	5.314412874213303e-07	-1.5228968095470918e-06
1051242096.3319342	0.0025380714796483517	0.0018844243604689837	0.0022877734154462814	1.3539047358790413e-06	4.5197259623819264e-07	-1.685235702097998e-06
1051242254.1357467	0.002710681641474366	0.0019256939995102584	0.00198703957721591	1.2185471405246062e-06	3.554638396963128e-07	-1.7862871573015582e-06
1051242411.5092219	0.0028565246611833572	0.0019494139705784619	0.001674384344369173	1.0756011761259288e-06	2.5787642243813025e-07	-1.8702646684687352e-06
1051242568.3226599	0.0029872534796595573	0.0019641706603579223	0.0013599670492112637	9.306506854045438e-07	1.608690354260034e-07	-1.9451817934168503e-06
1051242724.309138	0.0031745072919875383	0.002016069818637334	0.0010711564682424068	8.009517387108644e-07	6.528750873258105e-08	-2.058333848253824e-06
1051242868.3197156	0.003323594108223915	0.002046264096861705	0.0007827775552868843	6.688392204523552e-07	-2.699653123272583e-08	-2.1469302282639546e-06
1051243021.9292899	0.003375310101546347	0.0020109599572606385	0.00044232327491045	5.053550466982415e-07	-1.2502403023972875e-07	-2.171641199311125e-06
1051243171.7758617	0.0034802715526893735	0.0020090379402972758	0.00011755945160984993	3.518075573083479e-07	-2.2408812583307736e-07	-2.231590769952163e-06
1051243313.8352985	0.0035223036829847842	0.001972408499568701	-0.0002008248120546341	1.9746039470192045e-07	-3.159984771627933e-07	-2.2515625026642283e-06
1051243439.081906	0.003550309662387008	0.0019344203174114227	-0.00048429425805807114	5.9052354117739014e-08	-3.9729570744384546e-07	-2.2635828997863428e-06
1051243568.0490615	0.0035964596027042717	0.0019036473240703344	-0.0007842653430998325	-8.717961463844404e-08	-4.852126949117519e-07	-2.286917151650414e-06
1051243728.2418275	0.003497057768981904	0.0017813070444390178	-0.001128779724240303	-2.6431916921865195e-07	-5.73080001231574e-07	-2.2173323941387935e-06
1051243888.0031139	0.0034323318395763636	0.001678166096098721	-0.0014764177612960339	-4.4224861994734965e-07	-6.656258619841537e-07	-2.1699478338632616e-06
1051244047.4181693	0.00333034829236567	0.0015566416550427675	-0.001808906439691782	-6.157220013847109e-07	-7.512431920986273e-07	-2.099531684507383e-06
1051244206.4147078	0.003192962147295475	0.0014188254717737436	-0.0021208240650594234	-7.81976496000425e-07	-8.286011734526255e-07	-2.0073754285476753e-06
1051244364.9462439	0.0030449407640844584	0.0012766621075570583	-0.0024236845783889294	-9.454440714762313e-07	-9.031061836139997e-07	-1.908598619593249e-06
1051244522.9462111	0.0029221370350569487	0.0011442170944064856	-0.002751106396317482	-1.1209697277081432e-06	-9.872626378637506e-07	-1.8243658814753871e-06
1051244680.3647575	0.002746155019849539	0.0009884543251246214	-0.0030415686778724194	-1.2820555639336817e-06	-1.0569344226496469e-06	-1.7073514300136594e-06
1051244836.996677	0.0025396759156137705	0.0008204013574868441	-0.0033051460050046444	-1.4324559742817655e-06	-1.1169025810886524e-06	-1.5713990251242649e-06
1051244992.6345392	0.0022979939822107553	0.0006403345614671707	-0.0035262831952422857	-1.564568833600788e-06	-1.1623626505752327e-06	-1.4140782695903908e-06
1051245146.9996984	0.0020539038814604282	0.00045954971574246883	-0.0037439740262925625	-1.6960150333034107e-06	-1.206989026059091e-06	-1.254387598237372e-06
1051245299.4382138	0.001761135645210743	0.0002683924976736307	-0.0038702047895640135	-1.7850724134405027e-06	-1.2220974383581051e-06	-1.0667413334886078e-06
1051245448.6419545	0.0015157866291701794	8.728797547519207e-05	-0.004085800843313336	-1.916905489451892e-06	-1.2663709867410944e-06	-9.04038415683317e-07
1051245560.8296987	0.0013052551075816154	-5.5297976359725e-05	-0.004203484742902219	-1.9955868992838077e-06	-1.2850963280186534e-06	-7.664973509236006e-07
1051245684.7311684	0.0010341405868530273	-0.0002127508632838726	-0.0042176180286332965	-2.026834124535526e-06	-1.2701788136837422e-06	-5.944784788880497e-07
1051245838.8982472	0.0007102303206920624	-0.00040611112490296364	-0.004262054164428264	-2.0789845507351856e-06	-1.2602949084339343e-06	-3.8622465581283905e-07
1051245989.9067504	0.0003991052508354187	-0.0006021950393915176	-0.004359125712653622	-2.1570515400526347e-06	-1.266019523882278e-06	-1.8225409803562798e-07
1051246137.2607183	7.749861106276512e-05	-0.0007836895529180765	-0.0043481517932377756	-2.181225212893878e-06	-1.2404246945152408e-06	2.464207682351116e-08
1051246275.7111558	-0.00022478308528661728	-0.0009425065945833921	-0.004276013933122158	-2.1728171120116713e-06	-1.1989420158897701e-06	2.1729647414758801e-07
1051246410.5680747	-0.0005202083848416805	-0.0011072664055973291	-0.004255641018971801	-2.1898253521612787e-06	-1.1721242003659427e-06	4.09131189371692e-07
1051246440.0	-0.000584654975682497	-0.0011416443157941103	-0.004242983879521489	-2.1893793302751874e-06	-1.1639535273388901e-06	4.5070578380546067e-07
